/*--------------------------------*- C++ -*----------------------------------*\
  =========                 |
  \\      /  F ield         | OpenFOAM: The Open Source CFD Toolbox
   \\    /   O peration     | Website:  https://openfoam.org
    \\  /    A nd           | Version:  8
     \\/     M anipulation  |
\*---------------------------------------------------------------------------*/
FoamFile
{
    version     2.0;
    format      ascii;
    class       volScalarField;
    location    "15";
    object      nu1;
}
// * * * * * * * * * * * * * * * * * * * * * * * * * * * * * * * * * * * * * //

dimensions      [0 2 -1 0 0 0 0];

internalField   nonuniform List<scalar> 
3000
(
0.00211547
0.00211546
0.00211547
0.00211547
0.00211547
0.00211547
0.00211547
0.00211547
0.00211547
0.00211547
0.00211547
0.00211547
0.00211547
0.00211547
0.00211547
0.00211547
0.00211547
0.00211547
0.00211547
0.00211547
0.00211547
0.00211547
0.00211547
0.00211547
0.00211547
0.00211547
0.00211547
0.00211547
0.00211547
0.00211547
0.00211547
0.00211547
0.00211547
0.00211547
0.00211547
0.00211547
0.00211547
0.00211547
0.00211547
0.00211547
0.00211547
0.00211547
0.00211547
0.00211547
0.00211547
0.00211547
0.00211547
0.00211547
0.00211546
0.00211547
0.004958
0.004958
0.004958
0.004958
0.004958
0.004958
0.004958
0.004958
0.004958
0.004958
0.004958
0.004958
0.004958
0.004958
0.004958
0.004958
0.004958
0.004958
0.004958
0.004958
0.004958
0.004958
0.004958
0.004958
0.004958
0.004958
0.004958
0.004958
0.004958
0.004958
0.004958
0.004958
0.004958
0.004958
0.004958
0.004958
0.004958
0.004958
0.004958
0.004958
0.004958
0.004958
0.004958
0.004958
0.004958
0.004958
0.004958
0.004958
0.004958
0.004958
0.004958
0.004958
0.004958
0.004958
0.004958
0.004958
0.004958
0.004958
0.004958
0.004958
0.004958
0.004958
0.004958
0.004958
0.004958
0.004958
0.004958
0.004958
0.004958
0.004958
0.004958
0.004958
0.004958
0.004958
0.004958
0.004958
0.004958
0.004958
0.004958
0.004958
0.004958
0.004958
0.004958
0.004958
0.004958
0.004958
0.004958
0.004958
0.004958
0.004958
0.004958
0.004958
0.004958
0.004958
0.004958
0.004958
0.004958
0.004958
0.004958
0.004958
0.004958
0.004958
0.004958
0.004958
0.004958
0.004958
0.004958
0.004958
0.004958
0.004958
0.004958
0.004958
0.004958
0.004958
0.004958
0.004958
0.004958
0.004958
0.004958
0.004958
0.004958
0.004958
0.004958
0.004958
0.004958
0.004958
0.004958
0.004958
0.004958
0.004958
0.004958
0.004958
0.004958
0.004958
0.004958
0.004958
0.004958
0.004958
0.004958
0.004958
0.004958
0.004958
0.004958
0.004958
0.004958
0.004958
0.004958
0.004958
0.004958
0.004958
0.004958
0.004958
0.004958
0.004958
0.004958
0.004958
0.004958
0.004958
0.004958
0.004958
0.004958
0.004958
0.004958
0.004958
0.004958
0.004958
0.004958
0.004958
0.004958
0.004958
0.004958
0.004958
0.004958
0.004958
0.004958
0.004958
0.004958
0.004958
0.004958
0.004958
0.004958
0.004958
0.004958
0.004958
0.004958
0.004958
0.004958
0.004958
0.004958
0.004958
0.004958
0.004958
0.004958
0.004958
0.004958
0.004958
0.004958
0.004958
0.004958
0.004958
0.004958
0.004958
0.004958
0.004958
0.004958
0.004958
0.004958
0.004958
0.004958
0.004958
0.004958
0.004958
0.004958
0.004958
0.004958
0.004958
0.004958
0.004958
0.004958
0.004958
0.004958
0.004958
0.004958
0.004958
0.004958
0.004958
0.004958
0.004958
0.004958
0.004958
0.004958
0.004958
0.004958
0.004958
0.004958
0.004958
0.004958
0.004958
0.004958
0.004958
0.004958
0.004958
0.004958
0.004958
0.004958
0.004958
0.004958
0.004958
0.004958
0.004958
0.004958
0.004958
0.004958
0.004958
0.004958
0.004958
0.004958
0.004958
0.004958
0.004958
0.004958
0.004958
0.004958
0.004958
0.004958
0.004958
0.004958
0.004958
0.004958
0.004958
0.004958
0.004958
0.004958
0.004958
0.004958
0.004958
0.004958
0.004958
0.004958
0.004958
0.004958
0.004958
0.004958
0.004958
0.004958
0.004958
0.004958
0.004958
0.004958
0.004958
0.004958
0.004958
0.004958
0.004958
0.004958
0.004958
0.004958
0.004958
0.004958
0.004958
0.004958
0.004958
0.004958
0.004958
0.004958
0.004958
0.004958
0.004958
0.004958
0.004958
0.004958
0.004958
0.004958
0.004958
0.004958
0.004958
0.004958
0.004958
0.004958
0.004958
0.004958
0.004958
0.004958
0.004958
0.004958
0.004958
0.004958
0.004958
0.004958
0.004958
0.004958
0.004958
0.004958
0.004958
0.004958
0.004958
0.004958
0.004958
0.004958
0.004958
0.004958
0.004958
0.004958
0.004958
0.004958
0.004958
0.004958
0.004958
0.004958
0.004958
0.004958
0.004958
0.004958
0.004958
0.004958
0.004958
0.004958
0.004958
0.004958
0.004958
0.004958
0.004958
0.004958
0.004958
0.004958
0.004958
0.004958
0.004958
0.004958
0.004958
0.004958
0.004958
0.004958
0.004958
0.004958
0.004958
0.004958
0.004958
0.004958
0.004958
0.004958
0.004958
0.004958
0.004958
0.004958
0.004958
0.004958
0.004958
0.004958
0.004958
0.004958
0.004958
0.004958
0.004958
0.004958
0.004958
0.004958
0.004958
0.004958
0.004958
0.004958
0.004958
0.004958
0.004958
0.004958
0.004958
0.004958
0.004958
0.004958
0.004958
0.004958
0.004958
0.004958
0.004958
0.004958
0.004958
0.004958
0.004958
0.004958
0.004958
0.004958
0.004958
0.004958
0.004958
0.004958
0.004958
0.004958
0.004958
0.004958
0.004958
0.004958
0.004958
0.004958
0.004958
0.004958
0.004958
0.004958
0.004958
0.004958
0.004958
0.004958
0.004958
0.004958
0.004958
0.004958
0.004958
0.004958
0.004958
0.004958
0.004958
0.004958
0.004958
0.004958
0.004958
0.004958
0.004958
0.004958
0.004958
0.004958
0.004958
0.004958
0.004958
0.004958
0.004958
0.004958
0.004958
0.004958
0.004958
0.004958
0.004958
0.004958
0.004958
0.004958
0.004958
0.004958
0.004958
0.004958
0.004958
0.004958
0.004958
0.004958
0.004958
0.004958
0.004958
0.004958
0.004958
0.004958
0.004958
0.004958
0.004958
0.004958
0.004958
0.004958
0.004958
0.004958
0.004958
0.004958
0.004958
0.004958
0.004958
0.004958
0.004958
0.004958
0.004958
0.004958
0.004958
0.004958
0.004958
0.004958
0.004958
0.004958
0.004958
0.004958
0.004958
0.004958
0.004958
0.004958
0.004958
0.004958
0.004958
0.004958
0.004958
0.004958
0.004958
0.004958
0.004958
0.004958
0.004958
0.004958
0.004958
0.004958
0.004958
0.004958
0.004958
0.004958
0.004958
0.004958
0.004958
0.004958
0.004958
0.004958
0.004958
0.004958
0.004958
0.004958
0.004958
0.004958
0.004958
0.004958
0.004958
0.004958
0.004958
0.004958
0.004958
0.004958
0.004958
0.004958
0.004958
0.004958
0.004958
0.004958
0.004958
0.004958
0.004958
0.004958
0.004958
0.004958
0.004958
0.004958
0.004958
0.004958
0.004958
0.004958
0.004958
0.004958
0.004958
0.004958
0.004958
0.004958
0.004958
0.004958
0.004958
0.004958
0.004958
0.004958
0.004958
0.004958
0.004958
0.004958
0.004958
0.004958
0.004958
0.004958
0.004958
0.004958
0.004958
0.004958
0.004958
0.004958
0.004958
0.004958
0.004958
0.004958
0.004958
0.004958
0.004958
0.004958
0.004958
0.004958
0.004958
0.004958
0.004958
0.004958
0.004958
0.004958
0.004958
0.004958
0.004958
0.004958
0.004958
0.004958
0.004958
0.004958
0.004958
0.004958
0.004958
0.004958
0.004958
0.004958
0.004958
0.004958
0.004958
0.004958
0.004958
0.004958
0.004958
0.004958
0.004958
0.004958
0.004958
0.004958
0.004958
0.004958
0.004958
0.004958
0.004958
0.004958
0.004958
0.004958
0.004958
0.004958
0.004958
0.004958
0.004958
0.004958
0.004958
0.004958
0.004958
0.004958
0.004958
0.004958
0.004958
0.004958
0.004958
0.004958
0.004958
0.004958
0.004958
0.004958
0.004958
0.004958
0.004958
0.004958
0.004958
0.004958
0.004958
0.004958
0.004958
0.004958
0.004958
0.004958
0.004958
0.004958
0.004958
0.004958
0.004958
0.004958
0.004958
0.004958
0.004958
0.004958
0.004958
0.004958
0.004958
0.004958
0.004958
0.004958
0.004958
0.004958
0.004958
0.004958
0.004958
0.004958
0.004958
0.004958
0.004958
0.004958
0.004958
0.004958
0.004958
0.004958
0.004958
0.004958
0.004958
0.004958
0.004958
0.004958
0.004958
0.004958
0.004958
0.004958
0.004958
0.004958
0.004958
0.004958
0.004958
0.004958
0.004958
0.004958
0.004958
0.004958
0.004958
0.004958
0.004958
0.004958
0.004958
0.004958
0.004958
0.004958
0.004958
0.004958
0.004958
0.004958
0.004958
0.004958
0.004958
0.004958
0.004958
0.004958
0.004958
0.004958
0.004958
0.004958
0.004958
0.004958
0.004958
0.004958
0.004958
0.004958
0.004958
0.004958
0.004958
0.004958
0.004958
0.004958
0.004958
0.004958
0.004958
0.004958
0.004958
0.004958
0.004958
0.004958
0.004958
0.004958
0.004958
0.004958
0.004958
0.004958
0.004958
0.004958
0.004958
0.004958
0.004958
0.004958
0.004958
0.004958
0.004958
0.004958
0.004958
0.004958
0.004958
0.004958
0.004958
0.004958
0.004958
0.004958
0.004958
0.004958
0.004958
0.004958
0.004958
0.004958
0.004958
0.004958
0.004958
0.004958
0.004958
0.004958
0.004958
0.004958
0.004958
0.004958
0.004958
0.004958
0.004958
0.004958
0.004958
0.004958
0.004958
0.004958
0.004958
0.004958
0.004958
0.004958
0.004958
0.004958
0.004958
0.004958
0.004958
0.004958
0.004958
0.004958
0.004958
0.004958
0.004958
0.004958
0.004958
0.004958
0.004958
0.004958
0.004958
0.004958
0.004958
0.004958
0.004958
0.004958
0.004958
0.004958
0.004958
0.004958
0.004958
0.004958
0.004958
0.004958
0.004958
0.004958
0.004958
0.004958
0.004958
0.004958
0.004958
0.004958
0.004958
0.004958
0.004958
0.004958
0.004958
0.004958
0.004958
0.004958
0.004958
0.004958
0.004958
0.004958
0.004958
0.004958
0.004958
0.004958
0.004958
0.004958
0.004958
0.004958
0.004958
0.004958
0.004958
0.004958
0.004958
0.004958
0.004958
0.004958
0.004958
0.004958
0.004958
0.004958
0.004958
0.004958
0.004958
0.004958
0.004958
0.004958
0.004958
0.004958
0.004958
0.004958
0.004958
0.004958
0.004958
0.004958
0.004958
0.004958
0.004958
0.004958
0.004958
0.004958
0.004958
0.004958
0.004958
0.004958
0.004958
0.004958
0.004958
0.004958
0.004958
0.004958
0.004958
0.004958
0.004958
0.004958
0.004958
0.004958
0.004958
0.004958
0.004958
0.004958
0.004958
0.004958
0.004958
0.004958
0.004958
0.004958
0.004958
0.004958
0.004958
0.004958
0.004958
0.004958
0.004958
0.004958
0.004958
0.004958
0.004958
0.004958
0.004958
0.004958
0.004958
0.004958
0.004958
0.004958
0.004958
0.004958
0.004958
0.004958
0.004958
0.004958
0.004958
0.004958
0.004958
0.004958
0.004958
0.004958
0.004958
0.004958
0.004958
0.004958
0.004958
0.004958
0.004958
0.004958
0.004958
0.004958
0.004958
0.004958
0.004958
0.004958
0.004958
0.004958
0.004958
0.004958
0.004958
0.004958
0.004958
0.004958
0.004958
0.004958
0.004958
0.004958
0.004958
0.004958
0.004958
0.004958
0.004958
0.004958
0.004958
0.004958
0.004958
0.004958
0.004958
0.004958
0.004958
0.004958
0.004958
0.004958
0.004958
0.004958
0.004958
0.004958
0.004958
0.004958
0.004958
0.004958
0.004958
0.004958
0.004958
0.004958
0.004958
0.004958
0.004958
0.004958
0.004958
0.004958
0.004958
0.004958
0.004958
0.004958
0.004958
0.004958
0.004958
0.004958
0.004958
0.004958
0.004958
0.004958
0.004958
0.004958
0.004958
0.004958
0.004958
0.004958
0.004958
0.004958
0.004958
0.004958
0.004958
0.004958
0.004958
0.004958
0.004958
0.004958
0.004958
0.004958
0.004958
0.004958
0.004958
0.004958
0.004958
0.004958
0.004958
0.004958
0.004958
0.004958
0.004958
0.004958
0.004958
0.004958
0.004958
0.004958
0.004958
0.004958
0.004958
0.004958
0.004958
0.004958
0.004958
0.004958
0.004958
0.004958
0.004958
0.004958
0.004958
0.004958
0.004958
0.004958
0.004958
0.004958
0.004958
0.004958
0.004958
0.004958
0.004958
0.004958
0.004958
0.004958
0.004958
0.004958
0.004958
0.004958
0.004958
0.004958
0.004958
0.004958
0.004958
0.004958
0.004958
0.004958
0.004958
0.004958
0.004958
0.004958
0.004958
0.004958
0.004958
0.004958
0.004958
0.004958
0.004958
0.004958
0.004958
0.004958
0.004958
0.004958
0.004958
0.004958
0.004958
0.004958
0.004958
0.004958
0.004958
0.004958
0.004958
0.004958
0.004958
0.004958
0.004958
0.004958
0.004958
0.004958
0.004958
0.004958
0.004958
0.004958
0.004958
0.004958
0.004958
0.004958
0.004958
0.004958
0.004958
0.004958
0.004958
0.004958
0.004958
0.004958
0.004958
0.004958
0.004958
0.004958
0.004958
0.004958
0.004958
0.004958
0.004958
0.004958
0.004958
0.004958
0.004958
0.004958
0.004958
0.004958
0.004958
0.004958
0.004958
0.004958
0.004958
0.004958
0.004958
0.004958
0.004958
0.004958
0.004958
0.004958
0.004958
0.004958
0.004958
0.004958
0.004958
0.004958
0.004958
0.004958
0.004958
0.00334837
0.00334837
0.00334833
0.00334829
0.00334824
0.0033482
0.00334817
0.00334813
0.0033481
0.00334807
0.00334805
0.00334802
0.003348
0.00334798
0.00334796
0.00334794
0.00334793
0.00334791
0.0033479
0.00334789
0.00334789
0.00334788
0.00334787
0.00334787
0.00334787
0.00334787
0.00334787
0.00334788
0.00334788
0.00334789
0.0033479
0.00334791
0.00334792
0.00334793
0.00334795
0.00334796
0.00334798
0.003348
0.00334803
0.00334805
0.00334808
0.00334811
0.00334814
0.00334817
0.00334821
0.00334825
0.00334829
0.00334833
0.00334838
0.00334839
0.00334519
0.00334514
0.00334509
0.00334505
0.00334501
0.00334497
0.00334493
0.0033449
0.00334487
0.00334484
0.00334481
0.00334478
0.00334476
0.00334474
0.00334472
0.0033447
0.00334469
0.00334468
0.00334466
0.00334465
0.00334465
0.00334464
0.00334464
0.00334463
0.00334463
0.00334463
0.00334463
0.00334464
0.00334464
0.00334465
0.00334466
0.00334467
0.00334468
0.00334469
0.00334471
0.00334472
0.00334474
0.00334477
0.00334479
0.00334481
0.00334484
0.00334487
0.0033449
0.00334494
0.00334497
0.00334501
0.00334505
0.00334509
0.00334514
0.00334517
0.004958
0.004958
0.004958
0.004958
0.004958
0.004958
0.004958
0.004958
0.004958
0.004958
0.004958
0.004958
0.004958
0.004958
0.004958
0.004958
0.004958
0.004958
0.004958
0.004958
0.004958
0.004958
0.004958
0.004958
0.004958
0.004958
0.004958
0.004958
0.004958
0.004958
0.004958
0.004958
0.004958
0.004958
0.004958
0.004958
0.004958
0.004958
0.004958
0.004958
0.004958
0.004958
0.004958
0.004958
0.004958
0.004958
0.004958
0.004958
0.004958
0.004958
0.004958
0.004958
0.004958
0.004958
0.004958
0.004958
0.004958
0.004958
0.004958
0.004958
0.004958
0.004958
0.004958
0.004958
0.004958
0.004958
0.004958
0.004958
0.004958
0.004958
0.004958
0.004958
0.004958
0.004958
0.004958
0.004958
0.004958
0.004958
0.004958
0.004958
0.004958
0.004958
0.004958
0.004958
0.004958
0.004958
0.004958
0.004958
0.004958
0.004958
0.004958
0.004958
0.004958
0.004958
0.004958
0.004958
0.004958
0.004958
0.004958
0.004958
0.004958
0.004958
0.004958
0.004958
0.004958
0.004958
0.004958
0.004958
0.004958
0.004958
0.004958
0.004958
0.004958
0.004958
0.004958
0.004958
0.004958
0.004958
0.004958
0.004958
0.004958
0.004958
0.004958
0.004958
0.004958
0.004958
0.004958
0.004958
0.004958
0.004958
0.004958
0.004958
0.004958
0.004958
0.004958
0.004958
0.004958
0.004958
0.004958
0.004958
0.004958
0.004958
0.004958
0.004958
0.004958
0.004958
0.004958
0.004958
0.004958
0.004958
0.004958
0.004958
0.004958
0.004958
0.004958
0.004958
0.004958
0.004958
0.004958
0.004958
0.004958
0.004958
0.004958
0.004958
0.004958
0.004958
0.004958
0.004958
0.004958
0.004958
0.004958
0.004958
0.004958
0.004958
0.004958
0.004958
0.004958
0.004958
0.004958
0.004958
0.004958
0.004958
0.004958
0.004958
0.004958
0.004958
0.004958
0.004958
0.004958
0.004958
0.004958
0.004958
0.004958
0.004958
0.004958
0.004958
0.004958
0.004958
0.004958
0.004958
0.004958
0.004958
0.004958
0.004958
0.004958
0.004958
0.004958
0.004958
0.004958
0.004958
0.004958
0.004958
0.004958
0.004958
0.004958
0.004958
0.004958
0.004958
0.004958
0.004958
0.004958
0.004958
0.004958
0.004958
0.004958
0.004958
0.004958
0.004958
0.004958
0.004958
0.004958
0.004958
0.004958
0.004958
0.004958
0.004958
0.004958
0.004958
0.004958
0.004958
0.004958
0.004958
0.004958
0.004958
0.004958
0.004958
0.004958
0.004958
0.004958
0.004958
0.004958
0.004958
0.004958
0.004958
0.004958
0.004958
0.004958
0.004958
0.004958
0.004958
0.004958
0.004958
0.004958
0.004958
0.004958
0.004958
0.004958
0.004958
0.004958
0.004958
0.004958
0.004958
0.004958
0.004958
0.004958
0.004958
0.004958
0.004958
0.004958
0.004958
0.004958
0.004958
0.004958
0.004958
0.004958
0.004958
0.004958
0.004958
0.004958
0.004958
0.004958
0.004958
0.004958
0.004958
0.004958
0.004958
0.004958
0.004958
0.004958
0.004958
0.004958
0.004958
0.004958
0.004958
0.004958
0.004958
0.004958
0.004958
0.004958
0.004958
0.004958
0.004958
0.004958
0.004958
0.004958
0.004958
0.004958
0.004958
0.004958
0.004958
0.004958
0.004958
0.004958
0.004958
0.004958
0.004958
0.004958
0.004958
0.004958
0.004958
0.004958
0.004958
0.004958
0.004958
0.004958
0.004958
0.004958
0.004958
0.004958
0.004958
0.004958
0.004958
0.004958
0.004958
0.004958
0.004958
0.004958
0.004958
0.004958
0.004958
0.004958
0.004958
0.004958
0.004958
0.004958
0.004958
0.004958
0.004958
0.004958
0.004958
0.004958
0.004958
0.004958
0.004958
0.004958
0.004958
0.004958
0.004958
0.004958
0.004958
0.004958
0.004958
0.004958
0.004958
0.004958
0.004958
0.004958
0.004958
0.004958
0.004958
0.004958
0.004958
0.004958
0.004958
0.004958
0.004958
0.004958
0.004958
0.004958
0.004958
0.004958
0.004958
0.004958
0.004958
0.004958
0.004958
0.004958
0.004958
0.004958
0.004958
0.004958
0.004958
0.004958
0.004958
0.004958
0.004958
0.004958
0.004958
0.004958
0.004958
0.004958
0.004958
0.004958
0.004958
0.004958
0.004958
0.004958
0.004958
0.004958
0.004958
0.004958
0.004958
0.004958
0.004958
0.004958
0.004958
0.004958
0.004958
0.004958
0.004958
0.004958
0.004958
0.004958
0.004958
0.004958
0.004958
0.004958
0.004958
0.004958
0.004958
0.004958
0.004958
0.004958
0.004958
0.004958
0.004958
0.004958
0.004958
0.004958
0.004958
0.004958
0.004958
0.004958
0.004958
0.004958
0.004958
0.004958
0.004958
0.004958
0.004958
0.004958
0.004958
0.004958
0.004958
0.004958
0.004958
0.004958
0.004958
0.004958
0.004958
0.004958
0.004958
0.004958
0.004958
0.004958
0.004958
0.004958
0.004958
0.004958
0.004958
0.004958
0.004958
0.004958
0.004958
0.004958
0.004958
0.004958
0.004958
0.004958
0.004958
0.004958
0.004958
0.004958
0.004958
0.004958
0.004958
0.004958
0.004958
0.004958
0.004958
0.004958
0.004958
0.004958
0.004958
0.004958
0.004958
0.004958
0.004958
0.004958
0.004958
0.004958
0.004958
0.004958
0.004958
0.004958
0.004958
0.004958
0.004958
0.004958
0.004958
0.004958
0.004958
0.004958
0.004958
0.004958
0.004958
0.004958
0.004958
0.004958
0.004958
0.004958
0.004958
0.004958
0.004958
0.004958
0.004958
0.004958
0.004958
0.004958
0.004958
0.004958
0.004958
0.004958
0.004958
0.004958
0.004958
0.004958
0.004958
0.004958
0.004958
0.004958
0.004958
0.004958
0.004958
0.004958
0.004958
0.004958
0.004958
0.004958
0.004958
0.004958
0.004958
0.004958
0.004958
0.004958
0.004958
0.004958
0.004958
0.004958
0.004958
0.004958
0.004958
0.004958
0.004958
0.004958
0.004958
0.004958
0.004958
0.004958
0.004958
0.004958
0.004958
0.004958
0.004958
0.004958
0.004958
0.004958
0.004958
0.004958
0.004958
0.004958
0.004958
0.004958
0.004958
0.004958
0.004958
0.004958
0.004958
0.004958
0.004958
0.004958
0.004958
0.004958
0.004958
0.004958
0.004958
0.004958
0.004958
0.004958
0.004958
0.004958
0.004958
0.004958
0.004958
0.004958
0.004958
0.004958
0.004958
0.004958
0.004958
0.004958
0.004958
0.004958
0.004958
0.004958
0.004958
0.004958
0.004958
0.004958
0.004958
0.004958
0.004958
0.004958
0.004958
0.004958
0.004958
0.004958
0.004958
0.004958
0.004958
0.004958
0.004958
0.004958
0.004958
0.004958
0.004958
0.004958
0.004958
0.004958
0.004958
0.004958
0.004958
0.004958
0.004958
0.004958
0.004958
0.004958
0.004958
0.004958
0.004958
0.004958
0.004958
0.004958
0.004958
0.004958
0.004958
0.004958
0.004958
0.004958
0.004958
0.004958
0.004958
0.004958
0.004958
0.004958
0.004958
0.004958
0.004958
0.004958
0.004958
0.004958
0.004958
0.004958
0.004958
0.004958
0.004958
0.004958
0.004958
0.004958
0.004958
0.004958
0.004958
0.004958
0.004958
0.004958
0.004958
0.004958
0.004958
0.004958
0.004958
0.004958
0.004958
0.004958
0.004958
0.004958
0.004958
0.004958
0.004958
0.004958
0.004958
0.004958
0.004958
0.004958
0.004958
0.004958
0.004958
0.004958
0.004958
0.004958
0.004958
0.004958
0.004958
0.004958
0.004958
0.004958
0.004958
0.004958
0.004958
0.004958
0.004958
0.004958
0.004958
0.004958
0.004958
0.004958
0.004958
0.004958
0.004958
0.004958
0.004958
0.004958
0.004958
0.004958
0.004958
0.004958
0.004958
0.004958
0.004958
0.004958
0.004958
0.004958
0.004958
0.004958
0.004958
0.004958
0.004958
0.004958
0.004958
0.004958
0.004958
0.004958
0.004958
0.004958
0.004958
0.004958
0.004958
0.004958
0.004958
0.004958
0.004958
0.004958
0.004958
0.004958
0.004958
0.004958
0.004958
0.004958
0.004958
0.004958
0.004958
0.004958
0.004958
0.004958
0.004958
0.004958
0.004958
0.004958
0.004958
0.004958
0.004958
0.004958
0.004958
0.004958
0.004958
0.004958
0.004958
0.004958
0.004958
0.004958
0.004958
0.004958
0.004958
0.004958
0.004958
0.004958
0.004958
0.004958
0.004958
0.004958
0.004958
0.004958
0.004958
0.004958
0.004958
0.004958
0.004958
0.004958
0.004958
0.004958
0.004958
0.004958
0.004958
0.004958
0.004958
0.004958
0.004958
0.004958
0.004958
0.004958
0.004958
0.004958
0.004958
0.004958
0.004958
0.004958
0.004958
0.004958
0.004958
0.004958
0.004958
0.004958
0.004958
0.004958
0.004958
0.004958
0.004958
0.004958
0.004958
0.004958
0.004958
0.004958
0.004958
0.004958
0.004958
0.004958
0.004958
0.004958
0.004958
0.004958
0.004958
0.004958
0.004958
0.004958
0.004958
0.004958
0.004958
0.004958
0.004958
0.004958
0.004958
0.004958
0.004958
0.004958
0.004958
0.004958
0.004958
0.004958
0.004958
0.004958
0.004958
0.004958
0.004958
0.004958
0.004958
0.004958
0.004958
0.004958
0.004958
0.004958
0.004958
0.004958
0.004958
0.004958
0.004958
0.004958
0.004958
0.004958
0.004958
0.004958
0.004958
0.004958
0.004958
0.004958
0.004958
0.004958
0.004958
0.004958
0.004958
0.004958
0.004958
0.004958
0.004958
0.004958
0.004958
0.004958
0.004958
0.004958
0.004958
0.004958
0.004958
0.004958
0.004958
0.004958
0.004958
0.004958
0.004958
0.004958
0.004958
0.004958
0.004958
0.004958
0.004958
0.004958
0.004958
0.004958
0.004958
0.004958
0.004958
0.004958
0.004958
0.004958
0.004958
0.004958
0.004958
0.004958
0.004958
0.004958
0.004958
0.004958
0.004958
0.004958
0.004958
0.004958
0.004958
0.004958
0.004958
0.004958
0.004958
0.004958
0.004958
0.004958
0.004958
0.004958
0.004958
0.004958
0.004958
0.004958
0.004958
0.004958
0.004958
0.004958
0.004958
0.004958
0.004958
0.004958
0.004958
0.004958
0.004958
0.004958
0.004958
0.004958
0.004958
0.004958
0.004958
0.004958
0.004958
0.004958
0.004958
0.004958
0.004958
0.004958
0.004958
0.004958
0.004958
0.004958
0.004958
0.004958
0.004958
0.004958
0.004958
0.004958
0.004958
0.004958
0.004958
0.004958
0.004958
0.004958
0.004958
0.004958
0.004958
0.004958
0.004958
0.004958
0.004958
0.004958
0.004958
0.004958
0.004958
0.004958
0.004958
0.004958
0.004958
0.004958
0.004958
0.004958
0.004958
0.004958
0.004958
0.004958
0.004958
0.004958
0.004958
0.004958
0.004958
0.004958
0.004958
0.004958
0.004958
0.004958
0.004958
0.004958
0.004958
0.004958
0.004958
0.004958
0.004958
0.004958
0.004958
0.004958
0.004958
0.004958
0.004958
0.004958
0.004958
0.004958
0.004958
0.004958
0.004958
0.004958
0.004958
0.004958
0.004958
0.004958
0.004958
0.004958
0.004958
0.004958
0.004958
0.004958
0.004958
0.004958
0.004958
0.004958
0.004958
0.004958
0.004958
0.004958
0.004958
0.004958
0.004958
0.004958
0.004958
0.004958
0.004958
0.004958
0.004958
0.004958
0.004958
0.004958
0.004958
0.004958
0.004958
0.004958
0.004958
0.004958
0.004958
0.004958
0.004958
0.004958
0.004958
0.004958
0.004958
0.004958
0.004958
0.004958
0.004958
0.004958
0.004958
0.004958
0.004958
0.004958
0.004958
0.004958
0.004958
0.004958
0.004958
0.004958
0.004958
0.004958
0.004958
0.004958
0.004958
0.004958
0.004958
0.004958
0.004958
0.004958
0.004958
0.004958
0.004958
0.004958
0.004958
0.004958
0.004958
0.004958
0.004958
0.004958
0.004958
0.004958
0.004958
0.004958
0.004958
0.004958
0.004958
0.004958
0.004958
0.004958
0.004958
0.004958
0.004958
0.004958
0.004958
0.004958
0.004958
0.004958
0.004958
0.004958
0.004958
0.004958
0.004958
0.004958
0.004958
0.004958
0.004958
0.004958
0.004958
0.004958
0.004958
0.004958
0.004958
0.004958
0.004958
0.004958
0.004958
0.004958
0.004958
0.004958
0.004958
0.004958
0.004958
0.004958
0.004958
0.004958
0.004958
0.004958
0.004958
0.004958
0.004958
0.004958
0.004958
0.004958
0.004958
0.004958
0.004958
0.004958
0.004958
0.004958
0.004958
0.004958
0.004958
0.004958
0.004958
0.004958
0.004958
0.004958
0.004958
0.004958
0.004958
0.004958
0.004958
0.004958
0.004958
0.004958
0.004958
0.004958
0.004958
0.004958
0.004958
0.004958
0.004958
0.004958
0.004958
0.004958
0.004958
0.004958
0.004958
0.004958
0.004958
0.004958
0.004958
0.004958
0.004958
0.004958
0.004958
0.004958
0.004958
0.004958
0.004958
0.004958
0.004958
0.004958
0.004958
0.004958
0.004958
0.004958
0.004958
0.004958
0.004958
0.004958
0.004958
0.004958
0.004958
0.004958
0.004958
0.004958
0.004958
0.004958
0.004958
0.004958
0.004958
0.004958
0.004958
0.004958
0.004958
0.004958
0.004958
0.004958
0.004958
0.004958
0.004958
0.004958
0.004958
0.004958
0.004958
0.004958
0.004958
0.004958
0.004958
0.004958
0.004958
0.004958
0.004958
0.004958
0.004958
0.004958
0.004958
0.004958
0.004958
0.004958
0.004958
0.004958
0.004958
0.004958
0.004958
0.004958
0.004958
0.004958
0.004958
0.004958
0.004958
0.004958
0.004958
0.004958
0.004958
0.004958
0.004958
0.004958
0.004958
0.004958
0.004958
0.004958
0.004958
0.004958
0.004958
0.004958
0.004958
0.004958
0.004958
0.004958
0.004958
0.004958
0.004958
0.004958
0.004958
0.004958
0.004958
0.004958
0.004958
0.004958
0.004958
0.004958
0.004958
0.004958
0.004958
0.004958
0.004958
0.004958
0.004958
0.004958
0.004958
0.004958
0.004958
0.004958
0.004958
0.004958
0.004958
0.004958
0.004958
0.004958
0.004958
0.004958
0.004958
0.004958
0.004958
0.004958
0.004958
0.004958
0.004958
0.004958
0.004958
0.004958
0.004958
0.004958
0.004958
0.004958
0.004958
0.004958
0.004958
0.004958
0.004958
0.004958
0.004958
0.004958
0.004958
0.004958
0.004958
0.004958
0.004958
0.004958
0.004958
0.004958
0.004958
0.004958
0.004958
0.004958
0.004958
0.004958
0.004958
0.004958
0.004958
0.004958
0.004958
0.004958
0.004958
0.004958
0.004958
0.004958
0.004958
0.004958
0.004958
0.004958
0.004958
0.004958
0.004958
0.004958
0.004958
0.004958
0.004958
0.004958
0.004958
0.004958
0.004958
0.004958
0.004958
0.004958
0.004958
0.004958
0.004958
0.004958
0.004958
0.004958
0.004958
0.004958
0.004958
0.004958
0.004958
0.004958
0.004958
0.004958
0.004958
0.004958
0.004958
0.004958
0.004958
0.004958
0.004958
0.004958
0.004958
0.004958
0.004958
0.004958
0.004958
0.004958
0.004958
0.004958
0.004958
0.004958
0.004958
0.004958
0.004958
0.004958
0.004958
0.004958
0.004958
0.004958
0.004958
0.004958
0.004958
0.004958
0.004958
0.004958
0.004958
0.004958
0.004958
0.004958
0.004958
0.004958
0.004958
0.004958
0.004958
0.004958
0.004958
0.004958
0.004958
0.004958
0.004958
0.004958
0.004958
0.004958
0.004958
0.004958
0.004958
0.004958
0.004958
0.004958
0.004958
0.004958
0.004958
0.004958
0.004958
0.004958
0.004958
0.004958
0.004958
0.004958
0.004958
0.004958
0.004958
0.004958
0.004958
0.004958
0.004958
0.004958
0.004958
0.004958
0.004958
0.004958
0.004958
0.004958
0.004958
0.004958
0.004958
0.004958
0.004958
0.004958
0.004958
0.004958
0.004958
0.004958
0.004958
0.004958
0.004958
0.004958
0.004958
0.004958
0.004958
0.004958
0.004958
0.004958
0.004958
0.004958
0.004958
0.004958
0.004958
0.004958
0.004958
0.004958
0.004958
0.004958
0.004958
0.004958
0.004958
0.004958
0.004958
0.004958
0.004958
0.004958
0.004958
0.004958
0.004958
0.004958
0.004958
0.004958
0.004958
0.004958
0.004958
0.004958
0.004958
0.004958
0.004958
0.004958
0.004958
0.004958
0.004958
0.004958
0.004958
0.004958
0.004958
0.004958
0.004958
0.004958
0.004958
0.004958
0.004958
0.004958
0.004958
0.004958
0.004958
0.004958
0.004958
0.004958
0.004958
0.004958
0.004958
0.004958
0.004958
0.004958
0.004958
0.004958
0.004958
0.004958
0.004958
0.004958
0.004958
0.004958
0.004958
0.004958
0.004958
0.004958
0.004958
0.004958
0.004958
0.004958
0.004958
0.004958
0.004958
0.004958
0.004958
0.004958
0.004958
0.004958
0.004958
0.004958
0.004958
0.004958
0.004958
0.004958
0.004958
0.004958
0.004958
0.004958
0.004958
0.004958
0.004958
0.004958
0.004958
0.004958
0.004958
0.004958
0.004958
0.004958
0.004958
0.004958
0.004958
0.004958
0.004958
0.004958
0.004958
0.004958
0.004958
0.004958
0.004958
0.004958
0.004958
0.004958
0.004958
0.004958
0.004958
0.004958
0.004958
)
;

boundaryField
{
    inlet_water
    {
        type            calculated;
        value           nonuniform List<scalar> 
25
(
0.00211547
0.004958
0.004958
0.004958
0.004958
0.004958
0.004958
0.004958
0.004958
0.004958
0.004958
0.004958
0.004958
0.004958
0.004958
0.004958
0.004958
0.004958
0.004958
0.004958
0.004958
0.004958
0.004958
0.004958
0.004958
)
;
    }
    inlet_air
    {
        type            calculated;
        value           nonuniform List<scalar> 
35
(
0.00334836
0.00334519
0.004958
0.004958
0.004958
0.004958
0.004958
0.004958
0.004958
0.004958
0.004958
0.004958
0.004958
0.004958
0.004958
0.004958
0.004958
0.004958
0.004958
0.004958
0.004958
0.004958
0.004958
0.004958
0.004958
0.004958
0.004958
0.004958
0.004958
0.004958
0.004958
0.004958
0.004958
0.004958
0.004958
)
;
    }
    outlet_water
    {
        type            calculated;
        value           nonuniform List<scalar> 
25
(
0.00211547
0.004958
0.004958
0.004958
0.004958
0.004958
0.004958
0.004958
0.004958
0.004958
0.004958
0.004958
0.004958
0.004958
0.004958
0.004958
0.004958
0.004958
0.004958
0.004958
0.004958
0.004958
0.004958
0.004958
0.004958
)
;
    }
    outlet_air
    {
        type            calculated;
        value           nonuniform List<scalar> 
35
(
0.00334839
0.00334517
0.004958
0.004958
0.004958
0.004958
0.004958
0.004958
0.004958
0.004958
0.004958
0.004958
0.004958
0.004958
0.004958
0.004958
0.004958
0.004958
0.004958
0.004958
0.004958
0.004958
0.004958
0.004958
0.004958
0.004958
0.004958
0.004958
0.004958
0.004958
0.004958
0.004958
0.004958
0.004958
0.004958
)
;
    }
    lowerWall
    {
        type            calculated;
        value           nonuniform List<scalar> 
50
(
0.00142057
0.00142056
0.00142057
0.00142057
0.00142057
0.00142057
0.00142057
0.00142057
0.00142057
0.00142057
0.00142057
0.00142057
0.00142057
0.00142057
0.00142057
0.00142057
0.00142057
0.00142057
0.00142057
0.00142057
0.00142057
0.00142057
0.00142057
0.00142057
0.00142057
0.00142057
0.00142057
0.00142057
0.00142057
0.00142057
0.00142057
0.00142057
0.00142057
0.00142057
0.00142057
0.00142057
0.00142057
0.00142057
0.00142057
0.00142057
0.00142057
0.00142057
0.00142057
0.00142057
0.00142057
0.00142057
0.00142057
0.00142057
0.00142056
0.00142057
)
;
    }
    atmosphere
    {
        type            calculated;
        value           uniform 0.004958;
    }
    defaultFaces
    {
        type            empty;
    }
}


// ************************************************************************* //
