/*--------------------------------*- C++ -*----------------------------------*\
  =========                 |
  \\      /  F ield         | OpenFOAM: The Open Source CFD Toolbox
   \\    /   O peration     | Website:  https://openfoam.org
    \\  /    A nd           | Version:  8
     \\/     M anipulation  |
\*---------------------------------------------------------------------------*/
FoamFile
{
    version     2.0;
    format      ascii;
    class       volScalarField;
    location    "15";
    object      p;
}
// * * * * * * * * * * * * * * * * * * * * * * * * * * * * * * * * * * * * * //

dimensions      [1 -1 -2 0 0 0 0];

internalField   nonuniform List<scalar> 
3000
(
485.814
485.607
485.465
485.365
485.296
485.25
485.22
485.202
485.193
485.19
485.193
485.199
485.209
485.22
485.234
485.248
485.263
485.279
485.295
485.312
485.328
485.345
485.363
485.38
485.397
485.414
485.432
485.449
485.466
485.483
485.5
485.516
485.532
485.548
485.563
485.577
485.591
485.602
485.611
485.618
485.621
485.619
485.61
485.592
485.563
485.517
485.449
485.351
485.21
485.007
466.001
465.795
465.654
465.555
465.487
465.44
465.411
465.393
465.384
465.382
465.385
465.391
465.401
465.412
465.425
465.44
465.455
465.471
465.487
465.504
465.52
465.537
465.555
465.572
465.589
465.606
465.623
465.641
465.658
465.675
465.692
465.708
465.724
465.74
465.755
465.769
465.783
465.794
465.803
465.81
465.813
465.811
465.802
465.785
465.756
465.71
465.643
465.545
465.406
465.204
446.186
445.982
445.843
445.744
445.676
445.631
445.601
445.584
445.575
445.573
445.576
445.583
445.592
445.604
445.617
445.632
445.647
445.663
445.679
445.695
445.712
445.729
445.746
445.764
445.781
445.798
445.815
445.833
445.85
445.867
445.884
445.9
445.916
445.932
445.947
445.962
445.975
445.986
445.996
446.002
446.005
446.003
445.995
445.978
445.949
445.904
445.837
445.741
445.603
445.403
426.367
426.167
426.029
425.932
425.865
425.82
425.792
425.775
425.766
425.764
425.768
425.774
425.784
425.796
425.809
425.823
425.839
425.854
425.871
425.887
425.904
425.921
425.938
425.956
425.973
425.99
426.007
426.025
426.042
426.059
426.076
426.092
426.108
426.124
426.139
426.154
426.167
426.178
426.188
426.195
426.198
426.196
426.188
426.171
426.143
426.099
426.033
425.938
425.803
425.605
406.546
406.349
406.214
406.119
406.053
406.009
405.981
405.965
405.957
405.955
405.959
405.966
405.976
405.987
406.001
406.015
406.03
406.046
406.063
406.079
406.096
406.113
406.13
406.148
406.165
406.182
406.199
406.216
406.234
406.251
406.267
406.284
406.3
406.316
406.331
406.346
406.359
406.371
406.38
406.387
406.391
406.39
406.382
406.366
406.338
406.295
406.231
406.137
406.004
405.81
386.721
386.528
386.396
386.304
386.24
386.197
386.17
386.155
386.147
386.146
386.15
386.157
386.167
386.179
386.192
386.207
386.222
386.238
386.255
386.271
386.288
386.305
386.322
386.339
386.357
386.374
386.391
386.408
386.426
386.443
386.459
386.476
386.492
386.508
386.523
386.538
386.551
386.563
386.573
386.58
386.584
386.583
386.576
386.56
386.534
386.492
386.43
386.338
386.209
386.019
366.893
366.705
366.577
366.487
366.426
366.385
366.359
366.344
366.337
366.337
366.341
366.348
366.358
366.371
366.384
366.399
366.414
366.43
366.446
366.463
366.48
366.497
366.514
366.531
366.549
366.566
366.583
366.6
366.618
366.635
366.651
366.668
366.684
366.7
366.716
366.73
366.744
366.756
366.766
366.773
366.777
366.777
366.77
366.756
366.73
366.69
366.63
366.541
366.415
366.23
347.062
346.88
346.757
346.67
346.611
346.571
346.547
346.533
346.527
346.527
346.532
346.539
346.55
346.562
346.576
346.59
346.606
346.622
346.638
346.655
346.672
346.689
346.706
346.723
346.741
346.758
346.775
346.792
346.81
346.827
346.843
346.86
346.877
346.892
346.908
346.922
346.936
346.948
346.959
346.966
346.971
346.971
346.965
346.952
346.928
346.889
346.831
346.746
346.624
346.445
327.228
327.053
326.934
326.851
326.795
326.757
326.734
326.722
326.716
326.717
326.722
326.73
326.741
326.753
326.767
326.782
326.797
326.814
326.83
326.847
326.864
326.881
326.898
326.915
326.932
326.95
326.967
326.984
327.001
327.019
327.036
327.052
327.069
327.085
327.1
327.115
327.129
327.141
327.151
327.16
327.165
327.165
327.161
327.148
327.125
327.089
327.033
326.952
326.835
326.663
307.391
307.223
307.11
307.031
306.978
306.943
306.921
306.91
306.906
306.907
306.912
306.921
306.932
306.945
306.959
306.974
306.989
307.005
307.022
307.039
307.056
307.073
307.09
307.107
307.124
307.142
307.159
307.176
307.193
307.211
307.228
307.244
307.261
307.277
307.292
307.307
307.321
307.334
307.345
307.353
307.359
307.36
307.356
307.345
307.324
307.29
307.237
307.16
307.048
306.884
287.551
287.392
287.284
287.21
287.16
287.127
287.108
287.098
287.095
287.097
287.103
287.112
287.123
287.136
287.15
287.165
287.181
287.197
287.214
287.23
287.247
287.265
287.282
287.299
287.316
287.334
287.351
287.368
287.385
287.403
287.42
287.436
287.453
287.469
287.485
287.5
287.514
287.527
287.538
287.547
287.553
287.555
287.552
287.542
287.523
287.491
287.442
287.369
287.264
287.107
267.708
267.558
267.457
267.388
267.341
267.312
267.294
267.285
267.283
267.286
267.293
267.302
267.314
267.327
267.341
267.357
267.372
267.389
267.405
267.422
267.439
267.456
267.474
267.491
267.508
267.526
267.543
267.56
267.577
267.595
267.612
267.628
267.645
267.661
267.677
267.692
267.706
267.719
267.731
267.74
267.747
267.75
267.748
267.74
267.723
267.694
267.648
267.58
267.481
267.333
247.863
247.722
247.629
247.565
247.522
247.495
247.48
247.472
247.472
247.475
247.483
247.493
247.505
247.518
247.533
247.548
247.564
247.58
247.597
247.614
247.631
247.648
247.666
247.683
247.7
247.718
247.735
247.752
247.769
247.787
247.804
247.821
247.837
247.853
247.869
247.885
247.899
247.912
247.924
247.934
247.942
247.946
247.945
247.938
247.923
247.897
247.855
247.792
247.7
247.562
228.015
227.885
227.799
227.74
227.702
227.678
227.665
227.659
227.66
227.665
227.673
227.683
227.696
227.709
227.724
227.74
227.756
227.772
227.789
227.806
227.823
227.84
227.857
227.875
227.892
227.909
227.927
227.944
227.961
227.979
227.996
228.013
228.029
228.046
228.062
228.077
228.092
228.105
228.118
228.128
228.136
228.141
228.142
228.137
228.124
228.101
228.063
228.005
227.921
227.793
208.165
208.046
207.968
207.915
207.881
207.86
207.85
207.846
207.848
207.854
207.863
207.874
207.886
207.9
207.915
207.931
207.947
207.964
207.981
207.998
208.015
208.032
208.049
208.067
208.084
208.101
208.119
208.136
208.153
208.171
208.188
208.205
208.222
208.238
208.254
208.27
208.285
208.299
208.311
208.322
208.331
208.337
208.339
208.336
208.326
208.305
208.272
208.22
208.144
208.027
188.313
188.206
188.136
188.089
188.06
188.042
188.034
188.032
188.036
188.043
188.052
188.064
188.077
188.091
188.107
188.123
188.139
188.156
188.172
188.189
188.207
188.224
188.241
188.259
188.276
188.293
188.311
188.328
188.345
188.363
188.38
188.397
188.414
188.43
188.447
188.462
188.477
188.492
188.505
188.517
188.526
188.533
188.537
188.535
188.527
188.511
188.482
188.436
188.368
188.262
168.459
168.364
168.303
168.263
168.238
168.224
168.218
168.219
168.223
168.231
168.242
168.254
168.268
168.282
168.298
168.314
168.33
168.347
168.364
168.381
168.398
168.416
168.433
168.45
168.468
168.485
168.503
168.52
168.537
168.555
168.572
168.589
168.606
168.623
168.639
168.655
168.67
168.685
168.699
168.711
168.721
168.73
168.735
168.735
168.73
168.716
168.692
168.653
168.593
168.5
148.603
148.52
148.469
148.435
148.415
148.405
148.402
148.404
148.411
148.42
148.431
148.444
148.458
148.473
148.489
148.505
148.522
148.539
148.556
148.573
148.59
148.608
148.625
148.642
148.66
148.677
148.695
148.712
148.73
148.747
148.764
148.781
148.798
148.815
148.831
148.848
148.863
148.878
148.892
148.905
148.917
148.926
148.932
148.935
148.932
148.923
148.903
148.87
148.82
148.739
128.745
128.676
128.634
128.607
128.592
128.586
128.586
128.59
128.598
128.608
128.621
128.634
128.649
128.664
128.68
128.697
128.714
128.73
128.748
128.765
128.782
128.8
128.817
128.834
128.852
128.869
128.887
128.904
128.921
128.939
128.956
128.973
128.99
129.007
129.024
129.04
129.056
129.072
129.086
129.1
129.112
129.123
129.131
129.135
129.135
129.129
129.115
129.089
129.048
128.98
108.886
108.831
108.798
108.779
108.769
108.766
108.769
108.776
108.785
108.797
108.81
108.824
108.839
108.855
108.872
108.888
108.905
108.922
108.939
108.957
108.974
108.991
109.009
109.026
109.044
109.061
109.079
109.096
109.114
109.131
109.148
109.166
109.183
109.2
109.217
109.233
109.249
109.265
109.28
109.294
109.308
109.319
109.329
109.336
109.339
109.337
109.327
109.308
109.276
109.222
89.0261
88.9849
88.962
88.9496
88.9453
88.9468
88.9525
88.9612
88.9723
88.9851
88.9992
89.0142
89.0299
89.0461
89.0627
89.0795
89.0965
89.1137
89.131
89.1484
89.1658
89.1832
89.2006
89.218
89.2355
89.2529
89.2704
89.2879
89.3053
89.3227
89.3401
89.3574
89.3746
89.3916
89.4086
89.4254
89.4419
89.4581
89.4739
89.4889
89.5031
89.516
89.5274
89.5364
89.5423
89.544
89.54
89.5281
89.5058
89.4656
69.1652
69.1383
69.1254
69.1204
69.1215
69.127
69.1356
69.1466
69.1594
69.1734
69.1884
69.2041
69.2203
69.2369
69.2538
69.2708
69.288
69.3053
69.3227
69.3402
69.3577
69.3752
69.3926
69.4102
69.4277
69.4452
69.4627
69.4802
69.4977
69.5152
69.5327
69.5502
69.5676
69.5848
69.6019
69.6188
69.6356
69.6521
69.6683
69.684
69.699
69.7131
69.726
69.7372
69.746
69.7516
69.7529
69.7482
69.7358
69.7096
49.3038
49.2913
49.2886
49.2911
49.2977
49.3073
49.319
49.3323
49.3467
49.3619
49.3779
49.3942
49.4109
49.4279
49.445
49.4623
49.4796
49.497
49.5144
49.5319
49.5494
49.5669
49.5844
49.6018
49.6193
49.6368
49.6543
49.6718
49.6893
49.7067
49.7243
49.7417
49.7591
49.7763
49.7934
49.8106
49.8278
49.8448
49.8616
49.878
49.894
49.9094
49.924
49.9373
49.9491
49.9588
49.9656
49.9683
49.966
49.9541
29.4421
29.444
29.4513
29.4613
29.4735
29.4871
29.5019
29.5174
29.5336
29.5501
29.567
29.5841
29.6013
29.6186
29.6361
29.6535
29.6711
29.6886
29.7061
29.7237
29.7414
29.7589
29.7764
29.794
29.8115
29.8291
29.8466
29.8642
29.8817
29.8993
29.9169
29.9345
29.952
29.9695
29.9869
30.0043
30.0217
30.039
30.0563
30.0734
30.0902
30.1068
30.1229
30.1384
30.1533
30.167
30.1792
30.1893
30.1969
30.1989
9.57681
9.59443
9.61242
9.63041
9.64842
9.66642
9.68441
9.70237
9.72031
9.73821
9.75607
9.7739
9.79169
9.80945
9.82717
9.84487
9.86254
9.88018
9.8978
9.91541
9.93299
9.95056
9.96811
9.98566
10.0032
10.0208
10.0383
10.0558
10.0734
10.091
10.1086
10.1262
10.1438
10.1614
10.1791
10.1968
10.2146
10.2323
10.2501
10.268
10.2859
10.3038
10.3217
10.3397
10.3577
10.3757
10.3937
10.4116
10.4297
10.4473
-0.335677
-0.317331
-0.299004
-0.280719
-0.262488
-0.244317
-0.22621
-0.208157
-0.190157
-0.172211
-0.154316
-0.136469
-0.118666
-0.100905
-0.0831803
-0.0654898
-0.0478301
-0.030197
-0.0125872
0.00500197
0.0225735
0.0401316
0.0576793
0.0752192
0.0927544
0.110288
0.127824
0.145364
0.162912
0.180472
0.198046
0.215637
0.233249
0.250885
0.268549
0.286244
0.303974
0.321741
0.33955
0.357405
0.375309
0.393264
0.411276
0.429346
0.447475
0.465657
0.48388
0.502165
0.520512
0.538877
-0.348477
-0.33012
-0.311783
-0.29349
-0.275249
-0.257067
-0.238949
-0.220888
-0.202883
-0.184933
-0.167035
-0.149185
-0.131379
-0.113614
-0.0958875
-0.0781946
-0.0605322
-0.0428967
-0.0252851
-0.00769354
0.00988044
0.0274408
0.0449909
0.0625331
0.0800706
0.0976067
0.115145
0.132687
0.150238
0.167799
0.185376
0.202969
0.220584
0.238222
0.255888
0.273586
0.291318
0.309088
0.3269
0.344758
0.362665
0.380625
0.39864
0.416715
0.43485
0.453044
0.471287
0.489592
0.507947
0.52633
-0.361145
-0.34278
-0.324448
-0.306164
-0.287926
-0.269746
-0.251629
-0.233568
-0.215564
-0.197615
-0.179718
-0.161869
-0.144065
-0.126303
-0.108577
-0.0908862
-0.0732257
-0.0555921
-0.0379818
-0.0203922
-0.0028202
0.0147382
0.0322864
0.0498269
0.0673625
0.0848968
0.102433
0.119974
0.137522
0.155082
0.172656
0.190248
0.207861
0.225497
0.243162
0.260857
0.278588
0.296356
0.314167
0.332023
0.349929
0.367888
0.385902
0.403976
0.422112
0.440304
0.458549
0.476852
0.495194
0.513563
-0.373877
-0.355502
-0.337161
-0.318873
-0.300635
-0.282453
-0.264334
-0.246271
-0.228267
-0.210317
-0.19242
-0.17457
-0.156765
-0.139002
-0.121276
-0.103584
-0.0859223
-0.0682881
-0.0506777
-0.0330878
-0.0155147
0.00204459
0.0195928
0.0371333
0.0546692
0.0722039
0.0897403
0.107282
0.124831
0.142391
0.159966
0.177559
0.195172
0.212809
0.230474
0.248171
0.265902
0.283671
0.301482
0.31934
0.337246
0.355206
0.373222
0.391297
0.409434
0.427629
0.44588
0.464183
0.482524
0.500903
-0.386633
-0.368252
-0.349903
-0.331599
-0.313351
-0.295159
-0.277033
-0.258968
-0.240963
-0.223013
-0.205114
-0.187265
-0.16946
-0.151696
-0.13397
-0.116278
-0.0986172
-0.0809831
-0.0633728
-0.0457829
-0.0282101
-0.0106512
0.006897
0.024438
0.0419742
0.059509
0.0770452
0.0945865
0.112135
0.129695
0.14727
0.164862
0.182475
0.200112
0.217777
0.235473
0.253203
0.270973
0.288784
0.306642
0.324549
0.342509
0.360526
0.378603
0.396748
0.414952
0.433214
0.451533
0.469898
0.488286
-0.399343
-0.380935
-0.362585
-0.34428
-0.326036
-0.307849
-0.289721
-0.271656
-0.25365
-0.2357
-0.217802
-0.199953
-0.182149
-0.164386
-0.146661
-0.12897
-0.11131
-0.0936764
-0.076067
-0.058478
-0.0409063
-0.0233486
-0.00580213
0.0117367
0.0292712
0.0468044
0.0643392
0.0818792
0.099427
0.116986
0.13456
0.152151
0.169763
0.187399
0.205063
0.222758
0.240488
0.258257
0.276068
0.293925
0.311832
0.329792
0.34781
0.365887
0.384025
0.402227
0.420488
0.438807
0.457172
0.475564
-0.412081
-0.393678
-0.375313
-0.356996
-0.338741
-0.32055
-0.30242
-0.284353
-0.266345
-0.248394
-0.230495
-0.212645
-0.194841
-0.177078
-0.159353
-0.141662
-0.124002
-0.106369
-0.0887603
-0.0711718
-0.0536002
-0.0360423
-0.018495
-0.000955144
0.01658
0.0341136
0.0516485
0.0691887
0.0867369
0.104296
0.121869
0.13946
0.157072
0.174708
0.192371
0.210067
0.227797
0.245565
0.263376
0.281234
0.299141
0.317103
0.335122
0.353202
0.371343
0.38955
0.407822
0.426154
0.444534
0.462941
-0.424812
-0.406391
-0.388015
-0.369693
-0.351433
-0.333239
-0.315107
-0.297039
-0.279031
-0.26108
-0.243182
-0.225332
-0.207529
-0.189766
-0.172042
-0.154352
-0.136693
-0.119061
-0.101453
-0.083865
-0.0662944
-0.0487378
-0.0311925
-0.0136551
0.00387852
0.0214106
0.038944
0.0564827
0.0740299
0.0915882
0.10916
0.12675
0.144361
0.161996
0.179659
0.197353
0.215082
0.23285
0.250661
0.268517
0.286424
0.304386
0.322405
0.340487
0.35863
0.376839
0.395117
0.413449
0.431835
0.45027
-0.437542
-0.419106
-0.40072
-0.382391
-0.364127
-0.345929
-0.327795
-0.309726
-0.291717
-0.273765
-0.255867
-0.238018
-0.220215
-0.202454
-0.18473
-0.167041
-0.149383
-0.131752
-0.114144
-0.0965575
-0.0789879
-0.0614322
-0.0438873
-0.0263498
-0.00881627
0.00871539
0.0262481
0.0437856
0.0613315
0.0788886
0.0964595
0.114048
0.131658
0.149292
0.166954
0.184648
0.202376
0.220143
0.237953
0.255809
0.273716
0.291678
0.309698
0.327781
0.345927
0.36414
0.382421
0.40076
0.419155
0.437603
-0.450271
-0.43182
-0.413423
-0.395087
-0.376818
-0.358617
-0.340481
-0.32241
-0.304401
-0.286449
-0.268551
-0.250703
-0.2329
-0.215139
-0.197417
-0.179729
-0.162071
-0.144441
-0.126835
-0.109249
-0.0916808
-0.0741261
-0.0565823
-0.0390458
-0.0215143
-0.0039838
0.0135486
0.0310854
0.0486302
0.0661863
0.0837562
0.101344
0.118953
0.136586
0.154247
0.171939
0.189667
0.207433
0.225242
0.243098
0.261004
0.278966
0.296987
0.315071
0.333219
0.351435
0.369721
0.388067
0.406473
0.424935
-0.462998
-0.444531
-0.426124
-0.407781
-0.389507
-0.371302
-0.353164
-0.335092
-0.317082
-0.29913
-0.281233
-0.263385
-0.245583
-0.227824
-0.210102
-0.192415
-0.174759
-0.15713
-0.139525
-0.12194
-0.104373
-0.0868195
-0.0692769
-0.0517417
-0.0342112
-0.0166819
0.000849212
0.0183849
0.0359285
0.0534834
0.0710522
0.0886389
0.106246
0.123878
0.141538
0.159229
0.176956
0.194721
0.212529
0.230384
0.24829
0.266252
0.284274
0.302358
0.320509
0.338728
0.357018
0.375372
0.393789
0.412266
-0.475723
-0.45724
-0.438822
-0.420472
-0.402192
-0.383984
-0.365844
-0.347771
-0.329761
-0.311809
-0.293912
-0.276065
-0.258265
-0.240506
-0.222786
-0.2051
-0.187445
-0.169818
-0.152214
-0.134631
-0.117065
-0.0995125
-0.0819713
-0.0644373
-0.0469082
-0.02938
-0.0118504
0.00568414
0.0232264
0.04078
0.0583474
0.0759329
0.0935389
0.11117
0.128828
0.146518
0.164243
0.182007
0.199814
0.217669
0.235574
0.253536
0.271558
0.289643
0.307796
0.326018
0.344312
0.362674
0.381102
0.399594
-0.488446
-0.469947
-0.451518
-0.43316
-0.414876
-0.396664
-0.378523
-0.360448
-0.342438
-0.324487
-0.30659
-0.288744
-0.270945
-0.253187
-0.235469
-0.217784
-0.200131
-0.182504
-0.164902
-0.14732
-0.129756
-0.112205
-0.0946653
-0.0771327
-0.059605
-0.0420783
-0.0245501
-0.00701698
0.0105238
0.028076
0.045642
0.0632259
0.0808305
0.0984598
0.116117
0.133805
0.151529
0.169292
0.187098
0.204951
0.222856
0.240817
0.258839
0.276926
0.29508
0.313306
0.331604
0.349974
0.368412
0.38692
-0.501166
-0.482651
-0.464211
-0.445846
-0.427557
-0.409342
-0.391198
-0.373123
-0.355113
-0.337162
-0.319266
-0.301421
-0.283623
-0.265867
-0.24815
-0.230467
-0.212815
-0.19519
-0.17759
-0.160009
-0.142447
-0.124897
-0.107359
-0.089828
-0.0723018
-0.0547766
-0.0372501
-0.0197184
-0.00217929
0.0153713
0.0329357
0.0505181
0.0681211
0.0857488
0.103404
0.121091
0.138813
0.156575
0.174379
0.192232
0.210136
0.228097
0.246118
0.264206
0.282362
0.300591
0.318894
0.33727
0.35572
0.374243
-0.513883
-0.495353
-0.476901
-0.458529
-0.440234
-0.422016
-0.403871
-0.385796
-0.367785
-0.349834
-0.33194
-0.314096
-0.296299
-0.278545
-0.260829
-0.243148
-0.225498
-0.207875
-0.190276
-0.172698
-0.155137
-0.137589
-0.120052
-0.102523
-0.0849986
-0.0674751
-0.0499502
-0.0324202
-0.0148828
0.00266613
0.0202288
0.0378095
0.0554106
0.0730366
0.09069
0.108375
0.126096
0.143856
0.161659
0.17951
0.197413
0.215373
0.233395
0.251483
0.269641
0.287872
0.30618
0.324564
0.343025
0.361564
-0.526598
-0.508051
-0.489589
-0.471209
-0.45291
-0.434689
-0.416542
-0.398466
-0.380455
-0.362505
-0.344612
-0.326769
-0.308974
-0.291221
-0.273507
-0.255828
-0.23818
-0.220559
-0.202962
-0.185385
-0.167826
-0.15028
-0.132746
-0.115218
-0.0976953
-0.0801735
-0.0626506
-0.0451223
-0.0275868
-0.0100396
0.00752112
0.0251
0.0426992
0.0603234
0.0779748
0.0956584
0.113377
0.131135
0.148937
0.166786
0.184688
0.202648
0.220669
0.238758
0.256917
0.275151
0.293464
0.311855
0.330327
0.348882
-0.539309
-0.520747
-0.502273
-0.483886
-0.465582
-0.447358
-0.42921
-0.411133
-0.393123
-0.375174
-0.357281
-0.33944
-0.321647
-0.303896
-0.286184
-0.268507
-0.250861
-0.233242
-0.215647
-0.198072
-0.180515
-0.162971
-0.145438
-0.127913
-0.110392
-0.0928721
-0.0753511
-0.0578248
-0.0402912
-0.022746
-0.00518725
0.0123897
0.0299868
0.047609
0.0652583
0.08294
0.100656
0.118413
0.136212
0.154061
0.171961
0.18992
0.207941
0.22603
0.24419
0.262427
0.280744
0.299143
0.317626
0.336196
-0.552017
-0.533439
-0.514955
-0.49656
-0.478251
-0.460025
-0.441875
-0.423798
-0.405788
-0.38784
-0.369949
-0.35211
-0.334318
-0.316569
-0.29886
-0.281184
-0.263541
-0.245924
-0.228331
-0.210758
-0.193203
-0.175661
-0.158131
-0.140607
-0.123089
-0.105571
-0.0880519
-0.0705276
-0.0529961
-0.0354529
-0.0178963
-0.000321483
0.0172735
0.0348935
0.0525407
0.0702202
0.0879344
0.105689
0.123487
0.141333
0.159232
0.17719
0.19521
0.213299
0.231461
0.2497
0.268022
0.286427
0.304921
0.323507
-0.564721
-0.546127
-0.527632
-0.509231
-0.490918
-0.472689
-0.454538
-0.436461
-0.418452
-0.400505
-0.382615
-0.364778
-0.346988
-0.329241
-0.311534
-0.293861
-0.276219
-0.258605
-0.241014
-0.223444
-0.205891
-0.188351
-0.170823
-0.153302
-0.135785
-0.118269
-0.100753
-0.0832306
-0.0657014
-0.0481604
-0.0306061
-0.0130335
0.00455916
0.0221769
0.0398217
0.057499
0.075211
0.0929634
0.110759
0.128604
0.146501
0.164458
0.182477
0.200566
0.218729
0.23697
0.255296
0.273708
0.292212
0.310814
-0.577422
-0.558812
-0.540307
-0.521898
-0.503581
-0.48535
-0.467198
-0.449121
-0.431113
-0.413167
-0.395279
-0.377444
-0.359656
-0.341912
-0.324207
-0.306536
-0.288897
-0.271285
-0.253697
-0.236129
-0.218578
-0.201041
-0.183515
-0.165996
-0.148482
-0.130968
-0.113454
-0.095934
-0.0784072
-0.0608685
-0.0433165
-0.0257463
-0.00815609
0.00945927
0.0271016
0.0447765
0.062486
0.0802361
0.0980294
0.115872
0.133768
0.151723
0.169741
0.18783
0.205993
0.224237
0.242567
0.260986
0.2795
0.298116
-0.590118
-0.571493
-0.552978
-0.534563
-0.516242
-0.498008
-0.479856
-0.461779
-0.443772
-0.425827
-0.407941
-0.390108
-0.372323
-0.354581
-0.336878
-0.31921
-0.301574
-0.283964
-0.266379
-0.248813
-0.231265
-0.21373
-0.196207
-0.17869
-0.161178
-0.143667
-0.126155
-0.108638
-0.0911133
-0.0735771
-0.0560276
-0.0384599
-0.0208723
-0.00325946
0.0143803
0.0320526
0.0497596
0.0675072
0.0852981
0.103139
0.121032
0.138986
0.157003
0.175091
0.193255
0.211501
0.229834
0.24826
0.266784
0.285415
-0.602809
-0.58417
-0.565645
-0.547224
-0.528899
-0.510663
-0.492511
-0.474434
-0.456428
-0.438485
-0.420602
-0.40277
-0.384988
-0.367248
-0.349549
-0.331883
-0.314249
-0.296642
-0.27906
-0.261497
-0.243951
-0.226419
-0.208898
-0.191384
-0.173875
-0.156366
-0.138857
-0.121342
-0.10382
-0.0862863
-0.0687394
-0.0511743
-0.0335893
-0.0159792
0.00165783
0.0193274
0.0370317
0.0547767
0.0725651
0.0904034
0.108295
0.126247
0.144263
0.16235
0.180514
0.198762
0.217098
0.235529
0.254063
0.272709
-0.615496
-0.596843
-0.578308
-0.559881
-0.541553
-0.523316
-0.505163
-0.487087
-0.469082
-0.451141
-0.43326
-0.415431
-0.397651
-0.379914
-0.362217
-0.344555
-0.326924
-0.30932
-0.29174
-0.27418
-0.256637
-0.239107
-0.221589
-0.204077
-0.186571
-0.169065
-0.151558
-0.134046
-0.116527
-0.098996
-0.0814518
-0.0638895
-0.0463073
-0.0287001
-0.0110658
0.00660092
0.0243024
0.0420446
0.0598304
0.077666
0.0955553
0.113505
0.13152
0.149606
0.16777
0.186019
0.204358
0.222796
0.241339
0.259998
-0.628179
-0.609512
-0.590968
-0.572535
-0.554204
-0.535965
-0.517813
-0.499738
-0.481734
-0.463796
-0.445916
-0.42809
-0.410313
-0.392579
-0.374885
-0.357226
-0.339598
-0.321996
-0.304419
-0.286862
-0.269322
-0.251795
-0.23428
-0.216771
-0.199267
-0.181764
-0.16426
-0.146751
-0.129234
-0.111706
-0.0941648
-0.0766055
-0.0590261
-0.0414219
-0.0237905
-0.00612685
0.0115718
0.029311
0.047094
0.0649269
0.0828137
0.100761
0.118774
0.136859
0.155023
0.173273
0.191615
0.210058
0.22861
0.247283
-0.640855
-0.622176
-0.603624
-0.585186
-0.566852
-0.548612
-0.53046
-0.512386
-0.494384
-0.476448
-0.458571
-0.440748
-0.422974
-0.405243
-0.387552
-0.369895
-0.35227
-0.334672
-0.317098
-0.299544
-0.282007
-0.264483
-0.24697
-0.229465
-0.211964
-0.194463
-0.176962
-0.159456
-0.141942
-0.124417
-0.106878
-0.0893222
-0.0717457
-0.0541447
-0.0365163
-0.0188558
-0.00116021
0.0165758
0.0343559
0.0521859
0.0700701
0.0880151
0.106026
0.12411
0.142273
0.160524
0.178868
0.197315
0.215876
0.234562
-0.694709
-0.675977
-0.657391
-0.638933
-0.620589
-0.602347
-0.584197
-0.566129
-0.548136
-0.53021
-0.512345
-0.494535
-0.476773
-0.459056
-0.441379
-0.423736
-0.406125
-0.38854
-0.37098
-0.353439
-0.335915
-0.318404
-0.300904
-0.283411
-0.265922
-0.248435
-0.230946
-0.213453
-0.195952
-0.17844
-0.160914
-0.143371
-0.125808
-0.108221
-0.0906061
-0.0729597
-0.0552777
-0.0375555
-0.0197887
-0.00197192
0.0159003
0.0338339
0.0518356
0.0699124
0.0880722
0.106324
0.124677
0.143143
0.161736
0.180475
-0.789369
-0.770595
-0.751989
-0.733528
-0.715193
-0.69697
-0.678844
-0.660804
-0.642843
-0.62495
-0.607119
-0.589343
-0.571616
-0.553934
-0.53629
-0.518681
-0.501102
-0.48355
-0.46602
-0.44851
-0.431016
-0.413536
-0.396065
-0.378601
-0.361141
-0.343683
-0.326223
-0.308759
-0.291287
-0.273805
-0.256309
-0.238797
-0.221266
-0.203711
-0.186129
-0.168516
-0.150868
-0.133181
-0.115449
-0.0976673
-0.0798301
-0.0619307
-0.0439618
-0.0259151
-0.00778144
0.01045
0.0287919
0.0472595
0.0658715
0.0846519
-0.883585
-0.864835
-0.846263
-0.827841
-0.809551
-0.791374
-0.773297
-0.755308
-0.737396
-0.719553
-0.70177
-0.684042
-0.666362
-0.648725
-0.631125
-0.613558
-0.596021
-0.578508
-0.561018
-0.543546
-0.526089
-0.508645
-0.49121
-0.473782
-0.456357
-0.438934
-0.421509
-0.404081
-0.386645
-0.369199
-0.351741
-0.334267
-0.316775
-0.29926
-0.281719
-0.264149
-0.246546
-0.228904
-0.211219
-0.193486
-0.175699
-0.15785
-0.139932
-0.121936
-0.103853
-0.0856702
-0.0673739
-0.0489472
-0.0303694
-0.0116145
-0.97733
-0.958679
-0.940197
-0.921863
-0.903655
-0.885557
-0.867555
-0.849639
-0.831797
-0.81402
-0.796302
-0.778635
-0.761013
-0.743432
-0.725886
-0.708371
-0.690883
-0.673418
-0.655974
-0.638547
-0.621134
-0.603733
-0.58634
-0.568953
-0.55157
-0.534188
-0.516805
-0.499418
-0.482024
-0.464622
-0.447207
-0.429779
-0.412332
-0.394866
-0.377375
-0.359857
-0.342308
-0.324723
-0.307097
-0.289426
-0.271703
-0.253922
-0.236075
-0.218153
-0.200147
-0.182044
-0.163831
-0.145492
-0.127007
-0.108351
-1.07063
-1.05214
-1.0338
-1.0156
-0.997511
-0.979524
-0.961625
-0.943803
-0.92605
-0.908358
-0.890718
-0.873126
-0.855575
-0.83806
-0.820577
-0.803123
-0.785693
-0.768284
-0.750893
-0.733517
-0.716154
-0.698802
-0.681457
-0.664117
-0.646781
-0.629445
-0.612109
-0.594769
-0.577423
-0.56007
-0.542705
-0.525328
-0.507936
-0.490525
-0.473092
-0.455635
-0.43815
-0.420632
-0.403078
-0.385482
-0.367839
-0.350142
-0.332385
-0.31456
-0.296657
-0.278665
-0.260573
-0.242364
-0.224024
-0.205533
-1.16354
-1.14526
-1.12711
-1.10908
-1.09114
-1.07329
-1.05552
-1.03781
-1.02017
-1.00258
-0.98503
-0.967525
-0.950055
-0.932617
-0.915206
-0.89782
-0.880455
-0.863108
-0.845777
-0.828458
-0.811151
-0.793853
-0.776561
-0.759273
-0.741989
-0.724705
-0.70742
-0.690133
-0.67284
-0.655541
-0.638233
-0.620913
-0.60358
-0.586232
-0.568865
-0.551477
-0.534064
-0.516623
-0.499151
-0.481642
-0.464093
-0.446497
-0.428849
-0.411141
-0.393365
-0.375513
-0.357573
-0.339533
-0.321381
-0.303102
-1.25613
-1.2381
-1.22017
-1.20233
-1.18458
-1.16689
-1.14926
-1.13169
-1.11417
-1.09669
-1.07925
-1.06184
-1.04446
-1.02711
-1.00978
-0.99247
-0.975176
-0.957897
-0.940631
-0.923375
-0.906128
-0.888889
-0.871654
-0.854423
-0.837195
-0.819967
-0.802739
-0.785507
-0.768273
-0.751032
-0.733784
-0.716528
-0.69926
-0.68198
-0.664685
-0.647373
-0.630041
-0.612686
-0.595305
-0.577895
-0.560452
-0.542971
-0.525447
-0.507874
-0.490246
-0.472556
-0.454795
-0.436955
-0.419025
-0.400993
-1.34846
-1.33071
-1.31303
-1.29541
-1.27785
-1.26034
-1.24288
-1.22546
-1.20808
-1.19072
-1.1734
-1.15609
-1.13882
-1.12155
-1.10431
-1.08708
-1.06986
-1.05266
-1.03546
-1.01827
-1.00109
-0.983912
-0.966739
-0.949568
-0.932399
-0.915231
-0.898062
-0.880891
-0.863717
-0.846539
-0.829356
-0.812167
-0.794969
-0.777762
-0.760544
-0.743313
-0.726068
-0.708806
-0.691525
-0.674222
-0.656895
-0.63954
-0.622153
-0.60473
-0.587267
-0.569758
-0.552197
-0.534578
-0.516895
-0.499138
-1.44062
-1.42315
-1.40574
-1.38836
-1.37101
-1.3537
-1.33641
-1.31915
-1.30191
-1.28469
-1.26749
-1.2503
-1.23312
-1.21596
-1.19881
-1.18166
-1.16453
-1.1474
-1.13027
-1.11315
-1.09604
-1.07893
-1.06182
-1.04471
-1.0276
-1.0105
-0.993389
-0.976281
-0.959171
-0.942058
-0.924943
-0.907823
-0.890699
-0.873569
-0.856432
-0.839287
-0.822133
-0.804969
-0.787794
-0.770605
-0.753401
-0.73618
-0.71894
-0.701677
-0.68439
-0.667076
-0.649729
-0.632348
-0.614928
-0.597464
-1.53266
-1.5155
-1.49836
-1.48122
-1.4641
-1.44699
-1.42988
-1.41279
-1.3957
-1.37862
-1.36154
-1.34447
-1.32741
-1.31034
-1.29329
-1.27623
-1.25918
-1.24212
-1.22508
-1.20803
-1.19098
-1.17394
-1.15689
-1.13985
-1.12281
-1.10576
-1.08872
-1.07167
-1.05463
-1.03758
-1.02054
-1.00349
-0.986441
-0.96939
-0.952337
-0.93528
-0.918221
-0.901159
-0.884092
-0.867021
-0.849945
-0.832864
-0.815775
-0.79868
-0.781576
-0.764464
-0.74734
-0.730206
-0.713059
-0.695898
)
;

boundaryField
{
    inlet_water
    {
        type            calculated;
        value           nonuniform List<scalar> 
25
(
485.917
466.106
446.291
426.472
406.649
386.822
366.992
347.158
327.321
307.48
287.636
267.789
247.938
228.085
208.23
188.371
168.511
148.648
128.784
108.918
89.0501
69.1814
49.3119
29.4422
9.56797
)
;
    }
    inlet_air
    {
        type            calculated;
        value           nonuniform List<scalar> 
35
(
-0.345137
-0.357732
-0.370407
-0.383148
-0.395911
-0.408635
-0.421375
-0.434116
-0.446856
-0.459595
-0.472332
-0.485067
-0.4978
-0.510531
-0.523259
-0.535985
-0.548707
-0.561426
-0.574141
-0.586852
-0.599559
-0.612262
-0.624959
-0.637652
-0.650339
-0.704234
-0.79894
-0.893157
-0.986854
-1.08006
-1.17285
-1.26528
-1.35745
-1.44941
-1.54127
)
;
    }
    outlet_water
    {
        type            calculated;
        value           nonuniform List<scalar> 
25
(
484.906
465.101
445.299
425.502
405.709
385.919
366.133
346.351
326.572
306.796
287.024
267.255
247.488
227.725
207.964
188.205
168.449
148.695
128.942
109.192
89.4423
69.6939
49.9463
30.199
10.4561
)
;
    }
    outlet_air
    {
        type            calculated;
        value           nonuniform List<scalar> 
35
(
0.548319
0.535598
0.522828
0.510177
0.497567
0.484853
0.472238
0.45958
0.446923
0.434264
0.421604
0.408942
0.396278
0.383612
0.370944
0.358272
0.345597
0.332919
0.320237
0.307551
0.29486
0.282165
0.269465
0.256759
0.244048
0.190002
0.0942242
-0.0020406
-0.0988251
-0.1961
-0.293794
-0.391837
-0.490154
-0.588667
-0.687295
)
;
    }
    lowerWall
    {
        type            calculated;
        value           nonuniform List<scalar> 
50
(
495.718
495.512
495.369
495.269
495.2
495.154
495.124
495.106
495.097
495.094
495.097
495.104
495.113
495.124
495.138
495.152
495.167
495.183
495.199
495.216
495.233
495.25
495.267
495.284
495.301
495.318
495.336
495.353
495.37
495.387
495.404
495.42
495.436
495.452
495.467
495.481
495.495
495.506
495.515
495.522
495.525
495.523
495.514
495.496
495.467
495.421
495.353
495.255
495.114
494.911
)
;
    }
    atmosphere
    {
        type            calculated;
        value           nonuniform List<scalar> 
50
(
-1.57868
-1.56167
-1.54466
-1.52764
-1.51063
-1.49362
-1.47661
-1.4596
-1.44259
-1.42558
-1.40857
-1.39155
-1.37454
-1.35753
-1.34052
-1.32351
-1.3065
-1.28949
-1.27247
-1.25546
-1.23845
-1.22144
-1.20443
-1.18742
-1.17041
-1.15339
-1.13638
-1.11937
-1.10236
-1.08535
-1.06834
-1.05133
-1.03432
-1.0173
-1.00029
-0.983281
-0.96627
-0.949259
-0.932247
-0.915236
-0.898224
-0.881213
-0.864202
-0.84719
-0.830179
-0.813168
-0.796156
-0.779145
-0.762133
-0.745122
)
;
    }
    defaultFaces
    {
        type            empty;
    }
}


// ************************************************************************* //
