/*--------------------------------*- C++ -*----------------------------------*\
  =========                 |
  \\      /  F ield         | OpenFOAM: The Open Source CFD Toolbox
   \\    /   O peration     | Website:  https://openfoam.org
    \\  /    A nd           | Version:  8
     \\/     M anipulation  |
\*---------------------------------------------------------------------------*/
FoamFile
{
    version     2.0;
    format      ascii;
    class       volScalarField;
    location    "15";
    object      p_rgh;
}
// * * * * * * * * * * * * * * * * * * * * * * * * * * * * * * * * * * * * * //

dimensions      [1 -1 -2 0 0 0 0];

internalField   nonuniform List<scalar> 
3000
(
482.449
455.705
429.025
402.387
375.78
349.196
322.628
296.073
269.526
242.986
216.451
189.92
163.391
136.865
110.34
83.817
57.2945
30.7725
4.25104
-22.2701
-48.791
-75.3117
-101.832
-128.353
-154.873
-181.394
-207.914
-234.435
-260.956
-287.476
-313.997
-340.518
-367.04
-393.562
-420.084
-446.608
-473.133
-499.659
-526.187
-552.719
-579.253
-605.793
-632.34
-658.895
-685.462
-712.046
-738.652
-765.288
-791.966
-818.707
482.444
455.701
429.022
402.385
375.779
349.195
322.628
296.072
269.525
242.985
216.451
189.919
163.391
136.865
110.34
83.817
57.2944
30.7725
4.25102
-22.2701
-48.791
-75.3117
-101.832
-128.353
-154.873
-181.394
-207.914
-234.435
-260.956
-287.476
-313.997
-340.518
-367.04
-393.562
-420.084
-446.608
-473.133
-499.659
-526.187
-552.718
-579.253
-605.793
-632.339
-658.894
-685.461
-712.045
-738.65
-765.285
-791.962
-818.702
482.437
455.696
429.018
402.382
375.777
349.193
322.626
296.071
269.525
242.985
216.45
189.919
163.391
136.865
110.34
83.8169
57.2944
30.7725
4.25099
-22.2701
-48.791
-75.3118
-101.832
-128.353
-154.873
-181.394
-207.914
-234.435
-260.955
-287.476
-313.997
-340.518
-367.04
-393.562
-420.084
-446.608
-473.132
-499.659
-526.187
-552.718
-579.253
-605.792
-632.338
-658.893
-685.46
-712.043
-738.647
-765.281
-791.957
-818.695
482.427
455.688
429.013
402.378
375.774
349.191
322.625
296.07
269.524
242.984
216.45
189.919
163.391
136.865
110.34
83.8168
57.2943
30.7724
4.25095
-22.2702
-48.791
-75.3118
-101.832
-128.353
-154.873
-181.394
-207.914
-234.435
-260.955
-287.476
-313.997
-340.518
-367.04
-393.562
-420.084
-446.608
-473.132
-499.658
-526.186
-552.717
-579.252
-605.791
-632.337
-658.892
-685.458
-712.039
-738.643
-765.276
-791.949
-818.685
482.413
455.678
429.006
402.373
375.77
349.188
322.622
296.068
269.523
242.983
216.449
189.918
163.39
136.864
110.34
83.8166
57.2942
30.7723
4.25089
-22.2702
-48.7911
-75.3118
-101.832
-128.353
-154.873
-181.394
-207.914
-234.435
-260.955
-287.476
-313.997
-340.518
-367.04
-393.562
-420.084
-446.607
-473.132
-499.658
-526.186
-552.717
-579.251
-605.79
-632.335
-658.889
-685.455
-712.035
-738.637
-765.269
-791.939
-818.671
482.397
455.666
428.996
402.366
375.765
349.184
322.62
296.066
269.521
242.982
216.448
189.918
163.39
136.864
110.34
83.8164
57.294
30.7722
4.25081
-22.2703
-48.7911
-75.3118
-101.832
-128.353
-154.873
-181.394
-207.914
-234.435
-260.955
-287.476
-313.997
-340.518
-367.04
-393.561
-420.084
-446.607
-473.132
-499.657
-526.185
-552.716
-579.25
-605.789
-632.333
-658.887
-685.451
-712.03
-738.631
-765.26
-791.927
-818.655
482.377
455.651
428.985
402.358
375.758
349.18
322.616
296.063
269.519
242.981
216.447
189.917
163.389
136.864
110.339
83.8162
57.2939
30.7721
4.25073
-22.2703
-48.7912
-75.3118
-101.832
-128.353
-154.873
-181.394
-207.914
-234.435
-260.955
-287.476
-313.997
-340.518
-367.039
-393.561
-420.084
-446.607
-473.131
-499.657
-526.185
-552.715
-579.248
-605.787
-632.331
-658.883
-685.446
-712.024
-738.623
-765.249
-791.912
-818.635
482.354
455.634
428.973
402.348
375.751
349.174
322.612
296.06
269.517
242.979
216.446
189.916
163.389
136.863
110.339
83.816
57.2937
30.7719
4.25062
-22.2704
-48.7912
-75.3119
-101.832
-128.353
-154.873
-181.394
-207.914
-234.435
-260.955
-287.476
-313.997
-340.518
-367.039
-393.561
-420.083
-446.607
-473.131
-499.656
-526.184
-552.714
-579.247
-605.784
-632.328
-658.879
-685.441
-712.017
-738.613
-765.236
-791.895
-818.612
482.328
455.615
428.958
402.338
375.743
349.169
322.608
296.057
269.514
242.977
216.444
189.915
163.388
136.863
110.339
83.8157
57.2935
30.7718
4.25051
-22.2705
-48.7913
-75.3119
-101.832
-128.353
-154.873
-181.394
-207.914
-234.435
-260.955
-287.476
-313.997
-340.518
-367.039
-393.561
-420.083
-446.606
-473.13
-499.656
-526.183
-552.712
-579.245
-605.782
-632.325
-658.875
-685.435
-712.009
-738.603
-765.222
-791.876
-818.586
482.299
455.593
428.942
402.326
375.735
349.162
322.603
296.053
269.512
242.975
216.443
189.914
163.387
136.862
110.338
83.8153
57.2932
30.7716
4.25038
-22.2706
-48.7913
-75.312
-101.832
-128.353
-154.873
-181.394
-207.914
-234.435
-260.955
-287.476
-313.997
-340.518
-367.039
-393.561
-420.083
-446.606
-473.13
-499.655
-526.182
-552.711
-579.243
-605.779
-632.321
-658.87
-685.429
-712.001
-738.591
-765.206
-791.855
-818.558
482.267
455.57
428.925
402.313
375.725
349.155
322.597
296.049
269.509
242.973
216.441
189.913
163.386
136.861
110.338
83.815
57.2929
30.7714
4.25024
-22.2707
-48.7914
-75.312
-101.833
-128.353
-154.873
-181.394
-207.914
-234.435
-260.955
-287.476
-313.997
-340.518
-367.039
-393.56
-420.082
-446.605
-473.129
-499.654
-526.18
-552.709
-579.241
-605.776
-632.317
-658.864
-685.421
-711.991
-738.578
-765.189
-791.832
-818.526
482.232
455.544
428.906
402.299
375.714
349.147
322.591
296.045
269.505
242.97
216.439
189.911
163.385
136.861
110.337
83.8146
57.2927
30.7712
4.25009
-22.2708
-48.7915
-75.3121
-101.833
-128.353
-154.873
-181.394
-207.914
-234.435
-260.955
-287.476
-313.996
-340.517
-367.039
-393.56
-420.082
-446.605
-473.128
-499.653
-526.179
-552.707
-579.238
-605.773
-632.312
-658.859
-685.413
-711.98
-738.564
-765.17
-791.806
-818.492
482.195
455.517
428.885
402.283
375.703
349.138
322.585
296.04
269.502
242.968
216.438
189.91
163.384
136.86
110.337
83.8142
57.2923
30.771
4.24992
-22.2709
-48.7916
-75.3121
-101.833
-128.353
-154.873
-181.394
-207.914
-234.435
-260.955
-287.476
-313.996
-340.517
-367.038
-393.56
-420.082
-446.604
-473.127
-499.652
-526.178
-552.705
-579.236
-605.769
-632.308
-658.852
-685.405
-711.969
-738.549
-765.15
-791.779
-818.455
482.155
455.487
428.864
402.267
375.691
349.129
322.578
296.035
269.498
242.965
216.435
189.908
163.383
136.859
110.336
83.8137
57.292
30.7707
4.24975
-22.271
-48.7917
-75.3122
-101.833
-128.353
-154.873
-181.394
-207.914
-234.435
-260.955
-287.476
-313.996
-340.517
-367.038
-393.559
-420.081
-446.603
-473.127
-499.651
-526.176
-552.703
-579.233
-605.766
-632.303
-658.846
-685.396
-711.957
-738.533
-765.128
-791.75
-818.416
482.113
455.456
428.841
402.25
375.678
349.12
322.571
296.03
269.494
242.962
216.433
189.907
163.382
136.858
110.335
83.8132
57.2917
30.7705
4.24956
-22.2712
-48.7917
-75.3122
-101.833
-128.353
-154.873
-181.394
-207.914
-234.435
-260.955
-287.475
-313.996
-340.517
-367.038
-393.559
-420.081
-446.603
-473.126
-499.649
-526.174
-552.701
-579.23
-605.762
-632.297
-658.838
-685.387
-711.944
-738.516
-765.105
-791.719
-818.374
482.069
455.424
428.817
402.232
375.665
349.11
322.564
296.024
269.49
242.959
216.431
189.905
163.38
136.857
110.335
83.8127
57.2913
30.7702
4.24937
-22.2713
-48.7918
-75.3123
-101.833
-128.353
-154.873
-181.394
-207.914
-234.435
-260.955
-287.475
-313.996
-340.517
-367.038
-393.559
-420.08
-446.602
-473.125
-499.648
-526.173
-552.699
-579.227
-605.758
-632.292
-658.831
-685.377
-711.931
-738.498
-765.081
-791.687
-818.33
482.023
455.39
428.792
402.214
375.651
349.099
322.556
296.019
269.486
242.956
216.429
189.903
163.379
136.856
110.334
83.8122
57.2909
30.7699
4.24917
-22.2714
-48.7919
-75.3124
-101.833
-128.353
-154.873
-181.394
-207.914
-234.434
-260.955
-287.475
-313.996
-340.516
-367.037
-393.558
-420.08
-446.601
-473.124
-499.647
-526.171
-552.696
-579.224
-605.753
-632.286
-658.823
-685.366
-711.917
-738.479
-765.057
-791.654
-818.285
481.975
455.355
428.766
402.194
375.637
349.089
322.548
296.013
269.481
242.953
216.426
189.901
163.378
136.855
110.333
83.8117
57.2905
30.7697
4.24897
-22.2716
-48.792
-75.3125
-101.833
-128.353
-154.873
-181.394
-207.914
-234.434
-260.955
-287.475
-313.996
-340.516
-367.037
-393.558
-420.079
-446.601
-473.123
-499.646
-526.169
-552.694
-579.22
-605.749
-632.28
-658.815
-685.356
-711.903
-738.46
-765.031
-791.619
-818.237
481.925
455.319
428.739
402.174
375.622
349.078
322.54
296.006
269.477
242.949
216.424
189.899
163.376
136.854
110.332
83.8112
57.2901
30.7694
4.24875
-22.2717
-48.7921
-75.3125
-101.833
-128.353
-154.874
-181.394
-207.914
-234.434
-260.955
-287.475
-313.996
-340.516
-367.037
-393.558
-420.079
-446.6
-473.122
-499.644
-526.167
-552.691
-579.217
-605.744
-632.274
-658.807
-685.344
-711.888
-738.44
-765.004
-791.583
-818.188
481.875
455.282
428.711
402.154
375.606
349.066
322.531
296
269.472
242.946
216.421
189.898
163.375
136.853
110.332
83.8106
57.2897
30.7691
4.24853
-22.2719
-48.7922
-75.3125
-101.833
-128.353
-154.873
-181.394
-207.914
-234.434
-260.954
-287.475
-313.995
-340.516
-367.036
-393.557
-420.078
-446.599
-473.121
-499.643
-526.165
-552.689
-579.213
-605.739
-632.267
-658.798
-685.333
-711.873
-738.42
-764.977
-791.546
-818.138
481.823
455.244
428.683
402.133
375.591
349.055
322.523
295.994
269.467
242.942
216.418
189.896
163.374
136.852
110.331
83.81
57.2893
30.7687
4.24831
-22.272
-48.7924
-75.3127
-101.833
-128.353
-154.874
-181.394
-207.914
-234.434
-260.955
-287.475
-313.995
-340.516
-367.036
-393.557
-420.078
-446.599
-473.12
-499.641
-526.163
-552.686
-579.21
-605.735
-632.261
-658.79
-685.321
-711.857
-738.399
-764.949
-791.509
-818.087
481.77
455.205
428.654
402.112
375.575
349.043
322.514
295.987
269.462
242.938
216.416
189.894
163.372
136.851
110.33
83.8094
57.2889
30.7684
4.24808
-22.2722
-48.7924
-75.3127
-101.833
-128.353
-154.873
-181.394
-207.914
-234.434
-260.954
-287.475
-313.995
-340.515
-367.035
-393.556
-420.076
-446.597
-473.118
-499.639
-526.161
-552.683
-579.206
-605.729
-632.254
-658.781
-685.31
-711.842
-738.378
-764.921
-791.471
-818.035
481.716
455.166
428.626
402.09
375.559
349.031
322.505
295.981
269.457
242.935
216.413
189.892
163.371
136.85
110.329
83.8089
57.2885
30.7682
4.24786
-22.2724
-48.7926
-75.3129
-101.833
-128.353
-154.874
-181.394
-207.914
-234.434
-260.955
-287.475
-313.995
-340.515
-367.036
-393.556
-420.077
-446.597
-473.118
-499.639
-526.16
-552.681
-579.203
-605.725
-632.248
-658.773
-685.298
-711.827
-738.358
-764.892
-791.433
-817.982
481.663
455.127
428.597
402.069
375.543
349.019
322.496
295.974
269.452
242.931
216.41
189.89
163.369
136.849
110.328
83.8082
57.288
30.7678
4.24763
-22.2725
-48.7926
-75.3128
-101.833
-128.353
-154.873
-181.394
-207.914
-234.434
-260.954
-287.474
-313.994
-340.515
-367.035
-393.555
-420.075
-446.596
-473.116
-499.636
-526.157
-552.678
-579.198
-605.72
-632.241
-658.763
-685.286
-711.81
-738.336
-764.863
-791.394
-817.929
481.606
455.085
428.566
402.046
375.526
349.007
322.487
295.967
269.447
242.927
216.407
189.888
163.368
136.848
110.328
83.8076
57.2876
30.7675
4.24737
-22.2728
-48.7929
-75.3131
-101.833
-128.353
-154.874
-181.394
-207.914
-234.434
-260.954
-287.475
-313.995
-340.515
-367.035
-393.555
-420.075
-446.595
-473.115
-499.635
-526.155
-552.675
-579.195
-605.715
-632.234
-658.754
-685.274
-711.794
-738.313
-764.833
-791.353
-817.873
-0.020397
-0.0190619
-0.0177465
-0.0164735
-0.0152537
-0.0140935
-0.0129979
-0.0119562
-0.0109677
-0.0100332
-0.0091498
-0.00831417
-0.00752286
-0.00677243
-0.00605938
-0.00538027
-0.00473196
-0.00411028
-0.00351184
-0.00293399
-0.00237386
-0.00182714
-0.00129079
-0.000762188
-0.000238382
0.000284089
0.000808246
0.00133749
0.00187411
0.00242196
0.00298459
0.00356461
0.00416532
0.00479028
0.00544282
0.00612637
0.00684445
0.00760062
0.00839853
0.00924178
0.0101339
0.0110784
0.0120785
0.0131371
0.0142552
0.0154258
0.0166371
0.017911
0.0192462
0.0206001
-0.0204991
-0.0191538
-0.0178279
-0.0165465
-0.0153169
-0.0141467
-0.0130399
-0.01199
-0.0109963
-0.0100577
-0.00917077
-0.00833205
-0.00753788
-0.00678476
-0.00606916
-0.00538758
-0.00473657
-0.00411245
-0.00351217
-0.00293203
-0.00236942
-0.00182038
-0.00128173
-0.000750811
-0.000224729
0.000300028
0.000826474
0.00135803
0.00189697
0.00244713
0.00301208
0.00359435
0.00419729
0.00482452
0.00547936
0.00616533
0.00688596
0.00764488
0.00844563
0.00929199
0.0101876
0.011136
0.0121404
0.0132034
0.0143277
0.0155095
0.0167416
0.0180348
0.0193784
0.0207501
-0.0204696
-0.0191163
-0.0177953
-0.0165229
-0.0152965
-0.0141278
-0.0130219
-0.0119727
-0.0109801
-0.0100426
-0.00915692
-0.00831957
-0.00752693
-0.00677546
-0.00606158
-0.00538177
-0.00473258
-0.00411039
-0.00351147
-0.00293318
-0.00237257
-0.00182554
-0.00128871
-0.000759533
-0.000235305
0.000287602
0.000812175
0.00134189
0.00187893
0.0024272
0.0029903
0.00357072
0.00417179
0.00479719
0.00545025
0.00613448
0.00685341
0.00761069
0.00841001
0.00925498
0.0101493
0.0110967
0.0121
0.0131625
0.0142863
0.0154677
0.0167008
0.0179923
0.0193235
0.0206806
-0.0205044
-0.0191409
-0.0178117
-0.0165348
-0.0153079
-0.0141379
-0.0130294
-0.0119784
-0.0109853
-0.0100473
-0.00916089
-0.00832281
-0.0075294
-0.00677713
-0.00606246
-0.00538183
-0.00473176
-0.00410887
-0.0035099
-0.00293136
-0.00236959
-0.00182167
-0.00128487
-0.000755704
-0.000231119
0.000292205
0.000817172
0.00134739
0.00188504
0.0024339
0.00299766
0.00357876
0.00418055
0.00480667
0.00546042
0.00614535
0.00686498
0.00762299
0.00842293
0.00926868
0.0101639
0.0111122
0.0121168
0.0131802
0.0143064
0.0154899
0.0167295
0.0180212
0.0193512
0.0207182
-0.0205632
-0.019193
-0.0178557
-0.0165633
-0.0153267
-0.0141464
-0.0130311
-0.0119779
-0.0109837
-0.0100449
-0.00915805
-0.00831974
-0.00752627
-0.00677403
-0.00605947
-0.00537899
-0.00472913
-0.0041064
-0.00350749
-0.00292898
-0.00236754
-0.00181994
-0.00128315
-0.000753478
-0.000228639
0.000294708
0.000819621
0.00134948
0.0018869
0.00243549
0.00299867
0.00357933
0.00418073
0.00480652
0.00545996
0.00614466
0.00686411
0.00762204
0.00842211
0.00926817
0.0101639
0.011113
0.0121189
0.0131841
0.0143174
0.0155102
0.0167615
0.018069
0.0194224
0.0207991
-0.0205759
-0.0191794
-0.0178405
-0.0165468
-0.0153136
-0.0141384
-0.0130221
-0.0119686
-0.010974
-0.0100351
-0.00914844
-0.0083105
-0.00751766
-0.00676618
-0.00605249
-0.00537294
-0.00472403
-0.00410225
-0.0035042
-0.00292653
-0.00236622
-0.00181992
-0.0012848
-0.000757378
-0.000234242
0.000287633
0.000811085
0.00133974
0.00187608
0.00242383
0.00298594
0.00356574
0.00416635
0.00479129
0.0054439
0.00612783
0.00684653
0.00760383
0.00840334
0.00924895
0.0101444
0.0110935
0.0120997
0.0131658
0.0142926
0.0154829
0.0167328
0.0180401
0.0193936
0.020774
-0.0206159
-0.0192244
-0.0178709
-0.0165652
-0.0153213
-0.0141423
-0.013023
-0.0119673
-0.0109712
-0.0100312
-0.00914395
-0.00830562
-0.00751257
-0.00676098
-0.0060473
-0.0053678
-0.00471908
-0.00409758
-0.00350005
-0.00292288
-0.00236268
-0.00181609
-0.00128016
-0.000751705
-0.000227964
0.000294293
0.000817864
0.00134671
0.00188352
0.00243139
0.00299291
0.00357234
0.00417272
0.00479749
0.00544988
0.00613366
0.00685225
0.00760956
0.00840922
0.00925526
0.0101514
0.0111015
0.0121092
0.0131783
0.014308
0.0155029
0.016764
0.0180849
0.0194536
0.0208493
-0.0206498
-0.0192404
-0.0178754
-0.0165648
-0.0153166
-0.0141337
-0.0130131
-0.0119563
-0.0109598
-0.0100199
-0.00913292
-0.00829509
-0.00750272
-0.00675189
-0.00603905
-0.00536039
-0.00471252
-0.0040918
-0.00349505
-0.00291864
-0.00235942
-0.0018142
-0.00128018
-0.000754197
-0.000231926
0.000288828
0.000810823
0.00133812
0.00187396
0.00242092
0.00298157
0.00356013
0.0041596
0.00478345
0.00543492
0.00611782
0.00683553
0.00759204
0.00839099
0.00923641
0.0101321
0.011082
0.0120902
0.0131602
0.014292
0.0154901
0.0167564
0.0180769
0.0194516
0.0208754
-0.0206825
-0.019258
-0.0178831
-0.0165657
-0.0153128
-0.0141262
-0.0130036
-0.0119454
-0.0109482
-0.010008
-0.00912112
-0.00828364
-0.00749184
-0.00674168
-0.00602965
-0.00535181
-0.00470485
-0.00408502
-0.00348919
-0.00291368
-0.00235541
-0.00181104
-0.00127758
-0.000751365
-0.000229245
0.000291051
0.00081239
0.00133854
0.00187301
0.00241875
0.00297835
0.00355588
0.00415428
0.00477716
0.00542767
0.00610971
0.00682658
0.00758241
0.00838073
0.0092258
0.0101214
0.0110718
0.0120808
0.0131521
0.0142866
0.0154882
0.0167581
0.0180855
0.0194695
0.0209063
-0.0207136
-0.0192738
-0.0178885
-0.0165642
-0.0153062
-0.0141161
-0.0129916
-0.0119322
-0.0109343
-0.00999392
-0.00910734
-0.00827035
-0.00747926
-0.00672992
-0.00601883
-0.00534196
-0.00469605
-0.00407724
-0.00348249
-0.002908
-0.00235082
-0.00180747
-0.00127506
-0.000749975
-0.00022983
0.000289343
0.000810359
0.00133579
0.00186923
0.00241394
0.00297253
0.00354903
0.00414635
0.0047682
0.00541766
0.00609871
0.00681463
0.00756963
0.00836721
0.00921176
0.0101071
0.0110575
0.0120671
0.0131394
0.0142763
0.0154811
0.0167551
0.0180901
0.0194848
0.0209357
-0.020743
-0.0192877
-0.0178917
-0.0165602
-0.0152972
-0.0141036
-0.0129772
-0.0119166
-0.0109182
-0.00997777
-0.00909158
-0.00825521
-0.00746499
-0.00671659
-0.00600659
-0.00533083
-0.00468611
-0.00406847
-0.00347493
-0.00290161
-0.00234565
-0.00180345
-0.00127223
-0.000748312
-0.000229262
0.000288747
0.000808462
0.00133282
0.00186504
0.00240857
0.00296599
0.00354132
0.00413741
0.00475809
0.00540635
0.00608629
0.0068011
0.00755512
0.00835182
0.00919572
0.0100906
0.011041
0.012051
0.0131243
0.0142634
0.0154715
0.0167497
0.0180923
0.0194979
0.0209634
-0.0207705
-0.0192993
-0.0178926
-0.0165537
-0.0152857
-0.0140887
-0.0129604
-0.0118986
-0.0108998
-0.0099595
-0.00907384
-0.00823822
-0.00744901
-0.0067017
-0.00599294
-0.00531843
-0.00467505
-0.00405871
-0.00346652
-0.0028945
-0.0023399
-0.00179898
-0.00126908
-0.000746457
-0.000228699
0.000288048
0.000806375
0.00132951
0.00186038
0.00240261
0.00295871
0.00353275
0.00412746
0.00474684
0.00539374
0.00607243
0.00678598
0.00753889
0.00833455
0.00917767
0.010072
0.0110222
0.0120324
0.0131067
0.0142479
0.0154591
0.0167418
0.018092
0.0195085
0.0209891
-0.0207958
-0.0193087
-0.0178909
-0.0165446
-0.0152715
-0.0140712
-0.012941
-0.0118783
-0.0108792
-0.00993912
-0.00905413
-0.00821939
-0.00743133
-0.00668525
-0.00597789
-0.00530476
-0.00466287
-0.00404797
-0.00345727
-0.00288668
-0.00233358
-0.00179407
-0.00126563
-0.000744414
-0.000228087
0.000287268
0.000804094
0.00132586
0.00185525
0.00239606
0.00295069
0.0035233
0.00411651
0.00473444
0.00537985
0.00605714
0.00676928
0.00752094
0.00831541
0.0091576
0.0100512
0.0110012
0.0120115
0.0130867
0.0142297
0.0154441
0.0167313
0.0180891
0.0195166
0.0210126
-0.0208185
-0.0193154
-0.0178866
-0.0165328
-0.0152547
-0.0140512
-0.0129192
-0.0118556
-0.0108564
-0.00991661
-0.00903243
-0.00819872
-0.00741196
-0.00666726
-0.00596144
-0.00528983
-0.00464957
-0.00403624
-0.00344718
-0.00287816
-0.00232668
-0.00178871
-0.00126187
-0.000742185
-0.000227426
0.00028641
0.000801617
0.00132188
0.00184966
0.00238892
0.00294195
0.003513
0.00410455
0.0047209
0.00536467
0.00604042
0.00675101
0.00750127
0.0082944
0.00913551
0.0100282
0.0109778
0.0119881
0.013064
0.0142089
0.0154263
0.0167181
0.0180834
0.0195219
0.0210335
-0.0208386
-0.0193194
-0.0178795
-0.0165182
-0.0152352
-0.0140285
-0.0128949
-0.0118304
-0.0108312
-0.00989197
-0.00900875
-0.00817621
-0.00739091
-0.00664772
-0.00594359
-0.00527365
-0.00463517
-0.00402354
-0.00343626
-0.00286894
-0.00231922
-0.00178292
-0.0012578
-0.000739773
-0.000226717
0.000285476
0.000798942
0.00131757
0.00184362
0.0023812
0.00293248
0.00350184
0.0040916
0.00470624
0.00534822
0.00602229
0.00673116
0.00747989
0.00827152
0.00911141
0.0100031
0.0109521
0.0119623
0.0130389
0.0141853
0.0154056
0.0167021
0.0180748
0.0195244
0.0210516
-0.0208557
-0.0193205
-0.0178695
-0.0165007
-0.0152129
-0.0140032
-0.012868
-0.0118029
-0.0108039
-0.00986521
-0.00898309
-0.00815187
-0.00736818
-0.00662666
-0.00592436
-0.00525623
-0.00461966
-0.00400988
-0.00342451
-0.00285902
-0.00231119
-0.00177669
-0.00125343
-0.000737181
-0.000225958
0.000284466
0.00079607
0.00131293
0.00183712
0.00237289
0.0029223
0.00348983
0.00407766
0.00469045
0.0053305
0.00600275
0.00670977
0.0074568
0.00824678
0.00908531
0.00997581
0.0109241
0.011934
0.0130111
0.014159
0.0153821
0.0166831
0.0180632
0.0195237
0.0210667
-0.0208697
-0.0193184
-0.0178564
-0.0164803
-0.0151878
-0.0139751
-0.0128385
-0.0117729
-0.0107742
-0.00983633
-0.00895547
-0.00812572
-0.00734379
-0.00660407
-0.00590375
-0.00523757
-0.00460306
-0.00399526
-0.00341195
-0.00284841
-0.00230261
-0.00177003
-0.00124876
-0.000734413
-0.00022515
0.000283379
0.000793003
0.00130796
0.00183016
0.00236401
0.0029114
0.00347697
0.00406275
0.00467354
0.00531153
0.00598181
0.00668682
0.00743201
0.0082202
0.0090572
0.00994637
0.0108937
0.0119033
0.0129806
0.0141298
0.0153556
0.0166611
0.0180483
0.0195198
0.0210785
-0.0208801
-0.019313
-0.0178402
-0.0164568
-0.0151597
-0.0139443
-0.0128065
-0.0117405
-0.0107423
-0.00980534
-0.0089259
-0.00809777
-0.00731774
-0.00657998
-0.00588179
-0.0052177
-0.00458538
-0.0039797
-0.00339857
-0.00283713
-0.00229347
-0.00176295
-0.00124379
-0.000731472
-0.000224293
0.000282216
0.000789742
0.00130268
0.00182277
0.00235456
0.0028998
0.00346328
0.00404686
0.00465554
0.00529131
0.00595949
0.00666235
0.00740555
0.00819179
0.00902711
0.00991478
0.0108611
0.01187
0.0129475
0.0140979
0.0153261
0.0166359
0.0180302
0.0195124
0.0210868
-0.0208869
-0.0193042
-0.0178206
-0.0164302
-0.0151287
-0.0139108
-0.0127718
-0.0117057
-0.0107081
-0.00977225
-0.00889438
-0.00806804
-0.00729005
-0.00655441
-0.00585848
-0.00519664
-0.00456664
-0.00396322
-0.00338439
-0.00282518
-0.00228379
-0.00175546
-0.00123852
-0.000728364
-0.000223384
0.000280976
0.000786291
0.00129707
0.00181493
0.00234453
0.00288751
0.00344876
0.00403003
0.00463643
0.00526988
0.00593579
0.00663637
0.00737742
0.00816157
0.00899503
0.00988106
0.0108262
0.0118343
0.0129118
0.0140631
0.0152936
0.0166075
0.0180087
0.0195014
0.0210912
-0.0208897
-0.0192916
-0.0177976
-0.0164004
-0.0150947
-0.0138744
-0.0127345
-0.0116685
-0.0106716
-0.00973708
-0.00886092
-0.00803654
-0.00726074
-0.00652738
-0.00583384
-0.00517439
-0.00454684
-0.00394582
-0.00336942
-0.00281258
-0.00227357
-0.00174757
-0.00123296
-0.000725093
-0.000222425
0.000279658
0.000782652
0.00129115
0.00180667
0.00233395
0.00287455
0.00343343
0.00401226
0.00461625
0.00524723
0.00591074
0.00660889
0.00734764
0.00812955
0.00896099
0.00984522
0.0107889
0.0117961
0.0128734
0.0140254
0.015258
0.0165758
0.0179836
0.0194866
0.0210916
-0.0208883
-0.0192752
-0.017771
-0.0163672
-0.0150576
-0.0138352
-0.0126946
-0.0116288
-0.0106329
-0.00969983
-0.00882555
-0.0080033
-0.00722983
-0.0064989
-0.00580788
-0.00515098
-0.004526
-0.00392753
-0.00335367
-0.00279934
-0.00226282
-0.00173927
-0.00122711
-0.000721665
-0.000221413
0.000278261
0.000778832
0.0012849
0.00179798
0.0023228
0.00286092
0.00341729
0.00399357
0.004595
0.0052234
0.00588434
0.00657995
0.00731622
0.00809576
0.00892501
0.00980727
0.0107493
0.0117554
0.0128323
0.0139848
0.0152192
0.0165407
0.0179548
0.0194678
0.0210877
-0.0208824
-0.0192547
-0.0177407
-0.0163307
-0.0150173
-0.0137931
-0.012652
-0.0115867
-0.0105919
-0.00966053
-0.00878828
-0.00796833
-0.00719733
-0.00646901
-0.00578063
-0.00512643
-0.00450413
-0.00390836
-0.00333715
-0.00278547
-0.00225154
-0.00173059
-0.00122098
-0.000718084
-0.000220348
0.000276783
0.000774834
0.00127835
0.00178888
0.00231111
0.00284663
0.00340035
0.00397398
0.0045727
0.00519841
0.00585662
0.00654957
0.0072832
0.00806023
0.00888709
0.00976724
0.0107075
0.0117123
0.0127884
0.0139412
0.0151772
0.0165021
0.0179223
0.0194449
0.0210793
-0.0208719
-0.0192301
-0.0177066
-0.0162907
-0.0149739
-0.0137481
-0.0126068
-0.0115421
-0.0105487
-0.00961919
-0.00874911
-0.00793166
-0.00716326
-0.00643771
-0.00575209
-0.00510076
-0.00448125
-0.00388833
-0.00331987
-0.00277098
-0.00223975
-0.00172153
-0.00121456
-0.000714354
-0.000219229
0.000275226
0.000770662
0.00127149
0.00177938
0.00229887
0.0028317
0.00338262
0.0039535
0.00454937
0.00517227
0.0058276
0.00651776
0.00724858
0.00802296
0.00884726
0.00972513
0.0106634
0.0116666
0.0127419
0.0138947
0.0151319
0.0164599
0.0178858
0.0194177
0.021066
-0.0208565
-0.0192011
-0.0176687
-0.0162472
-0.0149274
-0.0137003
-0.0125589
-0.0114952
-0.0105033
-0.00957586
-0.0087081
-0.00789334
-0.00712765
-0.00640505
-0.00572231
-0.005074
-0.00445738
-0.00386746
-0.00330185
-0.0027559
-0.00222744
-0.00171211
-0.00120786
-0.000710485
-0.000218052
0.000273587
0.000766329
0.00126432
0.00176949
0.00228611
0.00281616
0.00336414
0.00393218
0.00452502
0.00514503
0.00579731
0.00648458
0.00721241
0.00798404
0.00880557
0.00968102
0.010617
0.0116186
0.0126926
0.0138452
0.0150834
0.0164141
0.0178453
0.019386
0.0210478
-0.020836
-0.0191677
-0.0176268
-0.0162002
-0.0148776
-0.0136496
-0.0125084
-0.0114459
-0.0104557
-0.00953059
-0.00866531
-0.00785341
-0.00709057
-0.00637108
-0.00569133
-0.00504619
-0.00443256
-0.00384579
-0.00328312
-0.00274024
-0.00221467
-0.00170233
-0.0012009
-0.000706475
-0.000216831
0.000271874
0.000761827
0.00125687
0.00175922
0.00227284
0.00280002
0.00334492
0.00391002
0.00449971
0.00511671
0.00576581
0.00645007
0.00717475
0.00794348
0.00876207
0.00963494
0.0105685
0.0115681
0.0126408
0.0137928
0.0150316
0.0163647
0.0178007
0.0193496
0.0210244
-0.0207254
-0.0190047
-0.01743
-0.0159835
-0.014651
-0.0134203
-0.0122813
-0.0112249
-0.0102431
-0.00932862
-0.00847492
-0.00767586
-0.00692606
-0.00622034
-0.00555412
-0.00492294
-0.00432282
-0.0037498
-0.00320036
-0.00267091
-0.00215824
-0.00165901
-0.00117021
-0.000688671
-0.000211505
0.00026439
0.000741864
0.00122402
0.00171375
0.00221426
0.00272856
0.00326002
0.00381187
0.00438776
0.00499122
0.00562627
0.0062969
0.00700764
0.00776311
0.00856854
0.00942934
0.0103517
0.0113419
0.0124074
0.0135558
0.0147959
0.0161376
0.0175924
0.0191744
0.0209014
-0.0201546
-0.0183911
-0.0167967
-0.0153473
-0.014024
-0.0128115
-0.0116969
-0.0106691
-0.00971865
-0.0088373
-0.00801767
-0.00725319
-0.00653796
-0.00586662
-0.00523428
-0.00463645
-0.004069
-0.00352804
-0.00300996
-0.0025113
-0.00202882
-0.00155937
-0.00109992
-0.000647513
-0.000199258
0.000247724
0.00069628
0.00114929
0.00160966
0.00208036
0.00256442
0.00306503
0.00358544
0.00412915
0.00469977
0.00530123
0.00593768
0.00661365
0.00733403
0.00810419
0.00893004
0.00981811
0.0107757
0.011811
0.0129333
0.0141533
0.0154839
0.0169401
0.0185408
0.0203097
-0.0191392
-0.0174004
-0.0158393
-0.0144296
-0.0131505
-0.0119852
-0.0109195
-0.00994146
-0.00904095
-0.0082091
-0.00743819
-0.00672139
-0.00605262
-0.00542645
-0.00483796
-0.00428267
-0.00375647
-0.00325558
-0.00277647
-0.00231582
-0.0018705
-0.00143751
-0.00101396
-0.000597069
-0.000184083
0.000227695
0.000640968
0.00105844
0.00148286
0.00191704
0.00236386
0.00282635
0.00330765
0.00381109
0.00434022
0.00489884
0.00549107
0.00612138
0.0067947
0.00751645
0.0082927
0.00913021
0.0100367
0.0110208
0.0120927
0.0132642
0.0145492
0.0159645
0.0175309
0.0192744
-0.0176529
-0.0160129
-0.0145432
-0.0132198
-0.0120231
-0.0109366
-0.00994666
-0.00904132
-0.00821049
-0.00744541
-0.00673843
-0.00608282
-0.00547263
-0.00490257
-0.00436786
-0.00386421
-0.00338769
-0.00293471
-0.00250193
-0.00208624
-0.00168471
-0.00129457
-0.000913123
-0.000537807
-0.000166083
0.000204529
0.00057652
0.000952371
0.00133463
0.00172586
0.00212877
0.00254613
0.0029809
0.00343619
0.00391533
0.00442194
0.00495993
0.0055336
0.0061477
0.00680752
0.00751897
0.00828875
0.00912445
0.0100348
0.0110298
0.0121211
0.0133227
0.0146507
0.0161249
0.0177691
-0.0157208
-0.0142443
-0.0129191
-0.0117262
-0.0106487
-0.00967239
-0.00878465
-0.00797472
-0.00723323
-0.00655205
-0.00592402
-0.00534289
-0.00480311
-0.00429976
-0.00382843
-0.00338516
-0.00296635
-0.0025687
-0.00218918
-0.00182499
-0.00147345
-0.0011321
-0.000798503
-0.000470379
-0.000145457
0.000178473
0.000503632
0.000832233
0.00116654
0.00150887
0.00186161
0.00222728
0.00260853
0.00300818
0.00342926
0.00387505
0.00434916
0.00485554
0.00539859
0.0059832
0.0066149
0.00729992
0.00804535
0.00885929
0.00975105
0.0107314
0.0118127
0.0130095
0.0143383
0.0158184
-0.013401
-0.0121358
-0.0109982
-0.00997327
-0.00904769
-0.00820956
-0.00744835
-0.00675487
-0.00612101
-0.00553968
-0.00500463
-0.00451036
-0.00405199
-0.00362521
-0.00322613
-0.00285129
-0.00249753
-0.002162
-0.00184205
-0.00153525
-0.00123932
-0.000952099
-0.000671528
-0.000395635
-0.00012248
0.000149826
0.000423181
0.000699477
0.000980653
0.00126868
0.00156564
0.00187366
0.00219505
0.00253223
0.00288785
0.00326476
0.0036661
0.00409534
0.00455634
0.00505339
0.00559138
0.00617575
0.00681274
0.0075094
0.00827379
0.00911509
0.0100438
0.0110717
0.0122123
0.0134804
-0.0107587
-0.00974081
-0.00882411
-0.00799737
-0.00725044
-0.00657413
-0.0059602
-0.00540134
-0.00489104
-0.00442355
-0.0039938
-0.00359728
-0.00323
-0.00288843
-0.00256937
-0.00226999
-0.00198771
-0.00172019
-0.00146529
-0.00122102
-0.000985514
-0.000757046
-0.000533941
-0.000314608
-9.74832e-05
0.000118956
0.000336241
0.000555893
0.000779477
0.00100859
0.00124489
0.00149013
0.00174616
0.00201496
0.00229868
0.00259966
0.00292045
0.00326391
0.0036332
0.00403185
0.00446384
0.00493365
0.00544635
0.00600764
0.006624
0.00730273
0.00805204
0.00888111
0.00980011
0.0108203
-0.00786237
-0.00711879
-0.00644798
-0.00584228
-0.00529468
-0.00479873
-0.00434856
-0.0039389
-0.00356504
-0.00322278
-0.00290838
-0.00261853
-0.00235028
-0.002101
-0.00186834
-0.00165018
-0.00144463
-0.00124994
-0.00106453
-0.000886941
-0.000715796
-0.000549817
-0.000387776
-0.000228503
-7.0851e-05
8.62976e-05
0.000244065
0.000403568
0.000565955
0.000732394
0.000904114
0.00108239
0.00126861
0.00146421
0.00167078
0.00189007
0.00212396
0.00237457
0.00264424
0.00293558
0.00325156
0.00359547
0.00397103
0.00438241
0.00483432
0.00533199
0.00588128
0.00648865
0.00716111
0.00790635
-0.00478474
-0.00433349
-0.0039256
-0.00355679
-0.00322305
-0.00292062
-0.00264604
-0.00239616
-0.00216815
-0.00195947
-0.00176785
-0.00159127
-0.00142791
-0.00127618
-0.00113463
-0.00100197
-0.000877023
-0.000758728
-0.000646108
-0.000538271
-0.000434375
-0.000333637
-0.000235304
-0.000138664
-4.30133e-05
5.23286e-05
0.000148049
0.000244827
0.000343368
0.000444383
0.000548625
0.000656875
0.000769975
0.000888815
0.00101437
0.00114771
0.00128999
0.0014425
0.0016067
0.00178418
0.00197675
0.00218641
0.00241544
0.00266635
0.00294198
0.00324544
0.0035802
0.00395002
0.00435893
0.00481121
-0.00159985
-0.00145063
-0.00131519
-0.00119238
-0.001081
-0.000979902
-0.000887994
-0.000804271
-0.000727816
-0.000657805
-0.00059349
-0.000534209
-0.00047936
-0.000428411
-0.000380879
-0.000336334
-0.00029438
-0.000254664
-0.000216856
-0.000180657
-0.000145783
-0.000111972
-7.89697e-05
-4.65374e-05
-1.44372e-05
1.75584e-05
4.96816e-05
8.21604e-05
0.000115232
0.000149136
0.000184125
0.000220462
0.00025843
0.000298328
0.000340485
0.000385254
0.00043303
0.000484241
0.000539372
0.000598954
0.000663586
0.00073393
0.000810729
0.000894803
0.000987065
0.00108851
0.00120024
0.0013234
0.0014592
0.00160878
)
;

boundaryField
{
    inlet_water
    {
        type            fixedFluxPressure;
        gradient        nonuniform List<scalar> 
25
(
3991.71
3992.19
3992.28
3992.03
3991.64
3991.09
3990.4
3989.55
3988.57
3987.46
3986.22
3984.86
3983.39
3981.8
3980.11
3978.32
3976.43
3974.46
3972.39
3970.24
3968.01
3965.69
3963.3
3960.87
3958.22
)
;
        value           nonuniform List<scalar> 
25
(
495.821
495.818
495.811
495.8
495.785
495.767
495.745
495.719
495.689
495.657
495.621
495.581
495.539
495.494
495.447
495.396
495.344
495.289
495.233
495.175
495.115
495.055
494.993
494.932
494.866
)
;
    }
    inlet_air
    {
        type            fixedFluxPressure;
        gradient        nonuniform List<scalar> 
35
(
-0.284782
-0.223902
-0.225928
-0.228442
-0.230487
-0.234515
-0.235334
-0.238379
-0.241241
-0.244168
-0.247161
-0.250219
-0.253337
-0.256508
-0.259724
-0.262975
-0.266251
-0.26954
-0.27283
-0.276109
-0.279364
-0.282583
-0.285747
-0.28885
-0.291883
-0.304352
-0.317799
-0.318383
-0.304083
-0.276457
-0.239077
-0.193956
-0.142631
-0.0869549
-0.0288251
)
;
        value           nonuniform List<scalar> 
35
(
-0.021351
-0.0212492
-0.0212265
-0.0212697
-0.0213354
-0.0213615
-0.0214043
-0.0214484
-0.0214906
-0.0215316
-0.021571
-0.0216087
-0.0216444
-0.0216779
-0.0217087
-0.0217367
-0.0217616
-0.0217831
-0.0218008
-0.0218146
-0.0218241
-0.0218291
-0.0218292
-0.0218241
-0.0218138
-0.021745
-0.0212193
-0.0202058
-0.0186716
-0.0166469
-0.0142019
-0.0114085
-0.00834019
-0.00507604
-0.00169641
)
;
    }
    outlet_water
    {
        type            fixedFluxPressure;
        gradient        nonuniform List<scalar> 
25
(
-3991.18
-3991.66
-3991.74
-3991.48
-3991.08
-3990.53
-3989.83
-3988.99
-3988.02
-3986.92
-3985.7
-3984.36
-3982.91
-3981.35
-3979.69
-3977.93
-3976.08
-3974.14
-3972.11
-3970
-3967.82
-3965.55
-3963.19
-3960.82
-3958.22
)
;
        value           nonuniform List<scalar> 
25
(
-832.077
-832.074
-832.067
-832.056
-832.041
-832.023
-832.001
-831.975
-831.946
-831.914
-831.878
-831.839
-831.798
-831.753
-831.706
-831.656
-831.605
-831.551
-831.495
-831.438
-831.379
-831.319
-831.259
-831.198
-831.133
)
;
    }
    outlet_air
    {
        type            fixedFluxPressure;
        gradient        nonuniform List<scalar> 
35
(
0.279454
0.227751
0.226881
0.229337
0.231523
0.233951
0.235995
0.240123
0.24281
0.245631
0.248541
0.251532
0.254595
0.25772
0.260897
0.264113
0.267357
0.270617
0.273879
0.277131
0.280359
0.283551
0.28669
0.289767
0.292772
0.305128
0.318409
0.318885
0.304526
0.276836
0.239366
0.194169
0.142786
0.0870551
0.0288621
)
;
        value           nonuniform List<scalar> 
35
(
0.0215363
0.021513
0.0214407
0.0214865
0.0215747
0.0215578
0.0216399
0.0216798
0.0217197
0.0217586
0.021796
0.0218318
0.0218655
0.0218969
0.0219256
0.0219515
0.0219742
0.0219933
0.0220087
0.02202
0.0220269
0.0220292
0.0220265
0.0220185
0.0220052
0.0219235
0.0213764
0.0203427
0.0187893
0.0167458
0.0142823
0.0114707
0.00838469
0.00510285
0.00170547
)
;
    }
    lowerWall
    {
        type            fixedFluxPressure;
        gradient        uniform 0;
        value           nonuniform List<scalar> 
50
(
482.449
455.705
429.025
402.387
375.78
349.196
322.628
296.073
269.526
242.986
216.451
189.92
163.391
136.865
110.34
83.817
57.2945
30.7725
4.25104
-22.2701
-48.791
-75.3117
-101.832
-128.353
-154.873
-181.394
-207.914
-234.435
-260.956
-287.476
-313.997
-340.518
-367.04
-393.562
-420.084
-446.608
-473.133
-499.659
-526.187
-552.719
-579.253
-605.793
-632.34
-658.895
-685.462
-712.046
-738.652
-765.288
-791.966
-818.707
)
;
    }
    atmosphere
    {
        type            totalPressure;
        rho             rho;
        psi             none;
        gamma           1;
        p0              uniform 0;
        value           nonuniform List<scalar> 
50
(
0
0
0
0
0
0
0
0
0
0
0
0
0
0
0
0
0
0
0
0
0
0
0
0
0
-5.62573e-15
-4.11153e-14
-1.10105e-13
-2.14378e-13
-3.56642e-13
-5.40633e-13
-7.71209e-13
-1.05453e-12
-1.39825e-12
-1.81178e-12
-2.3066e-12
-2.89676e-12
-3.5993e-12
-4.43505e-12
-5.42943e-12
-6.61367e-12
-8.02624e-12
-9.71492e-12
-1.17394e-11
-1.41753e-11
-1.71189e-11
-2.06974e-11
-2.50748e-11
-3.04599e-11
-3.71394e-11
)
;
    }
    defaultFaces
    {
        type            empty;
    }
}


// ************************************************************************* //
