/*--------------------------------*- C++ -*----------------------------------*\
  =========                 |
  \\      /  F ield         | OpenFOAM: The Open Source CFD Toolbox
   \\    /   O peration     | Website:  https://openfoam.org
    \\  /    A nd           | Version:  8
     \\/     M anipulation  |
\*---------------------------------------------------------------------------*/
FoamFile
{
    version     2.0;
    format      ascii;
    class       surfaceScalarField;
    location    "15";
    object      phi;
}
// * * * * * * * * * * * * * * * * * * * * * * * * * * * * * * * * * * * * * //

dimensions      [0 3 -1 0 0 0 0];

internalField   nonuniform List<scalar> 
5890
(
9.16534e-07
1.78276e-12
9.16532e-07
1.53878e-12
9.16532e-07
4.98952e-13
9.16532e-07
2.75616e-13
9.16532e-07
1.79986e-13
9.16532e-07
1.3287e-13
9.16532e-07
1.07549e-13
9.16532e-07
8.46228e-14
9.16532e-07
6.87683e-14
9.16532e-07
5.25023e-14
9.16532e-07
4.16938e-14
9.16532e-07
3.2311e-14
9.16532e-07
2.64201e-14
9.16532e-07
2.14964e-14
9.16532e-07
1.81779e-14
9.16532e-07
1.51999e-14
9.16532e-07
1.28966e-14
9.16532e-07
1.06866e-14
9.16532e-07
8.81865e-15
9.16532e-07
7.04976e-15
9.16532e-07
5.51922e-15
9.16532e-07
4.03672e-15
9.16532e-07
2.6557e-15
9.16532e-07
1.35378e-15
9.16532e-07
1.7272e-16
9.16532e-07
-1.00025e-15
9.16532e-07
-2.11662e-15
9.16532e-07
-3.32544e-15
9.16532e-07
-4.57498e-15
9.16532e-07
-5.94284e-15
9.16532e-07
-7.30074e-15
9.16532e-07
-8.7512e-15
9.16532e-07
-1.02818e-14
9.16532e-07
-1.2115e-14
9.16532e-07
-1.43617e-14
9.16532e-07
-1.73095e-14
9.16532e-07
-2.10586e-14
9.16532e-07
-2.63858e-14
9.16532e-07
-3.3458e-14
9.16532e-07
-4.32058e-14
9.16532e-07
-5.51491e-14
9.16532e-07
-7.04961e-14
9.16532e-07
-8.74434e-14
9.16532e-07
-1.102e-13
9.16532e-07
-1.37223e-13
9.16532e-07
-1.86681e-13
9.16532e-07
-2.80319e-13
9.16532e-07
-4.87181e-13
9.16533e-07
-1.48742e-12
-1.79078e-12
1.08695e-06
7.29115e-13
1.08695e-06
7.26673e-14
1.08695e-06
-9.6962e-13
1.08696e-06
-9.13739e-13
1.08696e-06
-7.27483e-13
1.08696e-06
-5.35407e-13
1.08696e-06
-3.72608e-13
1.08696e-06
-2.56738e-13
1.08696e-06
-1.70912e-13
1.08696e-06
-1.15782e-13
1.08696e-06
-7.537e-14
1.08696e-06
-4.90296e-14
1.08696e-06
-2.93884e-14
1.08696e-06
-1.65259e-14
1.08696e-06
-7.25779e-15
1.08696e-06
-1.58241e-15
1.08696e-06
2.09465e-15
1.08696e-06
3.86651e-15
1.08696e-06
4.69578e-15
1.08696e-06
4.7199e-15
1.08696e-06
4.34178e-15
1.08696e-06
3.46545e-15
1.08696e-06
2.32408e-15
1.08696e-06
1.06935e-15
1.08696e-06
-1.22355e-16
1.08696e-06
-1.37824e-15
1.08696e-06
-2.47274e-15
1.08696e-06
-3.58127e-15
1.08696e-06
-4.51738e-15
1.08696e-06
-5.24589e-15
1.08696e-06
-5.3706e-15
1.08696e-06
-4.84799e-15
1.08696e-06
-3.52374e-15
1.08696e-06
-1.28371e-15
1.08696e-06
2.21748e-15
1.08696e-06
7.46381e-15
1.08696e-06
1.54285e-14
1.08696e-06
2.67129e-14
1.08696e-06
4.33928e-14
1.08696e-06
6.77379e-14
1.08696e-06
1.05078e-13
1.08696e-06
1.60432e-13
1.08696e-06
2.44067e-13
1.08696e-06
3.60169e-13
1.08696e-06
5.2082e-13
1.08696e-06
7.10169e-13
1.08695e-06
9.00496e-13
1.08695e-06
9.79169e-13
1.08695e-06
-3.23493e-14
-7.39966e-13
1.10899e-06
-1.79817e-12
1.10899e-06
-2.46244e-12
1.10899e-06
-3.00705e-12
1.10899e-06
-2.52682e-12
1.109e-06
-1.94922e-12
1.109e-06
-1.43496e-12
1.109e-06
-1.02192e-12
1.109e-06
-7.19724e-13
1.109e-06
-4.97877e-13
1.109e-06
-3.45586e-13
1.109e-06
-2.36019e-13
1.109e-06
-1.60977e-13
1.109e-06
-1.06986e-13
1.109e-06
-7.00293e-14
1.109e-06
-4.3865e-14
1.109e-06
-2.64073e-14
1.109e-06
-1.45607e-14
1.109e-06
-7.18003e-15
1.109e-06
-2.5024e-15
1.109e-06
1.50524e-16
1.109e-06
1.54553e-15
1.109e-06
1.76954e-15
1.109e-06
1.24905e-15
1.109e-06
3.66116e-16
1.109e-06
-5.79615e-16
1.109e-06
-1.63415e-15
1.109e-06
-2.44646e-15
1.109e-06
-3.14749e-15
1.109e-06
-3.41823e-15
1.109e-06
-3.05808e-15
1.109e-06
-1.37612e-15
1.109e-06
1.89012e-15
1.109e-06
7.15858e-15
1.109e-06
1.4978e-14
1.109e-06
2.6277e-14
1.109e-06
4.26117e-14
1.109e-06
6.63622e-14
1.109e-06
1.00118e-13
1.109e-06
1.48927e-13
1.109e-06
2.19488e-13
1.109e-06
3.23373e-13
1.109e-06
4.74082e-13
1.109e-06
6.92424e-13
1.109e-06
9.94686e-13
1.109e-06
1.40576e-12
1.10899e-06
1.91797e-12
1.10899e-06
2.50189e-12
1.10899e-06
3.00779e-12
1.10899e-06
2.48432e-12
1.78597e-12
1.11201e-06
-4.81699e-12
1.11202e-06
-5.39277e-12
1.11202e-06
-5.23244e-12
1.11202e-06
-4.26134e-12
1.11202e-06
-3.25527e-12
1.11202e-06
-2.39478e-12
1.11202e-06
-1.71455e-12
1.11202e-06
-1.21392e-12
1.11202e-06
-8.4725e-13
1.11203e-06
-5.91317e-13
1.11203e-06
-4.07974e-13
1.11203e-06
-2.80921e-13
1.11203e-06
-1.9029e-13
1.11203e-06
-1.27627e-13
1.11203e-06
-8.34493e-14
1.11203e-06
-5.3411e-14
1.11203e-06
-3.28281e-14
1.11203e-06
-1.94229e-14
1.11203e-06
-1.05901e-14
1.11203e-06
-5.06659e-15
1.11203e-06
-1.71382e-15
1.11203e-06
-2.48415e-16
1.11203e-06
-4.6585e-17
1.11203e-06
-4.66882e-16
1.11203e-06
-1.09216e-15
1.11203e-06
-1.86757e-15
1.11203e-06
-2.32606e-15
1.11203e-06
-2.53551e-15
1.11203e-06
-2.04819e-15
1.11203e-06
-4.8542e-16
1.11203e-06
3.16572e-15
1.11203e-06
9.39477e-15
1.11203e-06
1.88882e-14
1.11203e-06
3.26583e-14
1.11203e-06
5.22698e-14
1.11203e-06
8.03961e-14
1.11203e-06
1.20952e-13
1.11203e-06
1.7857e-13
1.11203e-06
2.61548e-13
1.11203e-06
3.81112e-13
1.11202e-06
5.55723e-13
1.11202e-06
8.07546e-13
1.11202e-06
1.16925e-12
1.11202e-06
1.66963e-12
1.11202e-06
2.34846e-12
1.11202e-06
3.20814e-12
1.11202e-06
4.22247e-12
1.11202e-06
5.22061e-12
1.11201e-06
5.39551e-12
4.79595e-12
1.11235e-06
-7.9974e-12
1.11236e-06
-8.40818e-12
1.11236e-06
-7.52006e-12
1.11236e-06
-6.02383e-12
1.11236e-06
-4.57457e-12
1.11236e-06
-3.36136e-12
1.11236e-06
-2.411e-12
1.11236e-06
-1.71044e-12
1.11236e-06
-1.19822e-12
1.11236e-06
-8.38081e-13
1.11237e-06
-5.80655e-13
1.11237e-06
-4.01335e-13
1.11237e-06
-2.73935e-13
1.11237e-06
-1.85464e-13
1.11237e-06
-1.23226e-13
1.11237e-06
-8.05634e-14
1.11237e-06
-5.12188e-14
1.11237e-06
-3.17657e-14
1.11237e-06
-1.87614e-14
1.11237e-06
-1.03431e-14
1.11237e-06
-5.01278e-15
1.11237e-06
-2.29064e-15
1.11237e-06
-1.37014e-15
1.11237e-06
-1.31701e-15
1.11237e-06
-1.61977e-15
1.11237e-06
-2.10548e-15
1.11237e-06
-2.20555e-15
1.11237e-06
-1.91479e-15
1.11237e-06
-6.73834e-16
1.11237e-06
2.08499e-15
1.11237e-06
7.71263e-15
1.11237e-06
1.69264e-14
1.11237e-06
3.06554e-14
1.11237e-06
5.0392e-14
1.11237e-06
7.83249e-14
1.11237e-06
1.1826e-13
1.11237e-06
1.75647e-13
1.11237e-06
2.57132e-13
1.11237e-06
3.74276e-13
1.11236e-06
5.42784e-13
1.11236e-06
7.88134e-13
1.11236e-06
1.14116e-12
1.11236e-06
1.64682e-12
1.11236e-06
2.34664e-12
1.11236e-06
3.29631e-12
1.11236e-06
4.51023e-12
1.11236e-06
5.96948e-12
1.11236e-06
7.49357e-12
1.11235e-06
8.39255e-12
7.96936e-12
1.11238e-06
-1.12955e-11
1.11239e-06
-1.14633e-11
1.11239e-06
-9.84676e-12
1.11239e-06
-7.79758e-12
1.11239e-06
-5.89356e-12
1.1124e-06
-4.3238e-12
1.1124e-06
-3.10287e-12
1.1124e-06
-2.20296e-12
1.1124e-06
-1.54613e-12
1.1124e-06
-1.08251e-12
1.1124e-06
-7.51648e-13
1.1124e-06
-5.20504e-13
1.1124e-06
-3.56705e-13
1.1124e-06
-2.42682e-13
1.1124e-06
-1.62585e-13
1.1124e-06
-1.07431e-13
1.1124e-06
-6.94243e-14
1.1124e-06
-4.39903e-14
1.1124e-06
-2.68618e-14
1.1124e-06
-1.55642e-14
1.1124e-06
-8.26612e-15
1.1124e-06
-4.29559e-15
1.1124e-06
-2.68402e-15
1.1124e-06
-2.16025e-15
1.1124e-06
-2.15254e-15
1.1124e-06
-2.35359e-15
1.1124e-06
-2.10163e-15
1.1124e-06
-1.31339e-15
1.1124e-06
6.57346e-16
1.1124e-06
4.58164e-15
1.1124e-06
1.21682e-14
1.1124e-06
2.43607e-14
1.1124e-06
4.22804e-14
1.1124e-06
6.79267e-14
1.1124e-06
1.04085e-13
1.1124e-06
1.5571e-13
1.1124e-06
2.29753e-13
1.1124e-06
3.34836e-13
1.1124e-06
4.85724e-13
1.1124e-06
7.02549e-13
1.1124e-06
1.01779e-12
1.1124e-06
1.471e-12
1.1124e-06
2.11954e-12
1.1124e-06
3.01811e-12
1.11239e-06
4.23913e-12
1.11239e-06
5.81126e-12
1.11239e-06
7.72694e-12
1.11239e-06
9.80474e-12
1.11238e-06
1.14308e-11
1.12635e-11
1.11239e-06
-1.47209e-11
1.11239e-06
-1.4561e-11
1.11239e-06
-1.22065e-11
1.1124e-06
-9.57796e-12
1.1124e-06
-7.20793e-12
1.1124e-06
-5.27826e-12
1.1124e-06
-3.78702e-12
1.1124e-06
-2.68901e-12
1.1124e-06
-1.88911e-12
1.1124e-06
-1.32323e-12
1.1124e-06
-9.19944e-13
1.1124e-06
-6.37715e-13
1.1124e-06
-4.38094e-13
1.1124e-06
-2.98928e-13
1.1124e-06
-2.01277e-13
1.1124e-06
-1.33841e-13
1.1124e-06
-8.73202e-14
1.1124e-06
-5.60102e-14
1.1124e-06
-3.48306e-14
1.1124e-06
-2.06853e-14
1.1124e-06
-1.14393e-14
1.1124e-06
-6.23801e-15
1.1124e-06
-3.97549e-15
1.1124e-06
-2.98704e-15
1.1124e-06
-2.68842e-15
1.1124e-06
-2.61324e-15
1.1124e-06
-2.02036e-15
1.1124e-06
-7.39227e-16
1.1124e-06
1.92821e-15
1.1124e-06
6.97411e-15
1.1124e-06
1.64941e-14
1.1124e-06
3.16529e-14
1.1124e-06
5.3698e-14
1.1124e-06
8.51693e-14
1.1124e-06
1.29417e-13
1.1124e-06
1.92561e-13
1.1124e-06
2.83011e-13
1.1124e-06
4.11314e-13
1.1124e-06
5.95354e-13
1.1124e-06
8.59639e-13
1.1124e-06
1.24359e-12
1.1124e-06
1.79551e-12
1.1124e-06
2.58529e-12
1.1124e-06
3.68126e-12
1.1124e-06
5.17339e-12
1.1124e-06
7.10718e-12
1.11239e-06
9.49059e-12
1.11239e-06
1.21487e-11
1.11239e-06
1.45132e-11
1.46871e-11
1.11239e-06
-1.82893e-11
1.11239e-06
-1.77093e-11
1.11239e-06
-1.45947e-11
1.1124e-06
-1.13605e-11
1.1124e-06
-8.51337e-12
1.1124e-06
-6.22095e-12
1.1124e-06
-4.46036e-12
1.1124e-06
-3.16622e-12
1.1124e-06
-2.22538e-12
1.1124e-06
-1.55893e-12
1.1124e-06
-1.08461e-12
1.1124e-06
-7.52304e-13
1.1124e-06
-5.17627e-13
1.1124e-06
-3.53869e-13
1.1124e-06
-2.39066e-13
1.1124e-06
-1.59626e-13
1.1124e-06
-1.04788e-13
1.1124e-06
-6.77427e-14
1.1124e-06
-4.26103e-14
1.1124e-06
-2.56632e-14
1.1124e-06
-1.44989e-14
1.1124e-06
-8.09311e-15
1.1124e-06
-5.23335e-15
1.1124e-06
-3.78782e-15
1.1124e-06
-3.22625e-15
1.1124e-06
-2.88587e-15
1.1124e-06
-1.96872e-15
1.1124e-06
-1.99949e-16
1.1124e-06
3.12086e-15
1.1124e-06
9.22914e-15
1.1124e-06
2.06496e-14
1.1124e-06
3.87566e-14
1.1124e-06
6.484e-14
1.1124e-06
1.02021e-13
1.1124e-06
1.54185e-13
1.1124e-06
2.28621e-13
1.1124e-06
3.35154e-13
1.1124e-06
4.86188e-13
1.1124e-06
7.02621e-13
1.1124e-06
1.01326e-12
1.1124e-06
1.46438e-12
1.1124e-06
2.11313e-12
1.1124e-06
3.04191e-12
1.1124e-06
4.33326e-12
1.1124e-06
6.09556e-12
1.1124e-06
8.39394e-12
1.11239e-06
1.12562e-11
1.11239e-06
1.45214e-11
1.11239e-06
1.76476e-11
1.8255e-11
1.11239e-06
-2.20154e-11
1.11239e-06
-2.09157e-11
1.11239e-06
-1.70083e-11
1.1124e-06
-1.31414e-11
1.1124e-06
-9.80626e-12
1.1124e-06
-7.1488e-12
1.1124e-06
-5.12042e-12
1.1124e-06
-3.63274e-12
1.1124e-06
-2.55354e-12
1.1124e-06
-1.78863e-12
1.1124e-06
-1.24491e-12
1.1124e-06
-8.63761e-13
1.1124e-06
-5.94943e-13
1.1124e-06
-4.07258e-13
1.1124e-06
-2.75779e-13
1.1124e-06
-1.84669e-13
1.1124e-06
-1.21743e-13
1.1124e-06
-7.91314e-14
1.1124e-06
-5.01643e-14
1.1124e-06
-3.047e-14
1.1124e-06
-1.74218e-14
1.1124e-06
-9.84339e-15
1.1124e-06
-6.45319e-15
1.1124e-06
-4.55561e-15
1.1124e-06
-3.76737e-15
1.1124e-06
-3.17261e-15
1.1124e-06
-1.95274e-15
1.1124e-06
3.01499e-16
1.1124e-06
4.22295e-15
1.1124e-06
1.13188e-14
1.1124e-06
2.46032e-14
1.1124e-06
4.56411e-14
1.1124e-06
7.56575e-14
1.1124e-06
1.18405e-13
1.1124e-06
1.78283e-13
1.1124e-06
2.6374e-13
1.1124e-06
3.85974e-13
1.1124e-06
5.59153e-13
1.1124e-06
8.07079e-13
1.1124e-06
1.16276e-12
1.1124e-06
1.67921e-12
1.1124e-06
2.42252e-12
1.1124e-06
3.48759e-12
1.1124e-06
4.97171e-12
1.1124e-06
7.00262e-12
1.1124e-06
9.66797e-12
1.11239e-06
1.30203e-11
1.11239e-06
1.69198e-11
1.11239e-06
2.08414e-11
2.19813e-11
1.11239e-06
-2.59096e-11
1.11239e-06
-2.41845e-11
1.11239e-06
-1.94424e-11
1.1124e-06
-1.49152e-11
1.1124e-06
-1.10816e-11
1.1124e-06
-8.05773e-12
1.1124e-06
-5.76412e-12
1.1124e-06
-4.08629e-12
1.1124e-06
-2.87194e-12
1.1124e-06
-2.01112e-12
1.1124e-06
-1.4e-12
1.1124e-06
-9.7148e-13
1.1124e-06
-6.69615e-13
1.1124e-06
-4.58793e-13
1.1124e-06
-3.11204e-13
1.1124e-06
-2.0882e-13
1.1124e-06
-1.3808e-13
1.1124e-06
-9.01027e-14
1.1124e-06
-5.74438e-14
1.1124e-06
-3.50674e-14
1.1124e-06
-2.01772e-14
1.1124e-06
-1.14649e-14
1.1124e-06
-7.62864e-15
1.1124e-06
-5.27952e-15
1.1124e-06
-4.31336e-15
1.1124e-06
-3.47412e-15
1.1124e-06
-1.98129e-15
1.1124e-06
7.61327e-16
1.1124e-06
5.21786e-15
1.1124e-06
1.32061e-14
1.1124e-06
2.83127e-14
1.1124e-06
5.22645e-14
1.1124e-06
8.60846e-14
1.1124e-06
1.34218e-13
1.1124e-06
2.01576e-13
1.1124e-06
2.97728e-13
1.1124e-06
4.35206e-13
1.1124e-06
6.29838e-13
1.1124e-06
9.08187e-13
1.1124e-06
1.30733e-12
1.1124e-06
1.88694e-12
1.1124e-06
2.72205e-12
1.1124e-06
3.92008e-12
1.1124e-06
5.59361e-12
1.1124e-06
7.89065e-12
1.1124e-06
1.09244e-11
1.11239e-06
1.47773e-11
1.11239e-06
1.93392e-11
1.11239e-06
2.40987e-11
2.58766e-11
1.11239e-06
-2.99803e-11
1.11239e-06
-2.75185e-11
1.11239e-06
-2.18927e-11
1.1124e-06
-1.66766e-11
1.1124e-06
-1.23349e-11
1.1124e-06
-8.94439e-12
1.1124e-06
-6.38899e-12
1.1124e-06
-4.5251e-12
1.1124e-06
-3.17933e-12
1.1124e-06
-2.22552e-12
1.1124e-06
-1.54924e-12
1.1124e-06
-1.07502e-12
1.1124e-06
-7.41332e-13
1.1124e-06
-5.08264e-13
1.1124e-06
-3.45196e-13
1.1124e-06
-2.3198e-13
1.1124e-06
-1.53729e-13
1.1124e-06
-1.00611e-13
1.1124e-06
-6.44218e-14
1.1124e-06
-3.94326e-14
1.1124e-06
-2.27446e-14
1.1124e-06
-1.29407e-14
1.1124e-06
-8.76148e-15
1.1124e-06
-5.94965e-15
1.1124e-06
-4.86915e-15
1.1124e-06
-3.78942e-15
1.1124e-06
-2.0628e-15
1.1124e-06
1.18302e-15
1.1124e-06
6.09629e-15
1.1124e-06
1.48596e-14
1.1124e-06
3.1747e-14
1.1124e-06
5.86048e-14
1.1124e-06
9.60793e-14
1.1124e-06
1.49386e-13
1.1124e-06
2.23967e-13
1.1124e-06
3.30446e-13
1.1124e-06
4.82663e-13
1.1124e-06
6.97972e-13
1.1124e-06
1.00555e-12
1.1124e-06
1.44638e-12
1.1124e-06
2.08668e-12
1.1124e-06
3.01045e-12
1.1124e-06
4.33762e-12
1.1124e-06
6.19651e-12
1.1124e-06
8.75631e-12
1.1124e-06
1.21589e-11
1.11239e-06
1.65222e-11
1.11239e-06
2.17755e-11
1.11239e-06
2.74226e-11
2.99493e-11
1.11239e-06
-3.42309e-11
1.11239e-06
-3.09175e-11
1.11239e-06
-2.43524e-11
1.1124e-06
-1.84184e-11
1.1124e-06
-1.35603e-11
1.1124e-06
-9.80435e-12
1.1124e-06
-6.99185e-12
1.1124e-06
-4.94695e-12
1.1124e-06
-3.47413e-12
1.1124e-06
-2.43072e-12
1.1124e-06
-1.69184e-12
1.1124e-06
-1.17383e-12
1.1124e-06
-8.09705e-13
1.1124e-06
-5.55397e-13
1.1124e-06
-3.77564e-13
1.1124e-06
-2.54015e-13
1.1124e-06
-1.68594e-13
1.1124e-06
-1.10588e-13
1.1124e-06
-7.1058e-14
1.1124e-06
-4.35307e-14
1.1124e-06
-2.50945e-14
1.1124e-06
-1.42454e-14
1.1124e-06
-9.85274e-15
1.1124e-06
-6.54944e-15
1.1124e-06
-5.44167e-15
1.1124e-06
-4.11617e-15
1.1124e-06
-2.2104e-15
1.1124e-06
1.57112e-15
1.1124e-06
6.84467e-15
1.1124e-06
1.62364e-14
1.1124e-06
3.48631e-14
1.1124e-06
6.46303e-14
1.1124e-06
1.05583e-13
1.1124e-06
1.63801e-13
1.1124e-06
2.45331e-13
1.1124e-06
3.61714e-13
1.1124e-06
5.28103e-13
1.1124e-06
7.63214e-13
1.1124e-06
1.09866e-12
1.1124e-06
1.57916e-12
1.1124e-06
2.27733e-12
1.1124e-06
3.28615e-12
1.1124e-06
4.73798e-12
1.1124e-06
6.7773e-12
1.1124e-06
9.5953e-12
1.1124e-06
1.33657e-11
1.11239e-06
1.82478e-11
1.11239e-06
2.42217e-11
1.11239e-06
3.08126e-11
3.4203e-11
1.11239e-06
-3.86616e-11
1.11239e-06
-3.43798e-11
1.11239e-06
-2.68145e-11
1.1124e-06
-2.01337e-11
1.1124e-06
-1.47524e-11
1.1124e-06
-1.06339e-11
1.1124e-06
-7.57022e-12
1.1124e-06
-5.35017e-12
1.1124e-06
-3.7552e-12
1.1124e-06
-2.62594e-12
1.1124e-06
-1.82727e-12
1.1124e-06
-1.26752e-12
1.1124e-06
-8.74473e-13
1.1124e-06
-6.00015e-13
1.1124e-06
-4.08189e-13
1.1124e-06
-2.74843e-13
1.1124e-06
-1.82618e-13
1.1124e-06
-1.19999e-13
1.1124e-06
-7.73357e-14
1.1124e-06
-4.7343e-14
1.1124e-06
-2.72082e-14
1.1124e-06
-1.53598e-14
1.1124e-06
-1.0915e-14
1.1124e-06
-7.05973e-15
1.1124e-06
-6.04718e-15
1.1124e-06
-4.4845e-15
1.1124e-06
-2.43688e-15
1.1124e-06
1.94171e-15
1.1124e-06
7.45802e-15
1.1124e-06
1.72977e-14
1.1124e-06
3.76296e-14
1.1124e-06
7.03331e-14
1.1124e-06
1.14566e-13
1.1124e-06
1.77383e-13
1.1124e-06
2.65589e-13
1.1124e-06
3.91412e-13
1.1124e-06
5.71368e-13
1.1124e-06
8.25343e-13
1.1124e-06
1.1872e-12
1.1124e-06
1.70515e-12
1.1124e-06
2.45808e-12
1.1124e-06
3.54796e-12
1.1124e-06
5.11946e-12
1.1124e-06
7.33348e-12
1.1124e-06
1.0404e-11
1.1124e-06
1.45395e-11
1.11239e-06
1.99475e-11
1.11239e-06
2.6671e-11
1.11239e-06
3.42672e-11
3.86381e-11
1.11239e-06
-4.32667e-11
1.11239e-06
-3.79e-11
1.1124e-06
-2.92688e-11
1.1124e-06
-2.18131e-11
1.1124e-06
-1.59043e-11
1.1124e-06
-1.14283e-11
1.1124e-06
-8.12085e-12
1.1124e-06
-5.73258e-12
1.1124e-06
-4.02106e-12
1.1124e-06
-2.81013e-12
1.1124e-06
-1.95478e-12
1.1124e-06
-1.35559e-12
1.1124e-06
-9.35279e-13
1.1124e-06
-6.41871e-13
1.1124e-06
-4.369e-13
1.1124e-06
-2.94346e-13
1.1124e-06
-1.95713e-13
1.1124e-06
-1.28781e-13
1.1124e-06
-8.32237e-14
1.1124e-06
-5.08368e-14
1.1124e-06
-2.9056e-14
1.1124e-06
-1.62534e-14
1.1124e-06
-1.19649e-14
1.1124e-06
-7.44875e-15
1.1124e-06
-6.65388e-15
1.1124e-06
-4.87322e-15
1.1124e-06
-2.63238e-15
1.1124e-06
2.31329e-15
1.1124e-06
7.92178e-15
1.1124e-06
1.79845e-14
1.1124e-06
3.9999e-14
1.1124e-06
7.56959e-14
1.1124e-06
1.22983e-13
1.1124e-06
1.90012e-13
1.1124e-06
2.84631e-13
1.1124e-06
4.19371e-13
1.1124e-06
6.12238e-13
1.1124e-06
8.8406e-13
1.1124e-06
1.27072e-12
1.1124e-06
1.82368e-12
1.1124e-06
2.62793e-12
1.1124e-06
3.79439e-12
1.1124e-06
5.47987e-12
1.1124e-06
7.86187e-12
1.1124e-06
1.11776e-11
1.1124e-06
1.56733e-11
1.1124e-06
2.16118e-11
1.11239e-06
2.91131e-11
1.11239e-06
3.7781e-11
4.32489e-11
1.11239e-06
-4.80356e-11
1.11239e-06
-4.14716e-11
1.1124e-06
-3.17045e-11
1.1124e-06
-2.34472e-11
1.1124e-06
-1.70094e-11
1.1124e-06
-1.21834e-11
1.1124e-06
-8.64121e-12
1.1124e-06
-6.09258e-12
1.1124e-06
-4.27066e-12
1.1124e-06
-2.98261e-12
1.1124e-06
-2.07391e-12
1.1124e-06
-1.43771e-12
1.1124e-06
-9.91901e-13
1.1124e-06
-6.80816e-13
1.1124e-06
-4.63597e-13
1.1124e-06
-3.12457e-13
1.1124e-06
-2.07833e-13
1.1124e-06
-1.36902e-13
1.1124e-06
-8.87167e-14
1.1124e-06
-5.39951e-14
1.1124e-06
-3.06201e-14
1.1124e-06
-1.68964e-14
1.1124e-06
-1.30419e-14
1.1124e-06
-7.89645e-15
1.1124e-06
-7.34961e-15
1.1124e-06
-5.74532e-15
1.1124e-06
-2.79938e-15
1.1124e-06
2.33259e-15
1.1124e-06
7.86688e-15
1.1124e-06
1.8168e-14
1.1124e-06
4.19353e-14
1.1124e-06
8.07341e-14
1.1124e-06
1.30828e-13
1.1124e-06
2.01592e-13
1.1124e-06
3.02402e-13
1.1124e-06
4.45483e-13
1.1124e-06
6.50581e-13
1.1124e-06
9.39187e-13
1.1124e-06
1.34896e-12
1.1124e-06
1.9343e-12
1.1124e-06
2.78616e-12
1.1124e-06
4.02434e-12
1.1124e-06
5.81757e-12
1.1124e-06
8.35993e-12
1.1124e-06
1.19122e-11
1.1124e-06
1.6761e-11
1.1124e-06
2.32315e-11
1.11239e-06
3.15374e-11
1.11239e-06
4.13474e-11
4.80251e-11
1.11239e-06
-5.29496e-11
1.11239e-06
-4.50835e-11
1.1124e-06
-3.41063e-11
1.1124e-06
-2.50237e-11
1.1124e-06
-1.80595e-11
1.1124e-06
-1.28939e-11
1.1124e-06
-9.12795e-12
1.1124e-06
-6.42801e-12
1.1124e-06
-4.50257e-12
1.1124e-06
-3.14238e-12
1.1124e-06
-2.18397e-12
1.1124e-06
-1.51341e-12
1.1124e-06
-1.04401e-12
1.1124e-06
-7.16624e-13
1.1124e-06
-4.88126e-13
1.1124e-06
-3.29066e-13
1.1124e-06
-2.18897e-13
1.1124e-06
-1.44301e-13
1.1124e-06
-9.37945e-14
1.1124e-06
-5.67842e-14
1.1124e-06
-3.18727e-14
1.1124e-06
-1.72227e-14
1.1124e-06
-1.38823e-14
1.1124e-06
-8.36745e-15
1.1124e-06
-7.16044e-15
1.1124e-06
-6.16844e-15
1.1124e-06
-1.20774e-15
1.1124e-06
2.05562e-15
1.1124e-06
7.64513e-15
1.1124e-06
1.84886e-14
1.1124e-06
4.4258e-14
1.1124e-06
8.58979e-14
1.1124e-06
1.38246e-13
1.1124e-06
2.12003e-13
1.1124e-06
3.18819e-13
1.1124e-06
4.69579e-13
1.1124e-06
6.86191e-13
1.1124e-06
9.90463e-13
1.1124e-06
1.42154e-12
1.1124e-06
2.0364e-12
1.1124e-06
2.9318e-12
1.1124e-06
4.23637e-12
1.1124e-06
6.13041e-12
1.1124e-06
8.82438e-12
1.1124e-06
1.26025e-11
1.1124e-06
1.77944e-11
1.1124e-06
2.47944e-11
1.11239e-06
3.39284e-11
1.11239e-06
4.49558e-11
5.29483e-11
1.11239e-06
-5.79832e-11
1.11239e-06
-4.87236e-11
1.1124e-06
-3.64573e-11
1.1124e-06
-2.65301e-11
1.1124e-06
-1.90469e-11
1.1124e-06
-1.35554e-11
1.1124e-06
-9.57847e-12
1.1124e-06
-6.73733e-12
1.1124e-06
-4.7158e-12
1.1124e-06
-3.28879e-12
1.1124e-06
-2.28451e-12
1.1124e-06
-1.58238e-12
1.1124e-06
-1.0914e-12
1.1124e-06
-7.4916e-13
1.1124e-06
-5.10397e-13
1.1124e-06
-3.44117e-13
1.1124e-06
-2.28861e-13
1.1124e-06
-1.50945e-13
1.1124e-06
-9.84652e-14
1.1124e-06
-5.91845e-14
1.1124e-06
-3.28226e-14
1.1124e-06
-1.74839e-14
1.1124e-06
-1.46315e-14
1.1124e-06
-1.29499e-14
1.1124e-06
-7.39424e-15
1.1124e-06
-5.55342e-15
1.1124e-06
-2.20482e-15
1.1124e-06
-3.94323e-15
1.1124e-06
2.89386e-15
1.1124e-06
1.78821e-14
1.1124e-06
4.57435e-14
1.1124e-06
8.98621e-14
1.1124e-06
1.43941e-13
1.1124e-06
2.20138e-13
1.1124e-06
3.33268e-13
1.1124e-06
4.91253e-13
1.1124e-06
7.1884e-13
1.1124e-06
1.03772e-12
1.1124e-06
1.48823e-12
1.1124e-06
2.12959e-12
1.1124e-06
3.0642e-12
1.1124e-06
4.42943e-12
1.1124e-06
6.41679e-12
1.1124e-06
9.25262e-12
1.1124e-06
1.32444e-11
1.1124e-06
1.87658e-11
1.1124e-06
2.62884e-11
1.11239e-06
3.62694e-11
1.11239e-06
4.85937e-11
5.79929e-11
1.11239e-06
-6.30998e-11
1.11239e-06
-5.23745e-11
1.1124e-06
-3.87349e-11
1.1124e-06
-2.79508e-11
1.1124e-06
-1.99617e-11
1.1124e-06
-1.41622e-11
1.1124e-06
-9.98932e-12
1.1124e-06
-7.01836e-12
1.1124e-06
-4.90895e-12
1.1124e-06
-3.42089e-12
1.1124e-06
-2.37489e-12
1.1124e-06
-1.64419e-12
1.1124e-06
-1.13378e-12
1.1124e-06
-7.78228e-13
1.1124e-06
-5.30279e-13
1.1124e-06
-3.57517e-13
1.1124e-06
-2.37655e-13
1.1124e-06
-1.56763e-13
1.1124e-06
-1.02723e-13
1.1124e-06
-6.11565e-14
1.1124e-06
-3.32323e-14
1.1124e-06
-1.7323e-14
1.1124e-06
-9.14626e-15
1.1124e-06
-1.16794e-14
1.1124e-06
-1.00063e-14
1.1124e-06
-7.51064e-15
1.1124e-06
-5.05881e-15
1.1124e-06
-2.50526e-15
1.1124e-06
9.07238e-15
1.1124e-06
2.933e-14
1.1124e-06
5.80501e-14
1.1124e-06
9.94367e-14
1.1124e-06
1.52024e-13
1.1124e-06
2.28597e-13
1.1124e-06
3.47661e-13
1.1124e-06
5.11799e-13
1.1124e-06
7.49452e-13
1.1124e-06
1.08148e-12
1.1124e-06
1.54912e-12
1.1124e-06
2.21349e-12
1.1124e-06
3.18253e-12
1.1124e-06
4.60219e-12
1.1124e-06
6.67463e-12
1.1124e-06
9.64133e-12
1.1124e-06
1.38322e-11
1.1124e-06
1.96659e-11
1.1124e-06
2.76978e-11
1.11239e-06
3.85378e-11
1.11239e-06
5.2244e-11
6.31223e-11
1.11239e-06
-6.82518e-11
1.11239e-06
-5.60163e-11
1.1124e-06
-4.09134e-11
1.1124e-06
-2.92692e-11
1.1124e-06
-2.07948e-11
1.1124e-06
-1.47091e-11
1.1124e-06
-1.03575e-11
1.1124e-06
-7.26931e-12
1.1124e-06
-5.08077e-12
1.1124e-06
-3.53779e-12
1.1124e-06
-2.45439e-12
1.1124e-06
-1.69822e-12
1.1124e-06
-1.17062e-12
1.1124e-06
-8.03374e-13
1.1124e-06
-5.47393e-13
1.1124e-06
-3.68967e-13
1.1124e-06
-2.4507e-13
1.1124e-06
-1.6163e-13
1.1124e-06
-1.0659e-13
1.1124e-06
-6.28197e-14
1.1124e-06
-3.33347e-14
1.1124e-06
-2.50455e-14
1.1124e-06
-1.61579e-14
1.1124e-06
-8.65995e-15
1.1124e-06
-6.70717e-15
1.1124e-06
-4.82547e-15
1.1124e-06
-2.66642e-15
1.1124e-06
2.44099e-15
1.1124e-06
1.2731e-14
1.1124e-06
2.65552e-14
1.1124e-06
4.04796e-14
1.1124e-06
7.93257e-14
1.1124e-06
1.35616e-13
1.1124e-06
2.19078e-13
1.1124e-06
3.50719e-13
1.1124e-06
5.24485e-13
1.1124e-06
7.74163e-13
1.1124e-06
1.11919e-12
1.1124e-06
1.60213e-12
1.1124e-06
2.28609e-12
1.1124e-06
3.2847e-12
1.1124e-06
4.75242e-12
1.1124e-06
6.90147e-12
1.1124e-06
9.98718e-12
1.1124e-06
1.43608e-11
1.1124e-06
2.04854e-11
1.1124e-06
2.90062e-11
1.11239e-06
4.07077e-11
1.11239e-06
5.58863e-11
6.82888e-11
1.11239e-06
-7.33767e-11
1.1124e-06
-5.96237e-11
1.1124e-06
-4.29598e-11
1.1124e-06
-3.04661e-11
1.1124e-06
-2.15357e-11
1.1124e-06
-1.51908e-11
1.1124e-06
-1.06805e-11
1.1124e-06
-7.48895e-12
1.1124e-06
-5.2308e-12
1.1124e-06
-3.63943e-12
1.1124e-06
-2.52324e-12
1.1124e-06
-1.74488e-12
1.1124e-06
-1.20245e-12
1.1124e-06
-8.25182e-13
1.1124e-06
-5.62313e-13
1.1124e-06
-3.78966e-13
1.1124e-06
-2.51459e-13
1.1124e-06
-1.65732e-13
1.1124e-06
-1.10083e-13
1.1124e-06
-6.41358e-14
1.1124e-06
-2.50297e-14
1.1124e-06
-1.30125e-14
1.1124e-06
-1.62523e-14
1.1124e-06
-1.49517e-14
1.1124e-06
-1.27103e-14
1.1124e-06
-1.05758e-14
1.1124e-06
-9.34417e-15
1.1124e-06
-4.55339e-15
1.1124e-06
2.46948e-15
1.1124e-06
1.27208e-14
1.1124e-06
3.77744e-14
1.1124e-06
9.72922e-14
1.1124e-06
1.69675e-13
1.1124e-06
2.62974e-13
1.1124e-06
3.97016e-13
1.1124e-06
5.65485e-13
1.1124e-06
8.16022e-13
1.1124e-06
1.1647e-12
1.1124e-06
1.65468e-12
1.1124e-06
2.35112e-12
1.1124e-06
3.37296e-12
1.1124e-06
4.88159e-12
1.1124e-06
7.09791e-12
1.1124e-06
1.02893e-11
1.1124e-06
1.48269e-11
1.1124e-06
2.12158e-11
1.1124e-06
3.01962e-11
1.1124e-06
4.27475e-11
1.11239e-06
5.94962e-11
7.34304e-11
1.11239e-06
-7.8397e-11
1.1124e-06
-6.31716e-11
1.1124e-06
-4.4835e-11
1.1124e-06
-3.152e-11
1.1124e-06
-2.21727e-11
1.1124e-06
-1.56004e-11
1.1124e-06
-1.09535e-11
1.1124e-06
-7.67379e-12
1.1124e-06
-5.35606e-12
1.1124e-06
-3.72301e-12
1.1124e-06
-2.57836e-12
1.1124e-06
-1.7806e-12
1.1124e-06
-1.22522e-12
1.1124e-06
-8.3936e-13
1.1124e-06
-5.70914e-13
1.1124e-06
-3.84056e-13
1.1124e-06
-2.54536e-13
1.1124e-06
-1.68574e-13
1.1124e-06
-1.12973e-13
1.1124e-06
-6.76037e-14
1.1124e-06
-4.1338e-14
1.1124e-06
-2.37274e-14
1.1124e-06
-1.02745e-14
1.1124e-06
-6.08591e-15
1.1124e-06
-5.52145e-15
1.1124e-06
-3.13929e-15
1.1124e-06
-4.29845e-16
1.1124e-06
4.81165e-15
1.1124e-06
1.32604e-14
1.1124e-06
2.76492e-14
1.1124e-06
5.65124e-14
1.1124e-06
9.96385e-14
1.1124e-06
1.47202e-13
1.1124e-06
2.24558e-13
1.1124e-06
3.55192e-13
1.1124e-06
5.34854e-13
1.1124e-06
7.94428e-13
1.1124e-06
1.15678e-12
1.1124e-06
1.66334e-12
1.1124e-06
2.37991e-12
1.1124e-06
3.42773e-12
1.1124e-06
4.97572e-12
1.1124e-06
7.25404e-12
1.1124e-06
1.05394e-11
1.1124e-06
1.52216e-11
1.1124e-06
2.18437e-11
1.1124e-06
3.12445e-11
1.1124e-06
4.46163e-11
1.11239e-06
6.30467e-11
7.8468e-11
1.11239e-06
-8.32043e-11
1.11239e-06
-6.66338e-11
1.11239e-06
-4.64868e-11
1.1124e-06
-3.24079e-11
1.1124e-06
-2.26982e-11
1.1124e-06
-1.59393e-11
1.1124e-06
-1.11823e-11
1.1124e-06
-7.832e-12
1.1124e-06
-5.46627e-12
1.1124e-06
-3.79953e-12
1.1124e-06
-2.63195e-12
1.1124e-06
-1.81902e-12
1.1124e-06
-1.25347e-12
1.1124e-06
-8.60322e-13
1.1124e-06
-5.86332e-13
1.1124e-06
-3.95061e-13
1.1124e-06
-2.62189e-13
1.1124e-06
-1.75307e-13
1.1124e-06
-1.16161e-13
1.1124e-06
-4.75332e-14
1.1124e-06
-2.1024e-14
1.1124e-06
-1.63385e-14
1.1124e-06
-1.69376e-14
1.1124e-06
-1.81872e-14
1.1124e-06
-1.43764e-14
1.1124e-06
-1.29598e-14
1.1124e-06
-1.22302e-14
1.1124e-06
-8.81144e-15
1.1124e-06
-4.18819e-15
1.1124e-06
7.42503e-15
1.1124e-06
3.92732e-14
1.1124e-06
8.10646e-14
1.1124e-06
1.59046e-13
1.1124e-06
2.68083e-13
1.1124e-06
4.31683e-13
1.1124e-06
6.05857e-13
1.1124e-06
8.62381e-13
1.1124e-06
1.22221e-12
1.1124e-06
1.73504e-12
1.1124e-06
2.46342e-12
1.1124e-06
3.52518e-12
1.1124e-06
5.09465e-12
1.1124e-06
7.41155e-12
1.1124e-06
1.07659e-11
1.1124e-06
1.55641e-11
1.1124e-06
2.23771e-11
1.11239e-06
3.21433e-11
1.11239e-06
4.62748e-11
1.11239e-06
6.6523e-11
8.33007e-11
1.11236e-06
-8.75752e-11
1.11237e-06
-6.99166e-11
1.11237e-06
-4.77678e-11
1.11237e-06
-3.30198e-11
1.11237e-06
-2.30279e-11
1.11237e-06
-1.61377e-11
1.11237e-06
-1.13075e-11
1.11237e-06
-7.91229e-12
1.11237e-06
-5.51746e-12
1.11237e-06
-3.83053e-12
1.11237e-06
-2.64886e-12
1.11237e-06
-1.82664e-12
1.11237e-06
-1.25517e-12
1.11237e-06
-8.58564e-13
1.11237e-06
-5.8275e-13
1.11237e-06
-3.90975e-13
1.11237e-06
-2.58415e-13
1.11237e-06
-1.70185e-13
1.11237e-06
-1.16728e-13
1.11237e-06
-6.47509e-14
1.11237e-06
-4.02402e-14
1.11237e-06
-2.15363e-14
1.11237e-06
-1.06035e-14
1.11237e-06
-8.09987e-15
1.11237e-06
-6.89873e-15
1.11237e-06
-4.17766e-15
1.11237e-06
-1.50998e-15
1.11237e-06
3.25556e-15
1.11237e-06
8.97134e-15
1.11237e-06
2.54294e-14
1.11237e-06
5.75421e-14
1.11237e-06
1.04946e-13
1.11237e-06
1.57963e-13
1.11237e-06
2.36685e-13
1.11237e-06
3.72138e-13
1.11237e-06
5.49675e-13
1.11237e-06
8.09384e-13
1.11237e-06
1.17693e-12
1.11237e-06
1.69752e-12
1.11237e-06
2.43655e-12
1.11237e-06
3.51684e-12
1.11237e-06
5.10746e-12
1.11237e-06
7.45857e-12
1.11237e-06
1.08622e-11
1.11237e-06
1.57371e-11
1.11237e-06
2.26785e-11
1.11237e-06
3.27267e-11
1.11237e-06
4.75268e-11
1.11236e-06
6.97829e-11
8.76723e-11
1.11223e-06
-9.16985e-11
1.11223e-06
-7.34586e-11
1.11223e-06
-4.88474e-11
1.11224e-06
-3.34367e-11
1.11224e-06
-2.32302e-11
1.11224e-06
-1.6255e-11
1.11224e-06
-1.13825e-11
1.11224e-06
-7.96145e-12
1.11224e-06
-5.55034e-12
1.11224e-06
-3.84974e-12
1.11224e-06
-2.66044e-12
1.11224e-06
-1.83398e-12
1.11224e-06
-1.26005e-12
1.11224e-06
-8.61447e-13
1.11224e-06
-5.84212e-13
1.11224e-06
-3.91259e-13
1.11224e-06
-2.58174e-13
1.11224e-06
-1.70741e-13
1.11224e-06
-1.13599e-13
1.11224e-06
-4.24956e-14
1.11224e-06
-1.42085e-14
1.11224e-06
-1.56346e-14
1.11224e-06
-1.87055e-14
1.11224e-06
-1.90362e-14
1.11224e-06
-1.60754e-14
1.11224e-06
-1.52428e-14
1.11224e-06
-1.52877e-14
1.11224e-06
-1.3819e-14
1.11224e-06
-1.33851e-14
1.11224e-06
-4.69457e-15
1.11224e-06
3.51021e-14
1.11224e-06
8.94996e-14
1.11224e-06
1.57708e-13
1.11224e-06
2.45832e-13
1.11224e-06
3.97261e-13
1.11224e-06
5.67381e-13
1.11224e-06
8.24362e-13
1.11224e-06
1.19007e-12
1.11224e-06
1.71284e-12
1.11224e-06
2.4629e-12
1.11224e-06
3.54903e-12
1.11224e-06
5.14777e-12
1.11224e-06
7.50569e-12
1.11224e-06
1.09318e-11
1.11224e-06
1.5842e-11
1.11224e-06
2.28636e-11
1.11223e-06
3.31172e-11
1.11223e-06
4.8589e-11
1.11223e-06
7.3239e-11
9.17754e-11
1.11187e-06
-1.02947e-10
1.11188e-06
-8.3751e-11
1.11188e-06
-5.38463e-11
1.11188e-06
-3.66191e-11
1.11189e-06
-2.53453e-11
1.11189e-06
-1.77057e-11
1.11189e-06
-1.23866e-11
1.11189e-06
-8.66123e-12
1.11189e-06
-6.03925e-12
1.11189e-06
-4.19464e-12
1.11189e-06
-2.90542e-12
1.11189e-06
-2.0106e-12
1.11189e-06
-1.38922e-12
1.11189e-06
-9.56984e-13
1.11189e-06
-6.55329e-13
1.11189e-06
-4.43589e-13
1.11189e-06
-2.97342e-13
1.11189e-06
-1.99709e-13
1.11189e-06
-1.35152e-13
1.11189e-06
-4.37779e-14
1.11189e-06
-2.25421e-14
1.11189e-06
-4.29184e-14
1.11189e-06
-5.47692e-14
1.11189e-06
-5.41817e-14
1.11189e-06
-5.64617e-14
1.11189e-06
-6.01168e-14
1.11189e-06
-6.4828e-14
1.11189e-06
-6.68141e-14
1.11189e-06
-7.56913e-14
1.11189e-06
-7.63511e-14
1.11189e-06
-2.68727e-14
1.11189e-06
4.45885e-14
1.11189e-06
1.25197e-13
1.11189e-06
2.10085e-13
1.11189e-06
3.67622e-13
1.11189e-06
5.4346e-13
1.11189e-06
8.18433e-13
1.11189e-06
1.213e-12
1.11189e-06
1.77157e-12
1.11189e-06
2.61337e-12
1.11189e-06
3.89061e-12
1.11189e-06
5.61094e-12
1.11189e-06
8.14763e-12
1.11189e-06
1.18425e-11
1.11189e-06
1.71698e-11
1.11188e-06
2.48215e-11
1.11188e-06
3.61066e-11
1.11188e-06
5.33888e-11
1.11187e-06
8.35303e-11
1.0281e-10
1.11181e-06
-1.13624e-10
1.11182e-06
-9.12416e-11
1.11182e-06
-5.66121e-11
1.11182e-06
-3.81027e-11
1.11182e-06
-2.61438e-11
1.11182e-06
-1.83328e-11
1.11183e-06
-1.31657e-11
1.11183e-06
-9.42394e-12
1.11183e-06
-6.5541e-12
1.11183e-06
-4.49765e-12
1.11183e-06
-3.09755e-12
1.11183e-06
-2.12844e-12
1.11183e-06
-1.45075e-12
1.11183e-06
-9.79874e-13
1.11183e-06
-6.46607e-13
1.11183e-06
-4.16875e-13
1.11183e-06
-2.60644e-13
1.11183e-06
-1.38118e-13
1.11183e-06
-5.20365e-14
1.11183e-06
6.76543e-14
1.11183e-06
1.11545e-13
1.11183e-06
9.78991e-14
1.11183e-06
1.01155e-13
1.11183e-06
1.13201e-13
1.11183e-06
1.29347e-13
1.11183e-06
1.39926e-13
1.11183e-06
1.53125e-13
1.11183e-06
1.62539e-13
1.11183e-06
1.75185e-13
1.11183e-06
1.9212e-13
1.11183e-06
2.54563e-13
1.11183e-06
3.38174e-13
1.11183e-06
4.4025e-13
1.11183e-06
5.43037e-13
1.11183e-06
7.20618e-13
1.11183e-06
9.12251e-13
1.11183e-06
1.21299e-12
1.11183e-06
1.63458e-12
1.11183e-06
2.22111e-12
1.11183e-06
3.06219e-12
1.11183e-06
4.33999e-12
1.11183e-06
6.17727e-12
1.11183e-06
8.86587e-12
1.11182e-06
1.27631e-11
1.11182e-06
1.8595e-11
1.11182e-06
2.68291e-11
1.11182e-06
3.75568e-11
1.11182e-06
5.51344e-11
1.11181e-06
8.98191e-11
1.11673e-10
1.64564e-09
-1.07656e-10
1.63489e-09
-7.74435e-11
1.62223e-09
-4.03192e-11
1.60781e-09
-1.94906e-11
1.59389e-09
-8.72158e-12
1.58051e-09
-2.31414e-12
1.56745e-09
2.01339e-12
1.55523e-09
4.92049e-12
1.54396e-09
6.6392e-12
1.53355e-09
7.5762e-12
1.52391e-09
7.97e-12
1.51505e-09
7.94776e-12
1.50695e-09
7.70007e-12
1.49955e-09
7.31702e-12
1.49285e-09
6.81383e-12
1.48678e-09
6.28884e-12
1.4814e-09
5.58437e-12
1.4767e-09
4.93343e-12
1.47256e-09
4.3994e-12
1.46965e-09
3.14718e-12
1.46706e-09
2.76119e-12
1.4649e-09
2.26735e-12
1.46344e-09
1.47509e-12
1.46259e-09
7.4678e-13
1.46233e-09
7.97292e-14
1.46266e-09
-6.01807e-13
1.4636e-09
-1.29478e-12
1.46515e-09
-1.99944e-12
1.46731e-09
-2.68672e-12
1.47009e-09
-3.37213e-12
1.47352e-09
-4.08457e-12
1.47765e-09
-4.82446e-12
1.48241e-09
-5.46425e-12
1.48781e-09
-6.1012e-12
1.49394e-09
-6.75434e-12
1.50076e-09
-7.40195e-12
1.50829e-09
-7.97295e-12
1.51642e-09
-8.36146e-12
1.52545e-09
-8.92626e-12
1.53523e-09
-9.10435e-12
1.54562e-09
-8.75809e-12
1.55671e-09
-7.97401e-12
1.56824e-09
-6.08694e-12
1.58027e-09
-3.07725e-12
1.59403e-09
6.67745e-13
1.60876e-09
7.5845e-12
1.62342e-09
1.74824e-11
1.63807e-09
3.33777e-11
1.65033e-09
7.12519e-11
9.9918e-11
2.92934e-10
-8.86455e-11
2.73028e-10
-5.28514e-11
2.58934e-10
-2.38327e-11
2.44784e-10
-5.27514e-12
2.30998e-10
5.74857e-12
2.17846e-10
1.21577e-11
2.05402e-10
1.55121e-11
1.93605e-10
1.78504e-11
1.82452e-10
1.89569e-11
1.71972e-10
1.90758e-11
1.62268e-10
1.86054e-11
1.53292e-10
1.77607e-11
1.45103e-10
1.66482e-11
1.37649e-10
1.5449e-11
1.30941e-10
1.4132e-11
1.24963e-10
1.27984e-11
1.19688e-10
1.13765e-11
1.1514e-10
9.89213e-12
1.11283e-10
8.58673e-12
1.07692e-10
6.99793e-12
1.05007e-10
5.64304e-12
1.03002e-10
4.42488e-12
1.01567e-10
3.10685e-12
1.00708e-10
1.78476e-12
1.00456e-10
4.91793e-13
1.00791e-10
-8.09498e-13
1.01737e-10
-2.13552e-12
1.03303e-10
-3.49399e-12
1.05476e-10
-4.84992e-12
1.08269e-10
-6.2145e-12
1.11722e-10
-7.61438e-12
1.15794e-10
-9.02453e-12
1.20541e-10
-1.0387e-11
1.25975e-10
-1.17773e-11
1.32101e-10
-1.31887e-11
1.389e-10
-1.46024e-11
1.46432e-10
-1.60042e-11
1.54793e-10
-1.73556e-11
1.63688e-10
-1.8602e-11
1.7324e-10
-1.96039e-11
1.83635e-10
-2.02718e-11
1.94752e-10
-2.04016e-11
2.06908e-10
-1.9597e-11
2.19733e-10
-1.7152e-11
2.32757e-10
-1.3816e-11
2.45643e-10
-6.98725e-12
2.58185e-10
2.14163e-12
2.70991e-10
1.91443e-11
2.86086e-10
5.33107e-11
8.23782e-11
2.89308e-10
-7.21676e-11
2.75976e-10
-3.69084e-11
2.61883e-10
-7.26451e-12
2.47519e-10
8.84611e-12
2.3359e-10
1.92351e-11
2.20607e-10
2.44519e-11
2.07576e-10
2.88031e-11
1.95592e-10
3.07082e-11
1.84352e-10
3.08923e-11
1.73927e-10
3.01667e-11
1.64309e-10
2.88769e-11
1.55439e-10
2.72396e-11
1.47298e-10
2.53545e-11
1.39885e-10
2.33742e-11
1.33189e-10
2.13021e-11
1.27186e-10
1.92345e-11
1.21822e-10
1.71651e-11
1.16989e-10
1.51156e-11
1.13002e-10
1.29192e-11
1.10059e-10
1.0252e-11
1.0743e-10
8.59598e-12
1.05311e-10
6.82783e-12
1.03868e-10
4.76379e-12
1.02981e-10
2.92181e-12
1.02713e-10
9.4804e-13
1.03038e-10
-9.7925e-13
1.03977e-10
-2.93731e-12
1.05513e-10
-4.85715e-12
1.07677e-10
-6.9359e-12
1.10466e-10
-9.00536e-12
1.13928e-10
-1.10413e-11
1.18004e-10
-1.31176e-11
1.22754e-10
-1.52332e-11
1.28155e-10
-1.73634e-11
1.3427e-10
-1.95644e-11
1.41081e-10
-2.17645e-11
1.48615e-10
-2.39653e-11
1.56766e-10
-2.60257e-11
1.65785e-10
-2.82065e-11
1.7555e-10
-3.00421e-11
1.85995e-10
-3.14361e-11
1.97114e-10
-3.22152e-11
2.08832e-10
-3.18915e-11
2.21367e-10
-2.98503e-11
2.34035e-10
-2.72391e-11
2.47841e-10
-2.18947e-11
2.62195e-10
-1.0534e-11
2.76847e-10
5.2028e-12
2.93532e-10
3.26253e-11
6.43812e-11
2.96726e-10
-5.78569e-11
2.77909e-10
-2.15465e-11
2.62319e-10
8.08155e-12
2.47437e-10
2.62768e-11
2.32222e-10
3.70007e-11
2.18582e-10
4.16346e-11
2.05738e-10
4.37402e-11
1.93659e-10
4.42645e-11
1.82418e-10
4.33909e-11
1.71938e-10
4.1792e-11
1.62228e-10
3.96322e-11
1.53288e-10
3.71115e-11
1.45128e-10
3.43476e-11
1.37695e-10
3.1532e-11
1.31012e-10
2.8626e-11
1.25032e-10
2.57611e-11
1.19835e-10
2.28388e-11
1.15438e-10
1.99105e-11
1.11571e-10
1.71361e-11
1.07709e-10
1.44003e-11
1.04874e-10
1.16472e-11
1.02786e-10
9.02435e-12
1.01362e-10
6.16286e-12
1.00618e-10
3.38661e-12
1.00394e-10
8.39101e-13
1.00735e-10
-1.77345e-12
1.01712e-10
-4.47881e-12
1.03308e-10
-7.21577e-12
1.05483e-10
-9.91287e-12
1.08302e-10
-1.27243e-11
1.1175e-10
-1.52974e-11
1.15821e-10
-1.80472e-11
1.2056e-10
-2.09401e-11
1.25976e-10
-2.38619e-11
1.32092e-10
-2.68657e-11
1.38891e-10
-2.98884e-11
1.4642e-10
-3.29485e-11
1.54744e-10
-3.59716e-11
1.63674e-10
-3.89477e-11
1.73267e-10
-4.17079e-11
1.83637e-10
-4.41763e-11
1.94825e-10
-4.60742e-11
2.07012e-10
-4.75847e-11
2.20213e-10
-4.86339e-11
2.33783e-10
-4.52026e-11
2.48134e-10
-4.02554e-11
2.62971e-10
-2.94065e-11
2.77886e-10
-1.37451e-11
2.94896e-10
1.75864e-11
5.32393e-11
2.93841e-10
-3.66004e-11
2.77601e-10
1.11956e-12
2.61953e-10
2.50566e-11
2.47145e-10
4.10555e-11
2.33315e-10
5.06673e-11
2.19733e-10
5.48213e-11
2.0689e-10
5.74277e-11
1.94771e-10
5.7166e-11
1.83453e-10
5.56438e-11
1.72943e-10
5.32554e-11
1.63263e-10
5.02435e-11
1.54318e-10
4.69175e-11
1.46139e-10
4.33288e-11
1.38692e-10
3.96967e-11
1.31978e-10
3.59914e-11
1.25964e-10
3.23396e-11
1.20587e-10
2.87133e-11
1.15813e-10
2.50954e-11
1.11869e-10
2.14294e-11
1.08843e-10
1.76945e-11
1.06337e-10
1.4359e-11
1.04367e-10
1.11378e-11
1.02915e-10
7.76478e-12
1.01932e-10
4.62233e-12
1.01649e-10
1.3742e-12
1.01954e-10
-1.853e-12
1.02905e-10
-5.20836e-12
1.0445e-10
-8.56285e-12
1.06577e-10
-1.19311e-11
1.09318e-10
-1.5415e-11
1.12759e-10
-1.89028e-11
1.16821e-10
-2.24025e-11
1.21577e-10
-2.60402e-11
1.26985e-10
-2.97075e-11
1.33111e-10
-3.35043e-11
1.39924e-10
-3.73128e-11
1.47477e-10
-4.11985e-11
1.5568e-10
-4.49824e-11
1.6471e-10
-4.88434e-11
1.74491e-10
-5.24291e-11
1.85039e-10
-5.56615e-11
1.96262e-10
-5.82245e-11
2.08147e-10
-6.01457e-11
2.2061e-10
-6.08578e-11
2.33727e-10
-5.84241e-11
2.476e-10
-5.3812e-11
2.61268e-10
-4.4295e-11
2.76902e-10
-3.06654e-11
2.94748e-10
-5.36173e-12
2.75783e-11
2.97869e-10
-1.74308e-11
2.79944e-10
1.70213e-11
2.63515e-10
4.2429e-11
2.48125e-10
5.82507e-11
2.3307e-10
6.72755e-11
2.19219e-10
6.97309e-11
2.06342e-10
7.15041e-11
1.94193e-10
7.0392e-11
1.82905e-10
6.79626e-11
1.72387e-10
6.47122e-11
1.62666e-10
6.08328e-11
1.53725e-10
5.6631e-11
1.45569e-10
5.21948e-11
1.38139e-10
4.77526e-11
1.31462e-10
4.32435e-11
1.25479e-10
3.88251e-11
1.20227e-10
3.44241e-11
1.15622e-10
3.00908e-11
1.11681e-10
2.57156e-11
1.08266e-10
2.13848e-11
1.05434e-10
1.74372e-11
1.03236e-10
1.35391e-11
1.01703e-10
9.46925e-12
1.00974e-10
5.39954e-12
1.00815e-10
1.45174e-12
1.01186e-10
-2.38088e-12
1.02194e-10
-6.38963e-12
1.03779e-10
-1.02933e-11
1.05996e-10
-1.42155e-11
1.08779e-10
-1.82694e-11
1.12197e-10
-2.25135e-11
1.16255e-10
-2.67404e-11
1.20992e-10
-3.10891e-11
1.26394e-10
-3.54989e-11
1.32504e-10
-4.00702e-11
1.39302e-10
-4.46804e-11
1.46834e-10
-4.94096e-11
1.55115e-10
-5.41109e-11
1.6409e-10
-5.88245e-11
1.73747e-10
-6.33131e-11
1.8417e-10
-6.75299e-11
1.95363e-10
-7.11717e-11
2.07462e-10
-7.41275e-11
2.20355e-10
-7.56313e-11
2.33994e-10
-7.4626e-11
2.48431e-10
-7.14923e-11
2.64478e-10
-6.35265e-11
2.80415e-10
-4.94133e-11
2.9855e-10
-2.12478e-11
1.17747e-11
2.99174e-10
3.59109e-12
2.80583e-10
3.7028e-11
2.63834e-10
6.05182e-11
2.4813e-10
7.49031e-11
2.33549e-10
8.28688e-11
2.19501e-10
8.47625e-11
2.06452e-10
8.56417e-11
1.94211e-10
8.37165e-11
1.82854e-10
8.03953e-11
1.72303e-10
7.62675e-11
1.62587e-10
7.14941e-11
1.53625e-10
6.64369e-11
1.45453e-10
6.11417e-11
1.38008e-10
5.58711e-11
1.31321e-10
5.05412e-11
1.25326e-10
4.53379e-11
1.20059e-10
4.01555e-11
1.15447e-10
3.50865e-11
1.11508e-10
2.99945e-11
1.08146e-10
2.50105e-11
1.05491e-10
2.03074e-11
1.03491e-10
1.56605e-11
1.0218e-10
1.08139e-11
1.0135e-10
6.1178e-12
1.00962e-10
1.80599e-12
1.01186e-10
-2.70471e-12
1.02097e-10
-7.60735e-12
1.03641e-10
-1.23281e-11
1.05851e-10
-1.69545e-11
1.0865e-10
-2.16857e-11
1.12086e-10
-2.66209e-11
1.16139e-10
-3.15421e-11
1.20889e-10
-3.66257e-11
1.26287e-10
-4.17756e-11
1.32409e-10
-4.71324e-11
1.39207e-10
-5.25344e-11
1.46756e-10
-5.81033e-11
1.54995e-10
-6.36405e-11
1.64012e-10
-6.92479e-11
1.73758e-10
-7.46338e-11
1.84302e-10
-7.97807e-11
1.95592e-10
-8.43392e-11
2.07657e-10
-8.81121e-11
2.20567e-10
-9.04104e-11
2.34247e-10
-9.02336e-11
2.48696e-10
-8.81435e-11
2.63854e-10
-7.99375e-11
2.80212e-10
-6.75952e-11
2.98563e-10
-4.4073e-11
-1.08139e-11
3.00585e-10
2.54886e-11
2.81553e-10
5.69901e-11
2.64436e-10
7.86994e-11
2.48493e-10
9.17783e-11
2.33732e-10
9.85824e-11
2.19517e-10
9.99417e-11
2.0637e-10
9.97901e-11
1.94078e-10
9.70034e-11
1.82689e-10
9.27794e-11
1.72112e-10
8.77693e-11
1.62384e-10
8.21046e-11
1.53413e-10
7.6194e-11
1.45243e-10
7.00452e-11
1.37795e-10
6.39542e-11
1.31113e-10
5.78105e-11
1.25119e-10
5.18294e-11
1.19857e-10
4.58724e-11
1.15244e-10
4.00712e-11
1.11308e-10
3.42633e-11
1.07958e-10
2.86159e-11
1.05299e-10
2.31851e-11
1.03243e-10
1.7863e-11
1.01779e-10
1.24132e-11
1.0079e-10
7.23798e-12
1.00693e-10
2.0009e-12
1.01137e-10
-3.10084e-12
1.02038e-10
-8.42975e-12
1.03539e-10
-1.38419e-11
1.05718e-10
-1.92032e-11
1.0849e-10
-2.46263e-11
1.11912e-10
-3.02611e-11
1.15954e-10
-3.58982e-11
1.20694e-10
-4.17327e-11
1.26083e-10
-4.7637e-11
1.32198e-10
-5.37845e-11
1.38989e-10
-5.99869e-11
1.46535e-10
-6.63971e-11
1.54781e-10
-7.27855e-11
1.63803e-10
-7.92815e-11
1.73542e-10
-8.55607e-11
1.8409e-10
-9.16381e-11
1.9539e-10
-9.71087e-11
2.07532e-10
-1.01803e-10
2.20493e-10
-1.0501e-10
2.34298e-10
-1.0572e-10
2.48904e-10
-1.04545e-10
2.64789e-10
-9.76179e-11
2.81322e-10
-8.60452e-11
2.99998e-10
-6.45197e-11
-3.33738e-11
3.01879e-10
4.80452e-11
2.82443e-10
7.73177e-11
2.64973e-10
9.71892e-11
2.48778e-10
1.08873e-10
2.3427e-10
1.14013e-10
2.19501e-10
1.15643e-10
2.06257e-10
1.14005e-10
1.93911e-10
1.10309e-10
1.82489e-10
1.05167e-10
1.71886e-10
9.92651e-11
1.62149e-10
9.27029e-11
1.53167e-10
8.59339e-11
1.44999e-10
7.8929e-11
1.37549e-10
7.20178e-11
1.30874e-10
6.50601e-11
1.2488e-10
5.83023e-11
1.19625e-10
5.15732e-11
1.15011e-10
4.50422e-11
1.11083e-10
3.85191e-11
1.07741e-10
3.22019e-11
1.05086e-10
2.60549e-11
1.03026e-10
2.00594e-11
1.01579e-10
1.39681e-11
1.00722e-10
8.11754e-12
1.00477e-10
2.17801e-12
1.00818e-10
-3.61592e-12
1.01801e-10
-9.5458e-12
1.03319e-10
-1.55527e-11
1.05499e-10
-2.15984e-11
1.08263e-10
-2.76882e-11
1.11686e-10
-3.40119e-11
1.15721e-10
-4.03525e-11
1.20458e-10
-4.69288e-11
1.25837e-10
-5.35806e-11
1.3195e-10
-6.05141e-11
1.38732e-10
-6.75128e-11
1.4628e-10
-7.47621e-11
1.54522e-10
-8.19999e-11
1.63552e-10
-8.93852e-11
1.733e-10
-9.65615e-11
1.83872e-10
-1.03577e-10
1.95203e-10
-1.09974e-10
2.07404e-10
-1.15615e-10
2.2045e-10
-1.19767e-10
2.34466e-10
-1.21475e-10
2.49197e-10
-1.21072e-10
2.65259e-10
-1.15496e-10
2.82204e-10
-1.04975e-10
3.01276e-10
-8.53834e-11
-5.65015e-11
3.03062e-10
7.11327e-11
2.8325e-10
9.79749e-11
2.65456e-10
1.15953e-10
2.49001e-10
1.26184e-10
2.34032e-10
1.29864e-10
2.19428e-10
1.31134e-10
2.06109e-10
1.28259e-10
1.93706e-10
1.23628e-10
1.82254e-10
1.17554e-10
1.71625e-10
1.1075e-10
1.61878e-10
1.03285e-10
1.52888e-10
9.56536e-11
1.44723e-10
8.77907e-11
1.37271e-10
8.00594e-11
1.30604e-10
7.22879e-11
1.24611e-10
6.47549e-11
1.19364e-10
5.72562e-11
1.14751e-10
4.99975e-11
1.1083e-10
4.276e-11
1.07495e-10
3.57693e-11
1.04847e-10
2.89151e-11
1.02782e-10
2.2251e-11
1.01345e-10
1.55131e-11
1.00481e-10
9.00721e-12
1.00248e-10
2.42372e-12
1.00583e-10
-4.02409e-12
1.01561e-10
-1.06192e-11
1.03077e-10
-1.72493e-11
1.05255e-10
-2.39771e-11
1.0801e-10
-3.0734e-11
1.11433e-10
-3.77479e-11
1.15458e-10
-4.47895e-11
1.20192e-10
-5.2105e-11
1.2556e-10
-5.9502e-11
1.3167e-10
-6.72203e-11
1.38443e-10
-7.50134e-11
1.45991e-10
-8.31012e-11
1.54227e-10
-9.11874e-11
1.63266e-10
-9.94637e-11
1.7302e-10
-1.07539e-10
1.83617e-10
-1.15497e-10
1.94977e-10
-1.22829e-10
2.07238e-10
-1.29434e-10
2.2037e-10
-1.34561e-10
2.34981e-10
-1.37763e-10
2.49433e-10
-1.37263e-10
2.65692e-10
-1.33507e-10
2.83002e-10
-1.24207e-10
3.02441e-10
-1.06551e-10
-8.00792e-11
3.04142e-10
9.46724e-11
2.83978e-10
1.1894e-10
2.65878e-10
1.34968e-10
2.49174e-10
1.43695e-10
2.33735e-10
1.4614e-10
2.19307e-10
1.46398e-10
2.05923e-10
1.42538e-10
1.93464e-10
1.36956e-10
1.81982e-10
1.29934e-10
1.71327e-10
1.22221e-10
1.61574e-10
1.13846e-10
1.52574e-10
1.05348e-10
1.44414e-10
9.66264e-11
1.36961e-10
8.8075e-11
1.30303e-10
7.94907e-11
1.24312e-10
7.11838e-11
1.19074e-10
6.29184e-11
1.14461e-10
5.4934e-11
1.1055e-10
4.69837e-11
1.07221e-10
3.93174e-11
1.0458e-10
3.1764e-11
1.02513e-10
2.44354e-11
1.01085e-10
1.70484e-11
1.00217e-10
9.89343e-12
9.99903e-11
2.66045e-12
1.00319e-10
-4.43251e-12
1.01296e-10
-1.16847e-11
1.02808e-10
-1.89419e-11
1.04985e-10
-2.63446e-11
1.0773e-10
-3.37661e-11
1.11151e-10
-4.14687e-11
1.15165e-10
-4.92083e-11
1.19896e-10
-5.72597e-11
1.25251e-10
-6.53994e-11
1.31358e-10
-7.39001e-11
1.38119e-10
-8.24861e-11
1.45668e-10
-9.14108e-11
1.53897e-10
-1.00345e-10
1.62943e-10
-1.09512e-10
1.72702e-10
-1.1849e-10
1.83324e-10
-1.27394e-10
1.94713e-10
-1.35669e-10
2.07033e-10
-1.43253e-10
2.20235e-10
-1.49371e-10
2.34641e-10
-1.53782e-10
2.49601e-10
-1.53903e-10
2.66075e-10
-1.51664e-10
2.83717e-10
-1.43701e-10
3.03504e-10
-1.28001e-10
-1.04053e-10
3.05113e-10
1.18591e-10
2.84624e-10
1.40183e-10
2.6624e-10
1.54212e-10
2.49319e-10
1.61371e-10
2.33657e-10
1.62593e-10
2.19149e-10
1.61689e-10
2.05699e-10
1.56839e-10
1.93183e-10
1.50287e-10
1.81674e-10
1.42306e-10
1.70992e-10
1.33672e-10
1.61234e-10
1.24384e-10
1.52225e-10
1.15015e-10
1.44073e-10
1.05433e-10
1.36618e-10
9.60614e-11
1.29971e-10
8.66662e-11
1.23981e-10
7.75863e-11
1.18754e-10
6.85576e-11
1.14143e-10
5.98494e-11
1.10244e-10
5.11886e-11
1.06918e-10
4.28456e-11
1.04287e-10
3.46002e-11
1.02217e-10
2.66107e-11
1.00799e-10
1.85746e-11
9.9928e-11
1.07752e-11
9.97067e-11
2.89535e-12
1.00029e-10
-4.83847e-12
1.01005e-10
-1.27424e-11
1.02512e-10
-2.06289e-11
1.04688e-10
-2.86999e-11
1.07422e-10
-3.67835e-11
1.10841e-10
-4.51724e-11
1.14843e-10
-5.36073e-11
1.19571e-10
-6.23904e-11
1.24911e-10
-7.12706e-11
1.31015e-10
-8.05506e-11
1.37763e-10
-8.99279e-11
1.45311e-10
-9.96873e-11
1.5353e-10
-1.09468e-10
1.62585e-10
-1.19527e-10
1.72347e-10
-1.2941e-10
1.82994e-10
-1.39264e-10
1.9441e-10
-1.48492e-10
2.06788e-10
-1.57067e-10
2.20053e-10
-1.6419e-10
2.34344e-10
-1.69618e-10
2.4972e-10
-1.70897e-10
2.66404e-10
-1.6996e-10
2.84349e-10
-1.63426e-10
3.04462e-10
-1.49708e-10
-1.28357e-10
3.05977e-10
1.42807e-10
2.85184e-10
1.61676e-10
2.66539e-10
1.73656e-10
2.49506e-10
1.79101e-10
2.33582e-10
1.79257e-10
2.18952e-10
1.77042e-10
2.05436e-10
1.71159e-10
1.92865e-10
1.63616e-10
1.8133e-10
1.54663e-10
1.70621e-10
1.45097e-10
1.6086e-10
1.34892e-10
1.51842e-10
1.24647e-10
1.43698e-10
1.14207e-10
1.36242e-10
1.04014e-10
1.29608e-10
9.38104e-11
1.2362e-10
8.39583e-11
1.18406e-10
7.41707e-11
1.13797e-10
6.474e-11
1.0991e-10
5.53721e-11
1.06589e-10
4.63521e-11
1.03967e-10
3.7422e-11
1.01896e-10
2.87747e-11
1.00487e-10
2.00914e-11
9.96128e-11
1.16516e-11
9.93974e-11
3.12884e-12
9.97127e-11
-5.24216e-12
1.0069e-10
-1.3792e-11
1.02189e-10
-2.2309e-11
1.04365e-10
-3.10414e-11
1.07086e-10
-3.97847e-11
1.10504e-10
-4.8856e-11
1.14492e-10
-5.79839e-11
1.19215e-10
-6.74936e-11
1.2454e-10
-7.71122e-11
1.3064e-10
-8.71674e-11
1.37373e-10
-9.73349e-11
1.4492e-10
-1.07925e-10
1.53128e-10
-1.18553e-10
1.6219e-10
-1.29501e-10
1.71953e-10
-1.40294e-10
1.82625e-10
-1.51099e-10
1.94067e-10
-1.61289e-10
2.06502e-10
-1.70867e-10
2.19832e-10
-1.79012e-10
2.3422e-10
-1.85473e-10
2.49819e-10
-1.88047e-10
2.66676e-10
-1.8835e-10
2.84897e-10
-1.83349e-10
3.05314e-10
-1.71642e-10
-1.52921e-10
3.06727e-10
1.67255e-10
2.8566e-10
1.8339e-10
2.66773e-10
1.9328e-10
2.50065e-10
1.96444e-10
2.33473e-10
1.96536e-10
2.18714e-10
1.92458e-10
2.05134e-10
1.85495e-10
1.92507e-10
1.76936e-10
1.80948e-10
1.67e-10
1.70214e-10
1.56492e-10
1.60451e-10
1.45367e-10
1.51425e-10
1.3424e-10
1.43291e-10
1.22944e-10
1.35834e-10
1.11928e-10
1.29214e-10
1.00921e-10
1.23229e-10
9.02962e-11
1.18029e-10
7.97553e-11
1.13422e-10
6.96028e-11
1.0955e-10
5.95327e-11
1.06232e-10
4.98352e-11
1.03622e-10
4.02285e-11
1.01549e-10
3.09255e-11
1.0015e-10
2.15991e-11
9.92719e-11
1.25214e-11
9.90626e-11
3.36153e-12
9.93708e-11
-5.64393e-12
1.00349e-10
-1.48329e-11
1.0184e-10
-2.3981e-11
1.04015e-10
-3.33673e-11
1.06724e-10
-4.27688e-11
1.10139e-10
-5.25169e-11
1.14112e-10
-6.23364e-11
1.18831e-10
-7.25659e-11
1.24138e-10
-8.29219e-11
1.30234e-10
-9.37463e-11
1.36949e-10
-1.04704e-10
1.44495e-10
-1.1612e-10
1.52691e-10
-1.27596e-10
1.61759e-10
-1.39429e-10
1.71521e-10
-1.51136e-10
1.82218e-10
-1.62894e-10
1.93684e-10
-1.74058e-10
2.06176e-10
-1.84648e-10
2.19571e-10
-1.93835e-10
2.34085e-10
-2.01372e-10
2.50086e-10
-2.05528e-10
2.66889e-10
-2.06601e-10
2.85362e-10
-2.03441e-10
3.06059e-10
-1.93777e-10
-1.77683e-10
3.07366e-10
1.91874e-10
2.8605e-10
2.05292e-10
2.66928e-10
2.1307e-10
2.49415e-10
2.14523e-10
2.33298e-10
2.13282e-10
2.18434e-10
2.07907e-10
2.04791e-10
1.99838e-10
1.9211e-10
1.9024e-10
1.80528e-10
1.79312e-10
1.69769e-10
1.67848e-10
1.60006e-10
1.55803e-10
1.50974e-10
1.43786e-10
1.4285e-10
1.3164e-10
1.35394e-10
1.19798e-10
1.28789e-10
1.07993e-10
1.22807e-10
9.6595e-11
1.17623e-10
8.53081e-11
1.1302e-10
7.44336e-11
1.09162e-10
6.3668e-11
1.05847e-10
5.32923e-11
1.03249e-10
4.30179e-11
1.01176e-10
3.30607e-11
9.97865e-11
2.30974e-11
9.89056e-11
1.33835e-11
9.87024e-11
3.59393e-12
9.90032e-11
-6.04407e-12
9.99835e-11
-1.5864e-11
1.01464e-10
-2.5644e-11
1.03639e-10
-3.56755e-11
1.06334e-10
-4.57342e-11
1.09746e-10
-5.61517e-11
1.13702e-10
-6.66618e-11
1.18417e-10
-7.76032e-11
1.23705e-10
-8.86959e-11
1.29796e-10
-1.00282e-10
1.36493e-10
-1.1203e-10
1.44036e-10
-1.24265e-10
1.52218e-10
-1.3659e-10
1.61291e-10
-1.49303e-10
1.71051e-10
-1.6193e-10
1.81772e-10
-1.7464e-10
1.93261e-10
-1.86789e-10
2.05808e-10
-1.98399e-10
2.19267e-10
-2.08651e-10
2.33902e-10
-2.17301e-10
2.50013e-10
-2.23039e-10
2.67034e-10
-2.24978e-10
2.85743e-10
-2.23678e-10
3.06695e-10
-2.16079e-10
-2.02586e-10
3.07892e-10
2.16614e-10
2.86357e-10
2.27353e-10
2.67062e-10
2.32963e-10
2.49256e-10
2.32822e-10
2.33076e-10
2.3003e-10
2.18109e-10
2.23381e-10
2.04407e-10
2.14183e-10
1.91673e-10
2.0352e-10
1.8007e-10
1.91593e-10
1.69288e-10
1.79159e-10
1.59526e-10
1.66195e-10
1.50488e-10
1.5328e-10
1.42377e-10
1.4029e-10
1.34923e-10
1.27619e-10
1.28333e-10
1.15024e-10
1.22356e-10
1.0285e-10
1.17188e-10
9.08266e-11
1.12589e-10
7.92288e-11
1.08747e-10
6.77765e-11
1.05436e-10
5.67211e-11
1.02851e-10
4.57895e-11
1.00777e-10
3.51782e-11
9.9398e-11
2.45865e-11
9.8514e-11
1.42367e-11
9.83169e-11
3.82685e-12
9.86105e-11
-6.44307e-12
9.95924e-11
-1.68841e-11
1.01063e-10
-2.72973e-11
1.03237e-10
-3.79639e-11
1.05917e-10
-4.86798e-11
1.09326e-10
-5.97573e-11
1.13265e-10
-7.09584e-11
1.17973e-10
-8.26013e-11
1.23242e-10
-9.44318e-11
1.29326e-10
-1.06769e-10
1.36004e-10
-1.1931e-10
1.43543e-10
-1.32354e-10
1.5171e-10
-1.45532e-10
1.60786e-10
-1.59116e-10
1.70544e-10
-1.72671e-10
1.81286e-10
-1.86329e-10
1.92796e-10
-1.99478e-10
2.05397e-10
-2.12112e-10
2.18919e-10
-2.23453e-10
2.33663e-10
-2.3324e-10
2.49627e-10
-2.4032e-10
2.67126e-10
-2.43734e-10
2.86041e-10
-2.44026e-10
3.07225e-10
-2.38521e-10
-2.27584e-10
3.08309e-10
2.41432e-10
2.86581e-10
2.4954e-10
2.67684e-10
2.52384e-10
2.49109e-10
2.51811e-10
2.32806e-10
2.46835e-10
2.1774e-10
2.38871e-10
2.0398e-10
2.28522e-10
1.91196e-10
2.16768e-10
1.79573e-10
2.03837e-10
1.6877e-10
1.90417e-10
1.59009e-10
1.76538e-10
1.49969e-10
1.62714e-10
1.4187e-10
1.4889e-10
1.34419e-10
1.35384e-10
1.27846e-10
1.22011e-10
1.21875e-10
1.09057e-10
1.16724e-10
9.63076e-11
1.12131e-10
8.39843e-11
1.08305e-10
7.18558e-11
1.04999e-10
6.01187e-11
1.02427e-10
4.85418e-11
1.00353e-10
3.72758e-11
9.89841e-11
2.60661e-11
9.80977e-11
1.50799e-11
9.79062e-11
4.06089e-12
9.81929e-11
-6.84121e-12
9.91759e-11
-1.78919e-11
1.00636e-10
-2.89401e-11
1.02808e-10
-4.02298e-11
1.05474e-10
-5.1604e-11
1.08878e-10
-6.33299e-11
1.12799e-10
-7.52235e-11
1.175e-10
-8.75558e-11
1.22749e-10
-1.00126e-10
1.28825e-10
-1.13203e-10
1.35482e-10
-1.2654e-10
1.43017e-10
-1.40381e-10
1.51167e-10
-1.54416e-10
1.60244e-10
-1.6886e-10
1.69998e-10
-1.83352e-10
1.80761e-10
-1.97952e-10
1.92291e-10
-2.12115e-10
2.04944e-10
-2.25776e-10
2.18526e-10
-2.38231e-10
2.33375e-10
-2.49179e-10
2.49434e-10
-2.57606e-10
2.67346e-10
-2.62798e-10
2.86258e-10
-2.64266e-10
3.07651e-10
-2.61075e-10
-2.52638e-10
3.08616e-10
2.66301e-10
2.86713e-10
2.71834e-10
2.66966e-10
2.72579e-10
2.48895e-10
2.70215e-10
2.32485e-10
2.6368e-10
2.17325e-10
2.54369e-10
2.0351e-10
2.42852e-10
1.90679e-10
2.29978e-10
1.79036e-10
2.1604e-10
1.68215e-10
2.01616e-10
1.58457e-10
1.86828e-10
1.49416e-10
1.72083e-10
1.4133e-10
1.57438e-10
1.33884e-10
1.4309e-10
1.27328e-10
1.2895e-10
1.21365e-10
1.15211e-10
1.16232e-10
1.01749e-10
1.11646e-10
8.86968e-11
1.07835e-10
7.59048e-11
1.04536e-10
6.34829e-11
1.01976e-10
5.12743e-11
9.99051e-11
3.93517e-11
9.85447e-11
2.75364e-11
9.76569e-11
1.59121e-11
9.74701e-11
4.29694e-12
9.77509e-11
-7.23893e-12
9.8734e-11
-1.8886e-11
1.00185e-10
-3.05719e-11
1.02353e-10
-4.24711e-11
1.05005e-10
-5.45059e-11
1.08403e-10
-6.68667e-11
1.12306e-10
-7.94553e-11
1.16997e-10
-9.24627e-11
1.22226e-10
-1.05776e-10
1.28291e-10
-1.19578e-10
1.34929e-10
-1.33716e-10
1.42455e-10
-1.4834e-10
1.50589e-10
-1.63239e-10
1.59665e-10
-1.78528e-10
1.69414e-10
-1.93968e-10
1.80194e-10
-2.09503e-10
1.91745e-10
-2.24696e-10
2.04445e-10
-2.39386e-10
2.18087e-10
-2.5298e-10
2.33034e-10
-2.65106e-10
2.49205e-10
-2.74908e-10
2.67116e-10
-2.81751e-10
2.86393e-10
-2.84765e-10
3.07973e-10
-2.83717e-10
-2.7772e-10
3.08812e-10
2.9121e-10
2.87082e-10
2.93885e-10
2.66799e-10
2.93235e-10
2.48625e-10
2.8864e-10
2.3211e-10
2.80559e-10
2.16864e-10
2.69867e-10
2.02995e-10
2.57166e-10
1.90122e-10
2.43145e-10
1.78459e-10
2.28198e-10
1.67624e-10
2.12752e-10
1.57867e-10
1.97061e-10
1.48831e-10
1.81381e-10
1.40757e-10
1.65928e-10
1.33319e-10
1.50733e-10
1.26779e-10
1.35838e-10
1.20827e-10
1.2131e-10
1.1571e-10
1.07148e-10
1.11135e-10
9.33638e-11
1.07338e-10
7.99214e-11
1.04048e-10
6.6812e-11
1.01499e-10
5.39857e-11
9.94325e-11
4.14046e-11
9.80798e-11
2.8997e-11
9.71924e-11
1.67328e-11
9.70087e-11
4.53524e-12
9.72851e-11
-7.63591e-12
9.82666e-11
-1.98655e-11
9.9709e-11
-3.21916e-11
1.01872e-10
-4.46861e-11
1.04511e-10
-5.73836e-11
1.07899e-10
-7.03648e-11
1.11786e-10
-8.36513e-11
1.16465e-10
-9.73188e-11
1.21674e-10
-1.11378e-10
1.27726e-10
-1.25891e-10
1.34344e-10
-1.40834e-10
1.4186e-10
-1.56227e-10
1.49978e-10
-1.71995e-10
1.59048e-10
-1.88113e-10
1.68793e-10
-2.04515e-10
1.79587e-10
-2.20974e-10
1.91157e-10
-2.37214e-10
2.03901e-10
-2.52932e-10
2.17602e-10
-2.67694e-10
2.3264e-10
-2.81013e-10
2.48921e-10
-2.92219e-10
2.66861e-10
-3.00622e-10
2.86523e-10
-3.05537e-10
3.08193e-10
-3.0635e-10
-3.02819e-10
3.0886e-10
3.16204e-10
2.86664e-10
3.16335e-10
2.66591e-10
3.13612e-10
2.48297e-10
3.07111e-10
2.31681e-10
2.97476e-10
2.16356e-10
2.85365e-10
2.02434e-10
2.71466e-10
1.89524e-10
2.5627e-10
1.77842e-10
2.40313e-10
1.66997e-10
2.23825e-10
1.5724e-10
2.07237e-10
1.48213e-10
1.90608e-10
1.40149e-10
1.74362e-10
1.32724e-10
1.58312e-10
1.26198e-10
1.42674e-10
1.20261e-10
1.27353e-10
1.15158e-10
1.12504e-10
1.10597e-10
9.79849e-11
1.06814e-10
8.3905e-11
1.03535e-10
7.0106e-11
1.00996e-10
5.66755e-11
9.89363e-11
4.34348e-11
9.75893e-11
3.04477e-11
9.67045e-11
1.75425e-11
9.65219e-11
4.77594e-12
9.6796e-11
-8.0315e-12
9.77736e-11
-2.083e-11
9.92093e-11
-3.37981e-11
1.01364e-10
-4.68739e-11
1.03992e-10
-6.02358e-11
1.07368e-10
-7.38235e-11
1.11239e-10
-8.78098e-11
1.15903e-10
-1.02123e-10
1.21094e-10
-1.16931e-10
1.27129e-10
-1.3214e-10
1.33729e-10
-1.47893e-10
1.41229e-10
-1.64041e-10
1.49334e-10
-1.80683e-10
1.58392e-10
-1.97614e-10
1.68135e-10
-2.14991e-10
1.78938e-10
-2.32366e-10
1.90529e-10
-2.4967e-10
2.03311e-10
-2.66416e-10
2.17069e-10
-2.8237e-10
2.3219e-10
-2.96899e-10
2.48579e-10
-3.09539e-10
2.66634e-10
-3.19506e-10
2.86411e-10
-3.26317e-10
3.08296e-10
-3.29107e-10
-3.27962e-10
3.08702e-10
3.41661e-10
2.86493e-10
3.38738e-10
2.66319e-10
3.34027e-10
2.47909e-10
3.25636e-10
2.31196e-10
3.1443e-10
2.158e-10
3.0087e-10
2.01826e-10
2.85754e-10
1.88886e-10
2.6936e-10
1.77182e-10
2.52382e-10
1.66334e-10
2.34842e-10
1.56576e-10
2.17355e-10
1.47563e-10
1.99769e-10
1.39507e-10
1.82736e-10
1.32098e-10
1.65833e-10
1.25585e-10
1.49456e-10
1.19667e-10
1.33343e-10
1.14578e-10
1.17815e-10
1.10034e-10
1.02563e-10
1.06262e-10
8.7853e-11
1.02998e-10
7.33682e-11
1.00467e-10
5.93413e-11
9.84168e-11
4.54452e-11
9.70731e-11
3.18864e-11
9.61939e-11
1.83444e-11
9.60097e-11
5.01686e-12
9.62841e-11
-8.42259e-12
9.72549e-11
-2.17818e-11
9.86863e-11
-3.53881e-11
1.0083e-10
-4.90368e-11
1.03448e-10
-6.30593e-11
1.06808e-10
-7.72448e-11
1.10667e-10
-9.19274e-11
1.15311e-10
-1.06877e-10
1.20485e-10
-1.22431e-10
1.26499e-10
-1.38328e-10
1.33083e-10
-1.54889e-10
1.40564e-10
-1.71784e-10
1.48657e-10
-1.89301e-10
1.57697e-10
-2.07034e-10
1.6744e-10
-2.25393e-10
1.78246e-10
-2.43683e-10
1.89859e-10
-2.6206e-10
2.02673e-10
-2.79843e-10
2.16488e-10
-2.97007e-10
2.31683e-10
-3.12768e-10
2.48177e-10
-3.26868e-10
2.66349e-10
-3.38416e-10
2.86201e-10
-3.47071e-10
3.07749e-10
-3.51451e-10
-3.53832e-10
3.08855e-10
3.66432e-10
2.86281e-10
3.61486e-10
2.65977e-10
3.54564e-10
2.47459e-10
3.44242e-10
2.30653e-10
3.31471e-10
2.15196e-10
3.1641e-10
2.0117e-10
3.00088e-10
1.88208e-10
2.8245e-10
1.76481e-10
2.64468e-10
1.65635e-10
2.45835e-10
1.55872e-10
2.27468e-10
1.46882e-10
2.08886e-10
1.38832e-10
1.91097e-10
1.31443e-10
1.73313e-10
1.24941e-10
1.5622e-10
1.19046e-10
1.39292e-10
1.13968e-10
1.23107e-10
1.09446e-10
1.07104e-10
1.05683e-10
9.17875e-11
1.02437e-10
7.65979e-11
9.99108e-11
6.19995e-11
9.78746e-11
4.74297e-11
9.65314e-11
3.3324e-11
9.56608e-11
1.91269e-11
9.54721e-11
5.26389e-12
9.57497e-11
-8.82634e-12
9.67107e-11
-2.27201e-11
9.81404e-11
-3.69849e-11
1.00269e-10
-5.11794e-11
1.02881e-10
-6.58843e-11
1.06221e-10
-8.06399e-11
1.10069e-10
-9.60431e-11
1.14688e-10
-1.11601e-10
1.1985e-10
-1.27929e-10
1.25836e-10
-1.44485e-10
1.32407e-10
-1.61887e-10
1.39863e-10
-1.79504e-10
1.47948e-10
-1.97934e-10
1.56963e-10
-2.16441e-10
1.66709e-10
-2.35833e-10
1.77511e-10
-2.5502e-10
1.89148e-10
-2.74516e-10
2.01986e-10
-2.93328e-10
2.15857e-10
-3.11746e-10
2.31119e-10
-3.2875e-10
2.47713e-10
-3.44352e-10
2.65995e-10
-3.575e-10
2.85999e-10
-3.68046e-10
3.08321e-10
-3.74668e-10
-3.78953e-10
3.08637e-10
3.91059e-10
2.85989e-10
3.84367e-10
2.65559e-10
3.75269e-10
2.46947e-10
3.63022e-10
2.30051e-10
3.48628e-10
2.14543e-10
3.32068e-10
2.00465e-10
3.14466e-10
1.87488e-10
2.95601e-10
1.75736e-10
2.76545e-10
1.649e-10
2.56847e-10
1.55129e-10
2.37543e-10
1.46171e-10
2.1799e-10
1.38121e-10
1.99406e-10
1.3076e-10
1.80779e-10
1.24264e-10
1.62925e-10
1.18399e-10
1.45224e-10
1.13328e-10
1.28345e-10
1.08833e-10
1.11631e-10
1.05075e-10
9.56739e-11
1.01853e-10
7.98201e-11
9.93281e-11
6.46183e-11
9.73104e-11
4.94156e-11
9.59636e-11
3.47318e-11
9.51064e-11
1.99201e-11
9.49085e-11
5.49095e-12
9.5194e-11
-9.20925e-12
9.61402e-11
-2.36689e-11
9.75726e-11
-3.85509e-11
9.96808e-11
-5.33241e-11
1.02291e-10
-6.8669e-11
1.05605e-10
-8.40297e-11
1.09447e-10
-1.0011e-10
1.14035e-10
-1.16314e-10
1.19188e-10
-1.33372e-10
1.2514e-10
-1.5063e-10
1.31703e-10
-1.68831e-10
1.39126e-10
-1.87218e-10
1.47207e-10
-2.0652e-10
1.56188e-10
-2.25846e-10
1.65942e-10
-2.46244e-10
1.76731e-10
-2.66391e-10
1.88396e-10
-2.86979e-10
2.0125e-10
-3.06893e-10
2.15177e-10
-3.2655e-10
2.30495e-10
-3.44872e-10
2.47186e-10
-3.61978e-10
2.65568e-10
-3.76788e-10
2.85719e-10
-3.89238e-10
3.0813e-10
-3.98069e-10
-4.04078e-10
3.08346e-10
4.15593e-10
2.85614e-10
4.07233e-10
2.65066e-10
3.95951e-10
2.46372e-10
3.81848e-10
2.29391e-10
3.65729e-10
2.13843e-10
3.4773e-10
1.99714e-10
3.28696e-10
1.8673e-10
3.0868e-10
1.74952e-10
2.88407e-10
1.64131e-10
2.67742e-10
1.54351e-10
2.47387e-10
1.45431e-10
2.26964e-10
1.37379e-10
2.07502e-10
1.30048e-10
1.88147e-10
1.23558e-10
1.69444e-10
1.17726e-10
1.51081e-10
1.12662e-10
1.33427e-10
1.08197e-10
1.16111e-10
1.04443e-10
9.94373e-11
1.01247e-10
8.30245e-11
9.87219e-11
6.71465e-11
9.67249e-11
5.14142e-11
9.53729e-11
3.6081e-11
9.4531e-11
2.07579e-11
9.43223e-11
5.69084e-12
9.46174e-11
-9.51466e-12
9.55467e-11
-2.46134e-11
9.69836e-11
-4.00049e-11
9.90689e-11
-5.54325e-11
1.01678e-10
-7.13041e-11
1.04964e-10
-8.73486e-11
1.08801e-10
-1.03985e-10
1.13355e-10
-1.20916e-10
1.185e-10
-1.38572e-10
1.24415e-10
-1.56615e-10
1.3097e-10
-1.75469e-10
1.38357e-10
-1.94708e-10
1.46437e-10
-2.14722e-10
1.55375e-10
-2.34933e-10
1.65139e-10
-2.56183e-10
1.75911e-10
-2.77368e-10
1.87603e-10
-2.98902e-10
2.00468e-10
-3.20015e-10
2.14448e-10
-3.40811e-10
2.29814e-10
-3.60542e-10
2.46595e-10
-3.79087e-10
2.65068e-10
-3.95614e-10
2.85354e-10
-4.09901e-10
3.07867e-10
-4.20976e-10
-4.28854e-10
2.30148e-09
5.99271e-10
2.12742e-09
5.81632e-10
1.96994e-09
5.53748e-10
1.82712e-09
5.24964e-10
1.69751e-09
4.95604e-10
1.57959e-09
4.65886e-10
1.47239e-09
4.3611e-10
1.37467e-09
4.0658e-10
1.28584e-09
3.77393e-10
1.20507e-09
3.48633e-10
1.13164e-09
3.20926e-10
1.06596e-09
2.92724e-10
1.00569e-09
2.67841e-10
9.51544e-10
2.42346e-10
9.03305e-10
2.17723e-10
8.60467e-10
1.93951e-10
8.2291e-10
1.71006e-10
7.90245e-10
1.48793e-10
7.62423e-10
1.27269e-10
7.39131e-10
1.06323e-10
7.20378e-10
8.59001e-11
7.05909e-10
6.58814e-11
6.95781e-10
4.62007e-11
6.89793e-10
2.67358e-11
6.88051e-10
7.4159e-12
6.90401e-10
-1.18836e-11
6.96997e-10
-3.1236e-11
7.07729e-10
-5.07668e-11
7.22803e-10
-7.05464e-11
7.42153e-10
-9.07005e-11
7.66042e-10
-1.11296e-10
7.94445e-10
-1.32457e-10
8.27682e-10
-1.54242e-10
8.65772e-10
-1.76767e-10
9.09102e-10
-2.0008e-10
9.57752e-10
-2.2428e-10
1.01222e-09
-2.49377e-10
1.07255e-09
-2.75298e-10
1.13826e-09
-3.00941e-10
1.21157e-09
-3.29835e-10
1.29192e-09
-3.58125e-10
1.38015e-09
-3.87579e-10
1.47704e-09
-4.17417e-10
1.58324e-09
-4.47577e-10
1.69998e-09
-4.77889e-10
1.82828e-09
-5.08052e-10
1.9697e-09
-5.37745e-10
2.12574e-09
-5.6671e-10
2.29854e-09
-5.94577e-10
-6.12722e-10
2.23121e-09
7.91048e-10
2.06036e-09
7.53077e-10
1.90323e-09
7.11423e-10
1.76004e-09
6.68662e-10
1.63007e-09
6.26021e-10
1.51231e-09
5.84035e-10
1.40582e-09
5.42928e-10
1.30902e-09
5.03647e-10
1.22132e-09
4.65314e-10
1.14345e-09
4.26679e-10
1.07154e-09
3.92969e-10
1.00584e-09
3.58529e-10
9.47968e-10
3.25795e-10
8.96077e-10
2.94295e-10
8.49816e-10
2.64029e-10
8.08863e-10
2.34935e-10
7.72958e-10
2.06934e-10
7.41842e-10
1.79924e-10
7.15321e-10
1.538e-10
6.93203e-10
1.28445e-10
6.75355e-10
1.03748e-10
6.61647e-10
7.95853e-11
6.52001e-10
5.58396e-11
6.46341e-10
3.23843e-11
6.44642e-10
9.10088e-12
6.46876e-10
-1.41387e-11
6.53069e-10
-3.74545e-11
6.63244e-10
-6.09748e-11
6.77475e-10
-8.48186e-11
6.95836e-10
-1.09115e-10
7.18455e-10
-1.3398e-10
7.45455e-10
-1.59542e-10
7.77022e-10
-1.85914e-10
8.13335e-10
-2.13216e-10
8.54638e-10
-2.4155e-10
9.01168e-10
-2.71023e-10
9.53238e-10
-3.01707e-10
1.01128e-09
-3.33662e-10
1.07686e-09
-3.66914e-10
1.14833e-09
-4.01766e-10
1.22578e-09
-4.36112e-10
1.31301e-09
-4.75434e-10
1.40905e-09
-5.14159e-10
1.51476e-09
-5.54068e-10
1.63155e-09
-5.95547e-10
1.76047e-09
-6.37907e-10
1.90263e-09
-6.80897e-10
2.05881e-09
-7.23969e-10
2.22903e-09
-7.65939e-10
-8.04357e-10
2.14616e-09
9.97156e-10
1.96627e-09
9.33755e-10
1.80659e-09
8.71806e-10
1.66375e-09
8.12155e-10
1.53537e-09
7.54974e-10
1.41972e-09
7.00174e-10
1.3176e-09
6.45447e-10
1.22362e-09
5.97967e-10
1.13911e-09
5.5009e-10
1.06165e-09
5.04354e-10
9.93505e-10
4.61276e-10
9.32056e-10
4.20111e-10
8.77062e-10
3.80887e-10
8.2798e-10
3.43457e-10
7.8437e-10
3.07696e-10
7.45883e-10
2.73472e-10
7.12205e-10
2.40646e-10
6.83085e-10
2.09074e-10
6.58293e-10
1.78609e-10
6.37653e-10
1.49102e-10
6.21005e-10
1.20403e-10
6.08235e-10
9.23617e-11
5.99242e-10
6.48291e-11
5.93968e-10
3.76542e-11
5.92366e-10
1.06884e-11
5.94431e-10
-1.62187e-11
6.00164e-10
-4.32161e-11
6.09611e-10
-7.04543e-11
6.22826e-10
-9.80824e-11
6.39907e-10
-1.26252e-10
6.6096e-10
-1.55113e-10
6.8614e-10
-1.84817e-10
7.15614e-10
-2.15514e-10
7.496e-10
-2.47355e-10
7.88337e-10
-2.80484e-10
8.32123e-10
-3.15046e-10
8.81293e-10
-3.51175e-10
9.36275e-10
-3.88999e-10
9.97568e-10
-4.28641e-10
1.06552e-09
-4.70227e-10
1.14256e-09
-5.13753e-10
1.22635e-09
-5.59906e-10
1.31933e-09
-6.07931e-10
1.42131e-09
-6.56917e-10
1.536e-09
-7.11206e-10
1.6634e-09
-7.66343e-10
1.80528e-09
-8.23886e-10
1.96397e-09
-8.83865e-10
2.14288e-09
-9.4612e-10
-1.00981e-09
2.00286e-09
1.20614e-09
1.82651e-09
1.111e-09
1.67218e-09
1.02692e-09
1.53514e-09
9.4992e-10
1.41276e-09
8.77977e-10
1.30326e-09
8.10215e-10
1.20302e-09
7.46141e-10
1.11509e-09
6.86269e-10
1.03593e-09
6.29543e-10
9.64638e-10
5.75898e-10
9.00855e-10
5.25255e-10
8.43788e-10
4.77343e-10
7.92847e-10
4.31957e-10
7.47528e-10
3.88887e-10
7.07379e-10
3.4793e-10
6.7204e-10
3.08886e-10
6.41184e-10
2.71558e-10
6.14555e-10
2.35753e-10
5.91917e-10
2.01281e-10
5.73096e-10
1.67954e-10
5.57927e-10
1.35589e-10
5.463e-10
1.04003e-10
5.38111e-10
7.3018e-11
5.33308e-10
4.2456e-11
5.31837e-10
1.21413e-11
5.33699e-10
-1.81012e-11
5.38891e-10
-4.84465e-11
5.47461e-10
-7.90696e-11
5.59459e-10
-1.10147e-10
5.74985e-10
-1.41855e-10
5.94141e-10
-1.74374e-10
6.17088e-10
-2.07886e-10
6.43989e-10
-2.42574e-10
6.75075e-10
-2.78624e-10
7.10586e-10
-3.16227e-10
7.50842e-10
-3.55571e-10
7.96187e-10
-3.96851e-10
8.47065e-10
-4.40262e-10
9.03965e-10
-4.86001e-10
9.67481e-10
-5.34272e-10
1.03838e-09
-5.85277e-10
1.11705e-09
-6.39274e-10
1.20466e-09
-6.96345e-10
1.30354e-09
-7.56676e-10
1.41232e-09
-8.2096e-10
1.5339e-09
-8.8897e-10
1.6701e-09
-9.61182e-10
1.82351e-09
-1.03846e-09
1.99896e-09
-1.12283e-09
-1.21854e-09
1.78253e-09
1.34968e-09
1.63629e-09
1.25818e-09
1.4985e-09
1.16548e-09
1.37302e-09
1.0761e-09
1.26013e-09
9.91473e-10
1.15897e-09
9.11897e-10
1.06827e-09
8.37282e-10
9.8743e-10
7.67477e-10
9.15214e-10
7.0206e-10
8.50669e-10
6.40701e-10
7.93044e-10
5.83088e-10
7.41668e-10
5.28899e-10
6.95944e-10
4.77827e-10
6.55381e-10
4.29579e-10
6.19538e-10
3.83877e-10
5.88063e-10
3.40455e-10
5.60634e-10
2.9906e-10
5.37004e-10
2.59449e-10
5.16944e-10
2.21389e-10
5.00285e-10
1.84655e-10
4.8687e-10
1.49029e-10
4.76594e-10
1.14299e-10
4.69358e-10
8.02575e-11
4.6511e-10
4.6701e-11
4.63802e-10
1.34285e-11
4.65433e-10
-1.97591e-11
4.69999e-10
-5.30608e-11
4.77549e-10
-8.66755e-11
4.88126e-10
-1.20804e-10
5.01828e-10
-1.5565e-10
5.18751e-10
-1.91421e-10
5.39051e-10
-2.28326e-10
5.62886e-10
-2.66585e-10
5.9048e-10
-3.06419e-10
6.22069e-10
-3.4806e-10
6.57968e-10
-3.91747e-10
6.98516e-10
-4.3773e-10
7.4415e-10
-4.86269e-10
7.95346e-10
-5.37638e-10
8.52699e-10
-5.92122e-10
9.1687e-10
-6.50023e-10
9.88608e-10
-7.11659e-10
1.06887e-09
-7.77337e-10
1.15877e-09
-8.47394e-10
1.25913e-09
-9.22204e-10
1.37117e-09
-1.00196e-09
1.49578e-09
-1.08679e-09
1.63268e-09
-1.17644e-09
1.77828e-09
-1.26961e-09
-1.3614e-09
1.57597e-09
1.52648e-09
1.42736e-09
1.40756e-09
1.29734e-09
1.29616e-09
1.18257e-09
1.19147e-09
1.08105e-09
1.09352e-09
9.91066e-10
1.00233e-09
9.1117e-10
9.17559e-10
8.40222e-10
8.38752e-10
7.7714e-10
7.65411e-10
7.21028e-10
6.97047e-10
6.71112e-10
6.33197e-10
6.26753e-10
5.73429e-10
5.87386e-10
5.17336e-10
5.52553e-10
4.64541e-10
5.21842e-10
4.14693e-10
4.94929e-10
3.67465e-10
4.71516e-10
3.22549e-10
4.51377e-10
2.79658e-10
4.343e-10
2.38516e-10
4.20135e-10
1.98866e-10
4.08736e-10
1.60456e-10
4.00009e-10
1.23047e-10
3.93864e-10
8.64063e-11
3.90256e-10
5.03064e-11
3.89139e-10
1.45236e-11
3.90513e-10
-2.11626e-11
3.94375e-10
-5.69729e-11
4.00767e-10
-9.31279e-11
4.0973e-10
-1.29851e-10
4.21352e-10
-1.67368e-10
4.35721e-10
-2.05912e-10
4.52977e-10
-2.45721e-10
4.73265e-10
-2.87044e-10
4.96792e-10
-3.30137e-10
5.23776e-10
-3.75271e-10
5.54507e-10
-4.22732e-10
5.89303e-10
-4.72821e-10
6.28568e-10
-5.25861e-10
6.7275e-10
-5.82198e-10
7.2241e-10
-6.42201e-10
7.78175e-10
-7.0627e-10
8.40812e-10
-7.74833e-10
9.11209e-10
-8.48344e-10
9.90426e-10
-9.27287e-10
1.07963e-09
-1.01215e-09
1.18027e-09
-1.1034e-09
1.29402e-09
-1.20137e-09
1.42279e-09
-1.3061e-09
1.56931e-09
-1.41709e-09
-1.53629e-09
1.31134e-09
1.68807e-09
1.17596e-09
1.54356e-09
1.06154e-09
1.41112e-09
9.62194e-10
1.2913e-09
8.7588e-10
1.18025e-09
8.00328e-10
1.07825e-09
7.33857e-10
9.84328e-10
6.75203e-10
8.97666e-10
6.23318e-10
8.17512e-10
5.77365e-10
7.4319e-10
5.36631e-10
6.74091e-10
5.00542e-10
6.09662e-10
4.68597e-10
5.49402e-10
4.40395e-10
4.92854e-10
4.1558e-10
4.39601e-10
3.93871e-10
3.8926e-10
3.75013e-10
3.41476e-10
3.58813e-10
2.9592e-10
3.45092e-10
2.52285e-10
3.33719e-10
2.10279e-10
3.24572e-10
1.69627e-10
3.17574e-10
1.30065e-10
3.12646e-10
9.13372e-11
3.09751e-10
5.31977e-11
3.08852e-10
1.54033e-11
3.09946e-10
-2.22847e-11
3.13033e-10
-6.01052e-11
3.18147e-10
-9.82966e-11
3.25323e-10
-1.37101e-10
3.34634e-10
-1.76765e-10
3.46155e-10
-2.17542e-10
3.60006e-10
-2.59693e-10
3.7631e-10
-3.03494e-10
3.95243e-10
-3.49231e-10
4.16991e-10
-3.97209e-10
4.41806e-10
-4.47754e-10
4.69961e-10
-5.01214e-10
5.01808e-10
-5.57967e-10
5.3774e-10
-6.18425e-10
5.78252e-10
-6.83037e-10
6.23907e-10
-7.52296e-10
6.75411e-10
-8.26747e-10
7.33591e-10
-9.06991e-10
7.9948e-10
-9.93694e-10
8.74345e-10
-1.08759e-09
9.59839e-10
-1.18951e-09
1.05821e-09
-1.30039e-09
1.17129e-09
-1.41988e-09
1.30561e-09
-1.55215e-09
-1.69613e-09
9.86401e-10
1.81623e-09
8.79481e-10
1.65093e-09
7.88385e-10
1.50259e-09
7.12322e-10
1.3677e-09
6.46392e-10
1.24647e-09
5.89033e-10
1.13586e-09
5.38883e-10
1.03469e-09
4.94866e-10
9.41866e-10
4.56102e-10
8.56428e-10
4.21897e-10
7.77531e-10
3.91669e-10
7.04433e-10
3.64958e-10
6.36478e-10
3.41366e-10
5.73083e-10
3.20577e-10
5.13725e-10
3.02314e-10
4.57933e-10
2.8636e-10
4.05279e-10
2.72517e-10
3.5537e-10
2.60637e-10
3.07848e-10
2.50583e-10
2.62374e-10
2.42256e-10
2.18637e-10
2.35562e-10
1.76339e-10
2.30443e-10
1.35199e-10
2.26838e-10
9.49437e-11
2.2472e-10
5.53123e-11
2.24059e-10
1.60473e-11
2.24856e-10
-2.31038e-11
2.27108e-10
-6.23934e-11
2.30842e-10
-1.02074e-10
2.36084e-10
-1.42402e-10
2.42891e-10
-1.83638e-10
2.51319e-10
-2.26053e-10
2.61459e-10
-2.69926e-10
2.73405e-10
-3.15552e-10
2.87294e-10
-3.6324e-10
3.03268e-10
-4.13324e-10
3.21522e-10
-4.66159e-10
3.42268e-10
-5.22131e-10
3.6578e-10
-5.81664e-10
3.92368e-10
-6.45221e-10
4.22424e-10
-7.13319e-10
4.56401e-10
-7.86531e-10
4.94873e-10
-8.65505e-10
5.38526e-10
-9.5097e-10
5.88229e-10
-1.04376e-09
6.45056e-10
-1.14482e-09
7.10359e-10
-1.25524e-09
7.85723e-10
-1.37621e-09
8.76031e-10
-1.51067e-09
9.81875e-10
-1.65851e-09
-1.82309e-09
6.14499e-10
1.89863e-09
5.46093e-10
1.7196e-09
4.8876e-10
1.56014e-09
4.39535e-10
1.41711e-09
3.97576e-10
1.28859e-09
3.61444e-10
1.17213e-09
3.30062e-10
1.06619e-09
3.0265e-10
9.69382e-10
2.78597e-10
8.80567e-10
2.57435e-10
7.98771e-10
2.38778e-10
7.23155e-10
2.22324e-10
6.52993e-10
2.07815e-10
5.87644e-10
1.95048e-10
5.26541e-10
1.83845e-10
4.69176e-10
1.74069e-10
4.15094e-10
1.65593e-10
3.63876e-10
1.58326e-10
3.15143e-10
1.52178e-10
2.68542e-10
1.4709e-10
2.23744e-10
1.43001e-10
1.80438e-10
1.39874e-10
1.38333e-10
1.37672e-10
9.7145e-11
1.36379e-10
5.6603e-11
1.35975e-10
1.64401e-11
1.3646e-10
-2.36035e-11
1.37832e-10
-6.37892e-11
1.4011e-10
-1.04379e-10
1.43307e-10
-1.45637e-10
1.47462e-10
-1.87834e-10
1.52608e-10
-2.31251e-10
1.58804e-10
-2.76179e-10
1.66109e-10
-3.22924e-10
1.74608e-10
-3.71812e-10
1.84393e-10
-4.23193e-10
1.95587e-10
-4.77442e-10
2.08323e-10
-5.3497e-10
2.22781e-10
-5.96228e-10
2.39156e-10
-6.61718e-10
2.57706e-10
-7.31998e-10
2.78725e-10
-8.07699e-10
3.02596e-10
-8.89539e-10
3.29779e-10
-9.78344e-10
3.60879e-10
-1.07507e-09
3.9667e-10
-1.18085e-09
4.38205e-10
-1.29703e-09
4.86976e-10
-1.42524e-09
5.43805e-10
-1.56777e-09
6.11576e-10
-1.72657e-09
-1.90475e-09
2.11504e-10
1.87464e-10
1.6728e-10
1.50075e-10
1.35584e-10
1.23095e-10
1.12263e-10
1.02824e-10
9.4557e-11
8.72991e-11
8.09098e-11
7.52842e-11
7.03285e-11
6.59738e-11
6.21549e-11
5.8826e-11
5.5941e-11
5.34697e-11
5.13794e-11
4.96509e-11
4.82613e-11
4.72e-11
4.64515e-11
4.60122e-11
4.58731e-11
4.60372e-11
4.65012e-11
4.72739e-11
4.83581e-11
4.97688e-11
5.15155e-11
5.36212e-11
5.61035e-11
5.89954e-11
6.23256e-11
6.61404e-11
7.04838e-11
7.54214e-11
8.10195e-11
8.73723e-11
9.45814e-11
1.02787e-10
1.12153e-10
1.22899e-10
1.353e-10
1.49716e-10
1.66701e-10
1.86668e-10
2.10484e-10
)
;

boundaryField
{
    inlet_water
    {
        type            calculated;
        value           nonuniform List<scalar> 
25
(
-9.16532e-07
-1.08695e-06
-1.10898e-06
-1.11201e-06
-1.11235e-06
-1.11238e-06
-1.11238e-06
-1.11238e-06
-1.11238e-06
-1.11238e-06
-1.11238e-06
-1.11238e-06
-1.11238e-06
-1.11238e-06
-1.11238e-06
-1.11238e-06
-1.11238e-06
-1.11238e-06
-1.11239e-06
-1.11239e-06
-1.11239e-06
-1.11238e-06
-1.11236e-06
-1.11222e-06
-1.11187e-06
)
;
    }
    inlet_air
    {
        type            calculated;
        value           nonuniform List<scalar> 
35
(
-1.1118e-06
-1.63675e-09
-2.96064e-10
-2.93833e-10
-3.03356e-10
-3.02472e-10
-3.07599e-10
-3.10282e-10
-3.12731e-10
-3.1484e-10
-3.16693e-10
-3.18366e-10
-3.19843e-10
-3.21126e-10
-3.2222e-10
-3.23131e-10
-3.23872e-10
-3.24452e-10
-3.24886e-10
-3.25188e-10
-3.25375e-10
-3.25723e-10
-3.25182e-10
-3.2481e-10
-3.24482e-10
-2.42131e-09
-2.35278e-09
-2.27423e-09
-2.12685e-09
-1.83768e-09
-1.66831e-09
-1.39889e-09
-1.05665e-09
-6.59868e-10
-2.27535e-10
)
;
    }
    outlet_water
    {
        type            calculated;
        value           nonuniform List<scalar> 
25
(
9.16532e-07
1.08695e-06
1.10898e-06
1.11201e-06
1.11235e-06
1.11238e-06
1.11238e-06
1.11238e-06
1.11238e-06
1.11238e-06
1.11238e-06
1.11238e-06
1.11238e-06
1.11238e-06
1.11238e-06
1.11238e-06
1.11238e-06
1.11238e-06
1.11239e-06
1.11239e-06
1.11239e-06
1.11238e-06
1.11236e-06
1.11222e-06
1.11187e-06
)
;
    }
    outlet_air
    {
        type            calculated;
        value           nonuniform List<scalar> 
35
(
1.11181e-06
1.64543e-09
2.88651e-10
2.98212e-10
3.01446e-10
3.02577e-10
3.0825e-10
3.09839e-10
3.12231e-10
3.14277e-10
3.16075e-10
3.17703e-10
3.19147e-10
3.20404e-10
3.21481e-10
3.22385e-10
3.23125e-10
3.23713e-10
3.24161e-10
3.24482e-10
3.24696e-10
3.24924e-10
3.24713e-10
3.24282e-10
3.23989e-10
2.4185e-09
2.35071e-09
2.27086e-09
2.12354e-09
1.83367e-09
1.66064e-09
1.39217e-09
1.05152e-09
6.56603e-10
2.26405e-10
)
;
    }
    lowerWall
    {
        type            calculated;
        value           uniform 0;
    }
    atmosphere
    {
        type            calculated;
        value           nonuniform List<scalar> 
50
(
1.92687e-09
1.74303e-09
1.57979e-09
1.43386e-09
1.30268e-09
1.18428e-09
1.07672e-09
9.78569e-10
8.88613e-10
8.0584e-10
7.29379e-10
6.58478e-10
5.92476e-10
5.30791e-10
4.72903e-10
4.18346e-10
3.66693e-10
3.17559e-10
2.70583e-10
2.25433e-10
1.81794e-10
1.39369e-10
9.78724e-11
5.70294e-11
1.65697e-11
-2.37694e-11
-6.42517e-11
-1.05142e-10
-1.46708e-10
-1.89224e-10
-2.32973e-10
-2.7825e-10
-3.25366e-10
-3.74653e-10
-4.26464e-10
-4.81182e-10
-5.39228e-10
-6.01062e-10
-6.67197e-10
-7.38208e-10
-8.14746e-10
-8.97553e-10
-9.87489e-10
-1.08556e-09
-1.19294e-09
-1.31108e-09
-1.44179e-09
-1.58722e-09
-1.74977e-09
-1.93273e-09
)
;
    }
    defaultFaces
    {
        type            empty;
        value           nonuniform List<scalar> 0();
    }
}


// ************************************************************************* //
