/*--------------------------------*- C++ -*----------------------------------*\
  =========                 |
  \\      /  F ield         | OpenFOAM: The Open Source CFD Toolbox
   \\    /   O peration     | Website:  https://openfoam.org
    \\  /    A nd           | Version:  8
     \\/     M anipulation  |
\*---------------------------------------------------------------------------*/
FoamFile
{
    version     2.0;
    format      ascii;
    class       volVectorField;
    location    "15";
    object      U;
}
// * * * * * * * * * * * * * * * * * * * * * * * * * * * * * * * * * * * * * //

dimensions      [0 1 -1 0 0 0 0];

internalField   nonuniform List<vector> 
3000
(
(0.0204172 0 -3.51906e-09)
(0.0204173 0 -2.56882e-09)
(0.0204173 0 -4.03713e-09)
(0.0204173 0 -3.34049e-09)
(0.0204173 0 -2.56413e-09)
(0.0204173 0 -1.91101e-09)
(0.0204173 0 -1.39127e-09)
(0.0204173 0 -1.0229e-09)
(0.0204173 0 -7.42157e-10)
(0.0204173 0 -5.49099e-10)
(0.0204173 0 -3.98696e-10)
(0.0204173 0 -2.91374e-10)
(0.0204173 0 -2.06744e-10)
(0.0204173 0 -1.4592e-10)
(0.0204173 0 -9.91258e-11)
(0.0204173 0 -6.63785e-11)
(0.0204173 0 -4.21128e-11)
(0.0204173 0 -2.59494e-11)
(0.0204173 0 -1.49374e-11)
(0.0204173 0 -9.12504e-12)
(0.0204173 0 -5.19613e-12)
(0.0204173 0 -3.04185e-12)
(0.0204173 0 -1.8969e-12)
(0.0204173 0 -1.4303e-12)
(0.0204173 0 -1.44472e-12)
(0.0204173 0 -6.12084e-13)
(0.0204173 0 -3.88338e-13)
(0.0204173 0 3.30182e-13)
(0.0204173 0 1.83927e-12)
(0.0204173 0 4.27749e-12)
(0.0204173 0 8.64622e-12)
(0.0204173 0 1.52713e-11)
(0.0204173 0 2.76834e-11)
(0.0204173 0 4.50888e-11)
(0.0204173 0 6.92994e-11)
(0.0204173 0 1.01711e-10)
(0.0204173 0 1.46456e-10)
(0.0204173 0 2.04965e-10)
(0.0204173 0 2.8448e-10)
(0.0204173 0 3.88727e-10)
(0.0204173 0 5.33563e-10)
(0.0204173 0 7.26948e-10)
(0.0204173 0 1.00272e-09)
(0.0204173 0 1.36968e-09)
(0.0204173 0 1.88327e-09)
(0.0204173 0 2.52744e-09)
(0.0204173 0 3.30393e-09)
(0.0204173 0 4.04985e-09)
(0.0204173 0 2.68978e-09)
(0.0204172 0 3.4546e-09)
(0.0242135 0 1.10553e-08)
(0.0242137 0 9.23302e-09)
(0.0242137 0 2.25913e-09)
(0.0242138 0 9.97124e-10)
(0.0242138 0 5.54984e-10)
(0.0242138 0 4.02414e-10)
(0.0242138 0 3.61349e-10)
(0.0242138 0 3.0573e-10)
(0.0242138 0 2.72894e-10)
(0.0242139 0 2.18254e-10)
(0.0242139 0 1.85275e-10)
(0.0242139 0 1.50852e-10)
(0.0242139 0 1.31616e-10)
(0.0242139 0 1.13023e-10)
(0.0242139 0 1.01031e-10)
(0.0242139 0 8.83359e-11)
(0.0242139 0 7.81357e-11)
(0.0242139 0 6.70013e-11)
(0.0242139 0 5.67866e-11)
(0.0242139 0 4.55807e-11)
(0.0242139 0 3.58238e-11)
(0.0242139 0 2.63095e-11)
(0.0242139 0 1.7356e-11)
(0.0242139 0 8.8982e-12)
(0.0242139 0 8.27481e-13)
(0.0242139 0 -5.9899e-12)
(0.0242139 0 -1.37203e-11)
(0.0242139 0 -2.15923e-11)
(0.0242139 0 -2.97307e-11)
(0.0242139 0 -3.85718e-11)
(0.0242139 0 -4.72934e-11)
(0.0242139 0 -5.65932e-11)
(0.0242139 0 -6.44139e-11)
(0.0242139 0 -7.31897e-11)
(0.0242139 0 -8.34825e-11)
(0.0242139 0 -9.67763e-11)
(0.0242139 0 -1.1292e-10)
(0.0242139 0 -1.36371e-10)
(0.0242139 0 -1.6638e-10)
(0.0242139 0 -2.07291e-10)
(0.0242139 0 -2.51921e-10)
(0.0242138 0 -3.05029e-10)
(0.0242138 0 -3.47818e-10)
(0.0242138 0 -4.04619e-10)
(0.0242138 0 -4.57483e-10)
(0.0242138 0 -6.26157e-10)
(0.0242138 0 -1.05774e-09)
(0.0242137 0 -2.22212e-09)
(0.0242137 0 -8.93542e-09)
(0.0242135 0 -1.1067e-08)
(0.0247044 0 2.12689e-09)
(0.0247046 0 -1.18699e-09)
(0.0247047 0 -5.80047e-09)
(0.0247047 0 -5.36287e-09)
(0.0247047 0 -4.24961e-09)
(0.0247048 0 -3.12195e-09)
(0.0247048 0 -2.17207e-09)
(0.0247048 0 -1.488e-09)
(0.0247048 0 -9.84802e-10)
(0.0247048 0 -6.57331e-10)
(0.0247048 0 -4.22007e-10)
(0.0247048 0 -2.68937e-10)
(0.0247048 0 -1.58195e-10)
(0.0247048 0 -8.63759e-11)
(0.0247048 0 -3.60659e-11)
(0.0247048 0 -5.53098e-12)
(0.0247048 0 1.37054e-11)
(0.0247048 0 2.28146e-11)
(0.0247048 0 2.67686e-11)
(0.0247048 0 2.65239e-11)
(0.0247048 0 2.41313e-11)
(0.0247048 0 1.91438e-11)
(0.0247048 0 1.27185e-11)
(0.0247048 0 5.73193e-12)
(0.0247048 0 -1.02317e-12)
(0.0247048 0 -7.64645e-12)
(0.0247048 0 -1.40692e-11)
(0.0247048 0 -2.03599e-11)
(0.0247048 0 -2.5833e-11)
(0.0247048 0 -3.02221e-11)
(0.0247048 0 -3.14382e-11)
(0.0247048 0 -2.92689e-11)
(0.0247048 0 -2.29793e-11)
(0.0247048 0 -1.19116e-11)
(0.0247048 0 5.77715e-12)
(0.0247048 0 3.30191e-11)
(0.0247048 0 7.52743e-11)
(0.0247048 0 1.36764e-10)
(0.0247048 0 2.2969e-10)
(0.0247048 0 3.68788e-10)
(0.0247048 0 5.84938e-10)
(0.0247048 0 9.09809e-10)
(0.0247048 0 1.40029e-09)
(0.0247048 0 2.08502e-09)
(0.0247048 0 3.02536e-09)
(0.0247047 0 4.14188e-09)
(0.0247047 0 5.27751e-09)
(0.0247047 0 5.8243e-09)
(0.0247046 0 1.30861e-09)
(0.0247044 0 -2.20216e-09)
(0.0247718 0 -1.3876e-08)
(0.024772 0 -1.68847e-08)
(0.0247721 0 -1.79355e-08)
(0.0247721 0 -1.48302e-08)
(0.0247721 0 -1.1387e-08)
(0.0247722 0 -8.38295e-09)
(0.0247722 0 -5.98847e-09)
(0.0247722 0 -4.22928e-09)
(0.0247722 0 -2.93931e-09)
(0.0247722 0 -2.04527e-09)
(0.0247722 0 -1.40397e-09)
(0.0247722 0 -9.61984e-10)
(0.0247722 0 -6.45833e-10)
(0.0247722 0 -4.28323e-10)
(0.0247722 0 -2.74862e-10)
(0.0247722 0 -1.71423e-10)
(0.0247722 0 -1.00923e-10)
(0.0247722 0 -5.58953e-11)
(0.0247722 0 -2.67526e-11)
(0.0247722 0 -9.25467e-12)
(0.0247722 0 7.68327e-13)
(0.0247722 0 4.10629e-12)
(0.0247722 0 3.07249e-12)
(0.0247722 0 -1.05499e-13)
(0.0247722 0 -3.86703e-12)
(0.0247722 0 -8.03395e-12)
(0.0247722 0 -1.11921e-11)
(0.0247722 0 -1.3509e-11)
(0.0247722 0 -1.33748e-11)
(0.0247722 0 -9.52957e-12)
(0.0247722 0 1.78723e-12)
(0.0247722 0 2.21862e-11)
(0.0247722 0 5.40581e-11)
(0.0247722 0 1.008e-10)
(0.0247722 0 1.67903e-10)
(0.0247722 0 2.64574e-10)
(0.0247722 0 4.04612e-10)
(0.0247722 0 6.03775e-10)
(0.0247722 0 8.91386e-10)
(0.0247722 0 1.30677e-09)
(0.0247722 0 1.91603e-09)
(0.0247722 0 2.79746e-09)
(0.0247722 0 4.06855e-09)
(0.0247722 0 5.82734e-09)
(0.0247722 0 8.21427e-09)
(0.0247721 0 1.1212e-08)
(0.0247721 0 1.46879e-08)
(0.0247721 0 1.79117e-08)
(0.024772 0 1.69402e-08)
(0.0247718 0 1.38096e-08)
(0.0247793 0 -2.87205e-08)
(0.0247796 0 -3.10084e-08)
(0.0247796 0 -2.86602e-08)
(0.0247797 0 -2.31313e-08)
(0.0247797 0 -1.76196e-08)
(0.0247797 0 -1.29602e-08)
(0.0247798 0 -9.29441e-09)
(0.0247798 0 -6.59212e-09)
(0.0247798 0 -4.61413e-09)
(0.0247798 0 -3.22658e-09)
(0.0247798 0 -2.2335e-09)
(0.0247798 0 -1.54268e-09)
(0.0247798 0 -1.05089e-09)
(0.0247798 0 -7.09711e-10)
(0.0247798 0 -4.69374e-10)
(0.0247798 0 -3.04996e-10)
(0.0247798 0 -1.92018e-10)
(0.0247798 0 -1.17523e-10)
(0.0247798 0 -6.79474e-11)
(0.0247798 0 -3.62178e-11)
(0.0247798 0 -1.63988e-11)
(0.0247798 0 -6.71926e-12)
(0.0247798 0 -3.94443e-12)
(0.0247798 0 -4.54916e-12)
(0.0247798 0 -6.42896e-12)
(0.0247798 0 -9.06101e-12)
(0.0247798 0 -1.0156e-11)
(0.0247798 0 -9.76845e-12)
(0.0247798 0 -5.65262e-12)
(0.0247798 0 4.33084e-12)
(0.0247798 0 2.54815e-11)
(0.0247798 0 6.05298e-11)
(0.0247798 0 1.13145e-10)
(0.0247798 0 1.89019e-10)
(0.0247798 0 2.96686e-10)
(0.0247798 0 4.50724e-10)
(0.0247798 0 6.72197e-10)
(0.0247798 0 9.86567e-10)
(0.0247798 0 1.43847e-09)
(0.0247798 0 2.08851e-09)
(0.0247798 0 3.03526e-09)
(0.0247798 0 4.39782e-09)
(0.0247798 0 6.35013e-09)
(0.0247798 0 9.0502e-09)
(0.0247797 0 1.27114e-08)
(0.0247797 0 1.73706e-08)
(0.0247797 0 2.29233e-08)
(0.0247796 0 2.85753e-08)
(0.0247796 0 3.09809e-08)
(0.0247793 0 2.86191e-08)
(0.0247801 0 -4.31122e-08)
(0.0247803 0 -4.44719e-08)
(0.0247804 0 -3.88935e-08)
(0.0247804 0 -3.09774e-08)
(0.0247804 0 -2.34755e-08)
(0.0247805 0 -1.72427e-08)
(0.0247805 0 -1.23767e-08)
(0.0247805 0 -8.78781e-09)
(0.0247805 0 -6.16547e-09)
(0.0247805 0 -4.31671e-09)
(0.0247805 0 -2.99605e-09)
(0.0247805 0 -2.07414e-09)
(0.0247805 0 -1.41993e-09)
(0.0247805 0 -9.64774e-10)
(0.0247805 0 -6.44743e-10)
(0.0247805 0 -4.24657e-10)
(0.0247805 0 -2.73042e-10)
(0.0247805 0 -1.71885e-10)
(0.0247805 0 -1.03931e-10)
(0.0247805 0 -5.94222e-11)
(0.0247805 0 -3.08826e-11)
(0.0247805 0 -1.56786e-11)
(0.0247805 0 -9.80527e-12)
(0.0247805 0 -8.34421e-12)
(0.0247805 0 -8.84587e-12)
(0.0247805 0 -1.02436e-11)
(0.0247805 0 -9.79244e-12)
(0.0247805 0 -7.21949e-12)
(0.0247805 0 1.58523e-13)
(0.0247805 0 1.5353e-11)
(0.0247805 0 4.52069e-11)
(0.0247805 0 9.34557e-11)
(0.0247805 0 1.64731e-10)
(0.0247805 0 2.66922e-10)
(0.0247805 0 4.11285e-10)
(0.0247805 0 6.17456e-10)
(0.0247805 0 9.13226e-10)
(0.0247805 0 1.33292e-09)
(0.0247805 0 1.93553e-09)
(0.0247805 0 2.80147e-09)
(0.0247805 0 4.06045e-09)
(0.0247805 0 5.87017e-09)
(0.0247805 0 8.45943e-09)
(0.0247805 0 1.20436e-08)
(0.0247805 0 1.69083e-08)
(0.0247804 0 2.31481e-08)
(0.0247804 0 3.06986e-08)
(0.0247804 0 3.87411e-08)
(0.0247803 0 4.43647e-08)
(0.0247801 0 4.29812e-08)
(0.0247801 0 -5.80374e-08)
(0.0247804 0 -5.81414e-08)
(0.0247804 0 -4.93132e-08)
(0.0247805 0 -3.88833e-08)
(0.0247805 0 -2.9335e-08)
(0.0247805 0 -2.15088e-08)
(0.0247806 0 -1.54393e-08)
(0.0247806 0 -1.09659e-08)
(0.0247806 0 -7.7032e-09)
(0.0247806 0 -5.39645e-09)
(0.0247806 0 -3.75112e-09)
(0.0247806 0 -2.60014e-09)
(0.0247806 0 -1.78519e-09)
(0.0247806 0 -1.21721e-09)
(0.0247806 0 -8.18367e-10)
(0.0247806 0 -5.43159e-10)
(0.0247806 0 -3.53326e-10)
(0.0247806 0 -2.25792e-10)
(0.0247806 0 -1.39655e-10)
(0.0247806 0 -8.24174e-11)
(0.0247806 0 -4.51815e-11)
(0.0247806 0 -2.44783e-11)
(0.0247806 0 -1.56299e-11)
(0.0247806 0 -1.21009e-11)
(0.0247806 0 -1.12773e-11)
(0.0247806 0 -1.14354e-11)
(0.0247806 0 -9.45937e-12)
(0.0247806 0 -4.6962e-12)
(0.0247806 0 5.84227e-12)
(0.0247806 0 2.61131e-11)
(0.0247806 0 6.46157e-11)
(0.0247806 0 1.26076e-10)
(0.0247806 0 2.15836e-10)
(0.0247806 0 3.4412e-10)
(0.0247806 0 5.24791e-10)
(0.0247806 0 7.82614e-10)
(0.0247806 0 1.15197e-09)
(0.0247806 0 1.67587e-09)
(0.0247806 0 2.42737e-09)
(0.0247806 0 3.50649e-09)
(0.0247806 0 5.07397e-09)
(0.0247806 0 7.32642e-09)
(0.0247806 0 1.05481e-08)
(0.0247806 0 1.50139e-08)
(0.0247805 0 2.10856e-08)
(0.0247805 0 2.89265e-08)
(0.0247805 0 3.85308e-08)
(0.0247804 0 4.90908e-08)
(0.0247804 0 5.7962e-08)
(0.0247801 0 5.78915e-08)
(0.0247801 0 -7.36315e-08)
(0.0247804 0 -7.20845e-08)
(0.0247804 0 -5.99227e-08)
(0.0247805 0 -4.68485e-08)
(0.0247805 0 -3.51937e-08)
(0.0247805 0 -2.57524e-08)
(0.0247806 0 -1.84763e-08)
(0.0247806 0 -1.31214e-08)
(0.0247806 0 -9.22342e-09)
(0.0247806 0 -6.46295e-09)
(0.0247806 0 -4.49664e-09)
(0.0247806 0 -3.1193e-09)
(0.0247806 0 -2.1457e-09)
(0.0247806 0 -1.46638e-09)
(0.0247806 0 -9.89821e-10)
(0.0247806 0 -6.60223e-10)
(0.0247806 0 -4.32679e-10)
(0.0247806 0 -2.79123e-10)
(0.0247806 0 -1.75042e-10)
(0.0247806 0 -1.05141e-10)
(0.0247806 0 -5.92376e-11)
(0.0247806 0 -3.30703e-11)
(0.0247806 0 -2.14052e-11)
(0.0247806 0 -1.57967e-11)
(0.0247806 0 -1.37183e-11)
(0.0247806 0 -1.26495e-11)
(0.0247806 0 -9.17063e-12)
(0.0247806 0 -2.19693e-12)
(0.0247806 0 1.13819e-11)
(0.0247806 0 3.65625e-11)
(0.0247806 0 8.36656e-11)
(0.0247806 0 1.58377e-10)
(0.0247806 0 2.66424e-10)
(0.0247806 0 4.20544e-10)
(0.0247806 0 6.37095e-10)
(0.0247806 0 9.46037e-10)
(0.0247806 0 1.38818e-09)
(0.0247806 0 2.01499e-09)
(0.0247806 0 2.91327e-09)
(0.0247806 0 4.2024e-09)
(0.0247806 0 6.07396e-09)
(0.0247806 0 8.76391e-09)
(0.0247806 0 1.26124e-08)
(0.0247806 0 1.79565e-08)
(0.0247805 0 2.52384e-08)
(0.0247805 0 3.47023e-08)
(0.0247805 0 4.64209e-08)
(0.0247804 0 5.96304e-08)
(0.0247804 0 7.184e-08)
(0.0247801 0 7.34798e-08)
(0.0247801 0 -8.99056e-08)
(0.0247804 0 -8.62792e-08)
(0.0247804 0 -7.06591e-08)
(0.0247805 0 -5.48197e-08)
(0.0247805 0 -4.10076e-08)
(0.0247805 0 -2.99387e-08)
(0.0247806 0 -2.14611e-08)
(0.0247806 0 -1.52343e-08)
(0.0247806 0 -1.07113e-08)
(0.0247806 0 -7.5054e-09)
(0.0247806 0 -5.22472e-09)
(0.0247806 0 -3.6259e-09)
(0.0247806 0 -2.49734e-09)
(0.0247806 0 -1.70933e-09)
(0.0247806 0 -1.15698e-09)
(0.0247806 0 -7.74323e-10)
(0.0247806 0 -5.09997e-10)
(0.0247806 0 -3.31089e-10)
(0.0247806 0 -2.09533e-10)
(0.0247806 0 -1.27182e-10)
(0.0247806 0 -7.27474e-11)
(0.0247806 0 -4.1239e-11)
(0.0247806 0 -2.70188e-11)
(0.0247806 0 -1.93536e-11)
(0.0247806 0 -1.61598e-11)
(0.0247806 0 -1.39098e-11)
(0.0247806 0 -9.00657e-12)
(0.0247806 0 1.66927e-13)
(0.0247806 0 1.65781e-11)
(0.0247806 0 4.63776e-11)
(0.0247806 0 1.01935e-10)
(0.0247806 0 1.89829e-10)
(0.0247806 0 3.15747e-10)
(0.0247806 0 4.95139e-10)
(0.0247806 0 7.46758e-10)
(0.0247806 0 1.10574e-09)
(0.0247806 0 1.61913e-09)
(0.0247806 0 2.34652e-09)
(0.0247806 0 3.38794e-09)
(0.0247806 0 4.88178e-09)
(0.0247806 0 7.05007e-09)
(0.0247806 0 1.01684e-08)
(0.0247806 0 1.4633e-08)
(0.0247806 0 2.08456e-08)
(0.0247805 0 2.93326e-08)
(0.0247805 0 4.04325e-08)
(0.0247805 0 5.43168e-08)
(0.0247804 0 7.02981e-08)
(0.0247804 0 8.59755e-08)
(0.0247801 0 8.9753e-08)
(0.0247801 0 -1.06907e-07)
(0.0247804 0 -1.00743e-07)
(0.0247804 0 -8.14979e-08)
(0.0247805 0 -6.27708e-08)
(0.0247805 0 -4.67536e-08)
(0.0247805 0 -3.40489e-08)
(0.0247806 0 -2.43791e-08)
(0.0247806 0 -1.72938e-08)
(0.0247806 0 -1.21589e-08)
(0.0247806 0 -8.51804e-09)
(0.0247806 0 -5.93119e-09)
(0.0247806 0 -4.117e-09)
(0.0247806 0 -2.838e-09)
(0.0247806 0 -1.94459e-09)
(0.0247806 0 -1.31879e-09)
(0.0247806 0 -8.84728e-10)
(0.0247806 0 -5.84756e-10)
(0.0247806 0 -3.8133e-10)
(0.0247806 0 -2.42885e-10)
(0.0247806 0 -1.48357e-10)
(0.0247806 0 -8.5563e-11)
(0.0247806 0 -4.88731e-11)
(0.0247806 0 -3.24338e-11)
(0.0247806 0 -2.27242e-11)
(0.0247806 0 -1.86056e-11)
(0.0247806 0 -1.52202e-11)
(0.0247806 0 -9.00567e-12)
(0.0247806 0 2.36977e-12)
(0.0247806 0 2.13493e-11)
(0.0247806 0 5.53879e-11)
(0.0247806 0 1.19224e-10)
(0.0247806 0 2.20219e-10)
(0.0247806 0 3.63476e-10)
(0.0247806 0 5.67408e-10)
(0.0247806 0 8.53109e-10)
(0.0247806 0 1.26078e-09)
(0.0247806 0 1.84353e-09)
(0.0247806 0 2.66861e-09)
(0.0247806 0 3.84872e-09)
(0.0247806 0 5.54076e-09)
(0.0247806 0 7.99673e-09)
(0.0247806 0 1.15322e-08)
(0.0247806 0 1.65992e-08)
(0.0247806 0 2.36668e-08)
(0.0247805 0 3.335e-08)
(0.0247805 0 4.60944e-08)
(0.0247805 0 6.21929e-08)
(0.0247804 0 8.10703e-08)
(0.0247804 0 1.00386e-07)
(0.0247801 0 1.06757e-07)
(0.0247801 0 -1.24679e-07)
(0.0247804 0 -1.15496e-07)
(0.0247804 0 -9.24203e-08)
(0.0247805 0 -7.06791e-08)
(0.0247805 0 -5.24114e-08)
(0.0247805 0 -3.80671e-08)
(0.0247806 0 -2.72182e-08)
(0.0247806 0 -1.92913e-08)
(0.0247806 0 -1.35599e-08)
(0.0247806 0 -9.49639e-09)
(0.0247806 0 -6.61286e-09)
(0.0247806 0 -4.59035e-09)
(0.0247806 0 -3.1661e-09)
(0.0247806 0 -2.17107e-09)
(0.0247806 0 -1.47451e-09)
(0.0247806 0 -9.90908e-10)
(0.0247806 0 -6.56584e-10)
(0.0247806 0 -4.29589e-10)
(0.0247806 0 -2.74938e-10)
(0.0247806 0 -1.68534e-10)
(0.0247806 0 -9.75747e-11)
(0.0247806 0 -5.58838e-11)
(0.0247806 0 -3.76407e-11)
(0.0247806 0 -2.58613e-11)
(0.0247806 0 -2.10693e-11)
(0.0247806 0 -1.65774e-11)
(0.0247806 0 -9.20256e-12)
(0.0247806 0 4.41693e-12)
(0.0247806 0 2.56453e-11)
(0.0247806 0 6.34506e-11)
(0.0247806 0 1.35381e-10)
(0.0247806 0 2.4942e-10)
(0.0247806 0 4.09391e-10)
(0.0247806 0 6.36976e-10)
(0.0247806 0 9.5566e-10)
(0.0247806 0 1.41047e-09)
(0.0247806 0 2.06041e-09)
(0.0247806 0 2.97988e-09)
(0.0247806 0 4.2936e-09)
(0.0247806 0 6.17634e-09)
(0.0247806 0 8.90957e-09)
(0.0247806 0 1.28489e-08)
(0.0247806 0 1.85024e-08)
(0.0247806 0 2.64084e-08)
(0.0247805 0 3.72748e-08)
(0.0247805 0 5.16682e-08)
(0.0247805 0 7.0027e-08)
(0.0247804 0 9.19285e-08)
(0.0247804 0 1.1509e-07)
(0.0247801 0 1.24536e-07)
(0.0247801 0 -1.4325e-07)
(0.0247804 0 -1.30543e-07)
(0.0247804 0 -1.03402e-07)
(0.0247805 0 -7.85173e-08)
(0.0247805 0 -5.7958e-08)
(0.0247805 0 -4.19759e-08)
(0.0247806 0 -2.9966e-08)
(0.0247806 0 -2.12178e-08)
(0.0247806 0 -1.49081e-08)
(0.0247806 0 -1.0436e-08)
(0.0247806 0 -7.26658e-09)
(0.0247806 0 -5.04374e-09)
(0.0247806 0 -3.48011e-09)
(0.0247806 0 -2.38769e-09)
(0.0247806 0 -1.62337e-09)
(0.0247806 0 -1.09235e-09)
(0.0247806 0 -7.25112e-10)
(0.0247806 0 -4.7562e-10)
(0.0247806 0 -3.05544e-10)
(0.0247806 0 -1.87587e-10)
(0.0247806 0 -1.08672e-10)
(0.0247806 0 -6.21786e-11)
(0.0247806 0 -4.26468e-11)
(0.0247806 0 -2.87033e-11)
(0.0247806 0 -2.35824e-11)
(0.0247806 0 -1.79813e-11)
(0.0247806 0 -9.64263e-12)
(0.0247806 0 6.33137e-12)
(0.0247806 0 2.94183e-11)
(0.0247806 0 7.04013e-11)
(0.0247806 0 1.5024e-10)
(0.0247806 0 2.7731e-10)
(0.0247806 0 4.53266e-10)
(0.0247806 0 7.03434e-10)
(0.0247806 0 1.05392e-09)
(0.0247806 0 1.55409e-09)
(0.0247806 0 2.26883e-09)
(0.0247806 0 3.27899e-09)
(0.0247806 0 4.7206e-09)
(0.0247806 0 6.78554e-09)
(0.0247806 0 9.78419e-09)
(0.0247806 0 1.41123e-08)
(0.0247806 0 2.03337e-08)
(0.0247806 0 2.90581e-08)
(0.0247805 0 4.10901e-08)
(0.0247805 0 5.71314e-08)
(0.0247805 0 7.77924e-08)
(0.0247804 0 1.02849e-07)
(0.0247804 0 1.30094e-07)
(0.0247801 0 1.43118e-07)
(0.0247801 0 -1.62629e-07)
(0.0247804 0 -1.45881e-07)
(0.0247804 0 -1.14413e-07)
(0.0247805 0 -8.62539e-08)
(0.0247805 0 -6.33685e-08)
(0.0247806 0 -4.57572e-08)
(0.0247806 0 -3.26098e-08)
(0.0247806 0 -2.30647e-08)
(0.0247806 0 -1.61973e-08)
(0.0247806 0 -1.13327e-08)
(0.0247806 0 -7.88934e-09)
(0.0247806 0 -5.47506e-09)
(0.0247806 0 -3.77853e-09)
(0.0247806 0 -2.59342e-09)
(0.0247806 0 -1.76469e-09)
(0.0247806 0 -1.18856e-09)
(0.0247806 0 -7.89994e-10)
(0.0247806 0 -5.19185e-10)
(0.0247806 0 -3.34574e-10)
(0.0247806 0 -2.05398e-10)
(0.0247806 0 -1.18753e-10)
(0.0247806 0 -6.76667e-11)
(0.0247806 0 -4.7498e-11)
(0.0247806 0 -3.11686e-11)
(0.0247806 0 -2.62168e-11)
(0.0247806 0 -1.94921e-11)
(0.0247806 0 -1.03551e-11)
(0.0247806 0 8.15833e-12)
(0.0247806 0 3.26024e-11)
(0.0247806 0 7.6017e-11)
(0.0247806 0 1.63586e-10)
(0.0247806 0 3.03751e-10)
(0.0247806 0 4.94856e-10)
(0.0247806 0 7.6632e-10)
(0.0247806 0 1.14738e-09)
(0.0247806 0 1.69094e-09)
(0.0247806 0 2.46783e-09)
(0.0247806 0 3.56462e-09)
(0.0247806 0 5.12783e-09)
(0.0247806 0 7.36548e-09)
(0.0247806 0 1.06163e-08)
(0.0247806 0 1.53162e-08)
(0.0247806 0 2.20843e-08)
(0.0247806 0 3.16034e-08)
(0.0247806 0 4.4778e-08)
(0.0247805 0 6.24595e-08)
(0.0247805 0 8.5458e-08)
(0.0247804 0 1.13801e-07)
(0.0247804 0 1.45396e-07)
(0.0247801 0 1.62513e-07)
(0.0247802 0 -1.82806e-07)
(0.0247804 0 -1.61497e-07)
(0.0247805 0 -1.25416e-07)
(0.0247805 0 -9.38524e-08)
(0.0247805 0 -6.86151e-08)
(0.0247806 0 -4.9392e-08)
(0.0247806 0 -3.51369e-08)
(0.0247806 0 -2.48233e-08)
(0.0247806 0 -1.74219e-08)
(0.0247806 0 -1.21823e-08)
(0.0247806 0 -8.47835e-09)
(0.0247806 0 -5.88237e-09)
(0.0247806 0 -4.06003e-09)
(0.0247806 0 -2.78735e-09)
(0.0247806 0 -1.89782e-09)
(0.0247806 0 -1.2791e-09)
(0.0247806 0 -8.50918e-10)
(0.0247806 0 -5.6007e-10)
(0.0247806 0 -3.6192e-10)
(0.0247806 0 -2.21844e-10)
(0.0247806 0 -1.27701e-10)
(0.0247806 0 -7.22284e-11)
(0.0247806 0 -5.22954e-11)
(0.0247806 0 -3.31946e-11)
(0.0247806 0 -2.87997e-11)
(0.0247806 0 -2.12743e-11)
(0.0247806 0 -1.10922e-11)
(0.0247806 0 9.87237e-12)
(0.0247806 0 3.49568e-11)
(0.0247806 0 7.99065e-11)
(0.0247806 0 1.75144e-10)
(0.0247806 0 3.28656e-10)
(0.0247806 0 5.34011e-10)
(0.0247806 0 8.25239e-10)
(0.0247806 0 1.2357e-09)
(0.0247806 0 1.82043e-09)
(0.0247806 0 2.65665e-09)
(0.0247806 0 3.8357e-09)
(0.0247806 0 5.51363e-09)
(0.0247806 0 7.91358e-09)
(0.0247806 0 1.14019e-08)
(0.0247806 0 1.64547e-08)
(0.0247806 0 2.37457e-08)
(0.0247806 0 3.40315e-08)
(0.0247806 0 4.83201e-08)
(0.0247805 0 6.76252e-08)
(0.0247805 0 9.29881e-08)
(0.0247805 0 1.24748e-07)
(0.0247804 0 1.60979e-07)
(0.0247802 0 1.82713e-07)
(0.0247802 0 -2.03748e-07)
(0.0247804 0 -1.77364e-07)
(0.0247805 0 -1.36364e-07)
(0.0247805 0 -1.01272e-07)
(0.0247805 0 -7.3669e-08)
(0.0247806 0 -5.28616e-08)
(0.0247806 0 -3.75353e-08)
(0.0247806 0 -2.64863e-08)
(0.0247806 0 -1.85769e-08)
(0.0247806 0 -1.2982e-08)
(0.0247806 0 -9.03165e-09)
(0.0247806 0 -6.26446e-09)
(0.0247806 0 -4.32387e-09)
(0.0247806 0 -2.96907e-09)
(0.0247806 0 -2.02255e-09)
(0.0247806 0 -1.36386e-09)
(0.0247806 0 -9.07781e-10)
(0.0247806 0 -5.98172e-10)
(0.0247806 0 -3.87512e-10)
(0.0247806 0 -2.36738e-10)
(0.0247806 0 -1.35255e-10)
(0.0247806 0 -7.5445e-11)
(0.0247806 0 -5.68984e-11)
(0.0247806 0 -3.53907e-11)
(0.0247806 0 -2.94489e-11)
(0.0247806 0 -3.07429e-11)
(0.0247806 0 -1.09438e-11)
(0.0247806 0 1.02774e-11)
(0.0247806 0 3.55615e-11)
(0.0247806 0 8.18558e-11)
(0.0247806 0 1.85662e-10)
(0.0247806 0 3.53396e-10)
(0.0247806 0 5.7211e-10)
(0.0247806 0 8.81179e-10)
(0.0247806 0 1.31992e-09)
(0.0247806 0 1.94337e-09)
(0.0247806 0 2.83598e-09)
(0.0247806 0 4.09273e-09)
(0.0247806 0 5.87814e-09)
(0.0247806 0 8.42918e-09)
(0.0247806 0 1.21392e-08)
(0.0247806 0 1.75241e-08)
(0.0247806 0 2.53114e-08)
(0.0247806 0 3.63321e-08)
(0.0247806 0 5.16992e-08)
(0.0247805 0 7.26017e-08)
(0.0247805 0 1.00344e-07)
(0.0247805 0 1.35645e-07)
(0.0247804 0 1.76822e-07)
(0.0247802 0 2.03685e-07)
(0.0247802 0 -2.25392e-07)
(0.0247804 0 -1.93446e-07)
(0.0247805 0 -1.472e-07)
(0.0247805 0 -1.08465e-07)
(0.0247805 0 -7.84968e-08)
(0.0247806 0 -5.61447e-08)
(0.0247806 0 -3.97917e-08)
(0.0247806 0 -2.80451e-08)
(0.0247806 0 -1.96568e-08)
(0.0247806 0 -1.37278e-08)
(0.0247806 0 -9.54676e-09)
(0.0247806 0 -6.61969e-09)
(0.0247806 0 -4.56903e-09)
(0.0247806 0 -3.13794e-09)
(0.0247806 0 -2.1385e-09)
(0.0247806 0 -1.44258e-09)
(0.0247806 0 -9.60391e-10)
(0.0247806 0 -6.33311e-10)
(0.0247806 0 -4.11287e-10)
(0.0247806 0 -2.49929e-10)
(0.0247806 0 -1.41173e-10)
(0.0247806 0 -7.6562e-11)
(0.0247806 0 -5.92615e-11)
(0.0247806 0 -4.19497e-11)
(0.0247806 0 2.62359e-11)
(0.0247806 0 4.19633e-11)
(0.0247806 0 1.67176e-11)
(0.0247806 0 2.07027e-12)
(0.0247806 0 3.34217e-11)
(0.0247806 0 8.68146e-11)
(0.0247806 0 2.01791e-10)
(0.0247806 0 3.84058e-10)
(0.0247806 0 6.1344e-10)
(0.0247806 0 9.36067e-10)
(0.0247806 0 1.40113e-09)
(0.0247806 0 2.06022e-09)
(0.0247806 0 3.00622e-09)
(0.0247806 0 4.33603e-09)
(0.0247806 0 6.22132e-09)
(0.0247806 0 8.91129e-09)
(0.0247806 0 1.28256e-08)
(0.0247806 0 1.85195e-08)
(0.0247806 0 2.67735e-08)
(0.0247806 0 3.84922e-08)
(0.0247806 0 5.48946e-08)
(0.0247805 0 7.73561e-08)
(0.0247805 0 1.07476e-07)
(0.0247805 0 1.46434e-07)
(0.0247804 0 1.92887e-07)
(0.0247802 0 2.25367e-07)
(0.0247802 0 -2.47611e-07)
(0.0247804 0 -2.09659e-07)
(0.0247805 0 -1.57822e-07)
(0.0247805 0 -1.15344e-07)
(0.0247805 0 -8.30341e-08)
(0.0247806 0 -5.91928e-08)
(0.0247806 0 -4.18682e-08)
(0.0247806 0 -2.94689e-08)
(0.0247806 0 -2.06361e-08)
(0.0247806 0 -1.43983e-08)
(0.0247806 0 -1.00054e-08)
(0.0247806 0 -6.93277e-09)
(0.0247806 0 -4.78288e-09)
(0.0247806 0 -3.28377e-09)
(0.0247806 0 -2.23766e-09)
(0.0247806 0 -1.50927e-09)
(0.0247806 0 -1.00457e-09)
(0.0247806 0 -6.63085e-10)
(0.0247806 0 -4.32893e-10)
(0.0247806 0 -2.62816e-10)
(0.0247806 0 -1.48177e-10)
(0.0247806 0 -8.02712e-11)
(0.0247806 0 -5.31037e-11)
(0.0247806 0 -1.50833e-10)
(0.0247806 0 -2.55801e-10)
(0.0247806 0 -2.8669e-10)
(0.0247806 0 -2.5783e-10)
(0.0247806 0 -1.84925e-10)
(0.0247806 0 -5.20419e-11)
(0.0247806 0 1.12873e-10)
(0.0247806 0 2.38636e-10)
(0.0247806 0 4.12757e-10)
(0.0247806 0 6.37084e-10)
(0.0247806 0 9.61556e-10)
(0.0247806 0 1.44982e-09)
(0.0247806 0 2.14158e-09)
(0.0247806 0 3.13866e-09)
(0.0247806 0 4.53616e-09)
(0.0247806 0 6.51096e-09)
(0.0247806 0 9.3233e-09)
(0.0247806 0 1.34192e-08)
(0.0247806 0 1.93937e-08)
(0.0247806 0 2.80784e-08)
(0.0247806 0 4.04504e-08)
(0.0247806 0 5.78338e-08)
(0.0247805 0 8.17992e-08)
(0.0247805 0 1.14276e-07)
(0.0247805 0 1.56986e-07)
(0.0247804 0 2.09063e-07)
(0.0247802 0 2.47605e-07)
(0.0247802 0 -2.70252e-07)
(0.0247805 0 -2.25914e-07)
(0.0247805 0 -1.68113e-07)
(0.0247805 0 -1.2182e-07)
(0.0247806 0 -8.72135e-08)
(0.0247806 0 -6.19548e-08)
(0.0247806 0 -4.37233e-08)
(0.0247806 0 -3.07222e-08)
(0.0247806 0 -2.14828e-08)
(0.0247806 0 -1.49645e-08)
(0.0247806 0 -1.03815e-08)
(0.0247806 0 -7.18028e-09)
(0.0247806 0 -4.94492e-09)
(0.0247806 0 -3.38925e-09)
(0.0247806 0 -2.3061e-09)
(0.0247806 0 -1.55336e-09)
(0.0247806 0 -1.03309e-09)
(0.0247806 0 -6.83684e-10)
(0.0247806 0 -4.5201e-10)
(0.0247806 0 -2.77947e-10)
(0.0247806 0 -1.60757e-10)
(0.0247806 0 -1.07439e-10)
(0.0247806 0 1.11483e-10)
(0.0247806 0 3.84146e-10)
(0.0247806 0 5.62427e-10)
(0.0247806 0 6.71316e-10)
(0.0247806 0 7.63776e-10)
(0.0247806 0 7.88686e-10)
(0.0247806 0 7.92553e-10)
(0.0247806 0 7.84486e-10)
(0.0247806 0 6.58933e-10)
(0.0247806 0 4.84419e-10)
(0.0247806 0 5.47675e-10)
(0.0247806 0 8.50072e-10)
(0.0247806 0 1.39306e-09)
(0.0247806 0 2.13828e-09)
(0.0247806 0 3.19259e-09)
(0.0247806 0 4.64943e-09)
(0.0247806 0 6.69343e-09)
(0.0247806 0 9.60019e-09)
(0.0247806 0 1.38466e-08)
(0.0247806 0 2.00686e-08)
(0.0247806 0 2.9146e-08)
(0.0247806 0 4.21236e-08)
(0.0247806 0 6.04275e-08)
(0.0247806 0 8.58285e-08)
(0.0247805 0 1.20617e-07)
(0.0247805 0 1.67154e-07)
(0.0247805 0 2.25231e-07)
(0.0247802 0 2.70219e-07)
(0.0247802 0 -2.9364e-07)
(0.0247805 0 -2.4265e-07)
(0.0247805 0 -1.78474e-07)
(0.0247805 0 -1.28303e-07)
(0.0247806 0 -9.14434e-08)
(0.0247806 0 -6.48201e-08)
(0.0247806 0 -4.57157e-08)
(0.0247806 0 -3.21269e-08)
(0.0247806 0 -2.24796e-08)
(0.0247806 0 -1.56697e-08)
(0.0247806 0 -1.08804e-08)
(0.0247806 0 -7.53264e-09)
(0.0247806 0 -5.19402e-09)
(0.0247806 0 -3.5654e-09)
(0.0247806 0 -2.43041e-09)
(0.0247806 0 -1.63984e-09)
(0.0247806 0 -1.09145e-09)
(0.0247806 0 -7.22236e-10)
(0.0247806 0 -4.73787e-10)
(0.0247806 0 -2.77032e-10)
(0.0247806 0 -1.42964e-10)
(0.0247806 0 -3.19889e-10)
(0.0247806 0 -7.27786e-10)
(0.0247806 0 -1.13923e-09)
(0.0247806 0 -1.36175e-09)
(0.0247806 0 -1.57786e-09)
(0.0247806 0 -1.81194e-09)
(0.0247806 0 -2.01322e-09)
(0.0247806 0 -2.10424e-09)
(0.0247806 0 -2.04782e-09)
(0.0247806 0 -1.81885e-09)
(0.0247806 0 -1.5056e-09)
(0.0247806 0 -8.52384e-10)
(0.0247806 0 1.57048e-10)
(0.0247806 0 1.28108e-09)
(0.0247806 0 2.34304e-09)
(0.0247806 0 3.53447e-09)
(0.0247806 0 5.04047e-09)
(0.0247806 0 7.1321e-09)
(0.0247806 0 1.013e-08)
(0.0247806 0 1.45437e-08)
(0.0247806 0 2.10428e-08)
(0.0247806 0 3.05459e-08)
(0.0247806 0 4.41526e-08)
(0.0247806 0 6.33827e-08)
(0.0247806 0 9.02028e-08)
(0.0247805 0 1.27291e-07)
(0.0247805 0 1.77741e-07)
(0.0247805 0 2.42256e-07)
(0.0247802 0 2.93993e-07)
(0.0247802 0 -3.17914e-07)
(0.0247805 0 -2.60339e-07)
(0.0247805 0 -1.89416e-07)
(0.0247805 0 -1.35379e-07)
(0.0247806 0 -9.63422e-08)
(0.0247806 0 -6.84052e-08)
(0.0247806 0 -4.84369e-08)
(0.0247806 0 -3.42362e-08)
(0.0247806 0 -2.41338e-08)
(0.0247806 0 -1.69707e-08)
(0.0247806 0 -1.19048e-08)
(0.0247806 0 -8.33602e-09)
(0.0247806 0 -5.81846e-09)
(0.0247806 0 -4.04279e-09)
(0.0247806 0 -2.78766e-09)
(0.0247806 0 -1.90054e-09)
(0.0247806 0 -1.27418e-09)
(0.0247806 0 -8.35346e-10)
(0.0247806 0 -5.05855e-10)
(0.0247806 0 -2.2282e-10)
(0.0247806 0 9.69663e-11)
(0.0247806 0 7.9663e-10)
(0.0247806 0 1.51369e-09)
(0.0247806 0 2.07701e-09)
(0.0247806 0 2.49454e-09)
(0.0247806 0 2.93883e-09)
(0.0247806 0 3.41342e-09)
(0.0247806 0 3.90654e-09)
(0.0247806 0 4.40342e-09)
(0.0247806 0 4.79735e-09)
(0.0247806 0 5.03383e-09)
(0.0247806 0 5.20041e-09)
(0.0247806 0 5.37742e-09)
(0.0247806 0 5.64528e-09)
(0.0247806 0 5.57328e-09)
(0.0247806 0 5.5413e-09)
(0.0247806 0 5.73079e-09)
(0.0247806 0 6.53333e-09)
(0.0247806 0 8.36235e-09)
(0.0247806 0 1.15276e-08)
(0.0247806 0 1.63462e-08)
(0.0247806 0 2.33432e-08)
(0.0247806 0 3.34229e-08)
(0.0247806 0 4.77607e-08)
(0.0247806 0 6.79752e-08)
(0.0247806 0 9.62222e-08)
(0.0247805 0 1.35588e-07)
(0.0247805 0 1.89983e-07)
(0.0247805 0 2.61353e-07)
(0.0247802 0 3.19785e-07)
(0.0247803 0 -3.36384e-07)
(0.0247805 0 -2.72272e-07)
(0.0247805 0 -1.94409e-07)
(0.0247805 0 -1.36952e-07)
(0.0247806 0 -9.63148e-08)
(0.0247806 0 -6.76529e-08)
(0.0247806 0 -4.73849e-08)
(0.0247806 0 -3.31115e-08)
(0.0247806 0 -2.30607e-08)
(0.0247806 0 -1.59872e-08)
(0.0247806 0 -1.10078e-08)
(0.0247806 0 -7.50434e-09)
(0.0247806 0 -5.02721e-09)
(0.0247806 0 -3.28802e-09)
(0.0247806 0 -2.10333e-09)
(0.0247806 0 -1.35038e-09)
(0.0247806 0 -9.21234e-10)
(0.0247806 0 -6.83571e-10)
(0.0247806 0 -4.85698e-10)
(0.0247806 0 -3.89678e-10)
(0.0247806 0 -1.10055e-09)
(0.0247806 0 -1.96012e-09)
(0.0247806 0 -2.89038e-09)
(0.0247806 0 -3.63937e-09)
(0.0247806 0 -4.33279e-09)
(0.0247806 0 -5.05644e-09)
(0.0247806 0 -5.80641e-09)
(0.0247806 0 -6.56264e-09)
(0.0247806 0 -7.32516e-09)
(0.0247806 0 -8.00687e-09)
(0.0247806 0 -8.44717e-09)
(0.0247806 0 -8.703e-09)
(0.0247806 0 -8.71099e-09)
(0.0247806 0 -8.50061e-09)
(0.0247806 0 -8.06385e-09)
(0.0247806 0 -6.99141e-09)
(0.0247806 0 -5.28977e-09)
(0.0247806 0 -2.75467e-09)
(0.0247806 0 9.52825e-10)
(0.0247806 0 5.95479e-09)
(0.0247806 0 1.22908e-08)
(0.0247806 0 2.02909e-08)
(0.0247806 0 3.0822e-08)
(0.0247806 0 4.52993e-08)
(0.0247806 0 6.56182e-08)
(0.0247806 0 9.42878e-08)
(0.0247805 0 1.34981e-07)
(0.0247805 0 1.92528e-07)
(0.0247805 0 2.70615e-07)
(0.0247803 0 3.35346e-07)
(0.0247802 0 -3.6326e-07)
(0.0247804 0 -2.88693e-07)
(0.0247804 0 -2.01641e-07)
(0.0247805 0 -1.40225e-07)
(0.0247805 0 -9.81859e-08)
(0.0247805 0 -6.93694e-08)
(0.0247805 0 -4.95194e-08)
(0.0247805 0 -3.58874e-08)
(0.0247805 0 -2.6491e-08)
(0.0247805 0 -1.99529e-08)
(0.0247805 0 -1.53285e-08)
(0.0247805 0 -1.19661e-08)
(0.0247805 0 -9.40224e-09)
(0.0247805 0 -7.34785e-09)
(0.0247805 0 -5.61521e-09)
(0.0247805 0 -4.09301e-09)
(0.0247805 0 -2.71351e-09)
(0.0247805 0 -1.45768e-09)
(0.0247805 0 -4.8968e-10)
(0.0247805 0 4.38564e-10)
(0.0247805 0 1.8092e-09)
(0.0247805 0 3.07154e-09)
(0.0247805 0 4.26901e-09)
(0.0247805 0 5.35264e-09)
(0.0247805 0 6.43856e-09)
(0.0247805 0 7.55127e-09)
(0.0247805 0 8.67979e-09)
(0.0247805 0 9.83601e-09)
(0.0247805 0 1.10174e-08)
(0.0247805 0 1.22295e-08)
(0.0247805 0 1.34402e-08)
(0.0247805 0 1.47211e-08)
(0.0247805 0 1.59656e-08)
(0.0247805 0 1.72608e-08)
(0.0247805 0 1.87899e-08)
(0.0247805 0 2.02533e-08)
(0.0247805 0 2.1818e-08)
(0.0247805 0 2.35823e-08)
(0.0247805 0 2.56906e-08)
(0.0247805 0 2.84202e-08)
(0.0247805 0 3.2224e-08)
(0.0247805 0 3.75546e-08)
(0.0247805 0 4.53912e-08)
(0.0247805 0 5.71187e-08)
(0.0247805 0 7.4734e-08)
(0.0247805 0 1.01093e-07)
(0.0247805 0 1.40627e-07)
(0.0247804 0 1.99551e-07)
(0.0247804 0 2.84427e-07)
(0.0247802 0 3.57744e-07)
(0.0247796 0 -3.71443e-07)
(0.0247798 0 -2.8641e-07)
(0.0247798 0 -1.88411e-07)
(0.0247799 0 -1.22186e-07)
(0.0247799 0 -7.80493e-08)
(0.0247799 0 -4.85198e-08)
(0.0247799 0 -2.87223e-08)
(0.0247799 0 -1.5641e-08)
(0.0247799 0 -7.15781e-09)
(0.0247799 0 -1.78549e-09)
(0.0247799 0 1.49472e-09)
(0.0247799 0 3.345e-09)
(0.0247799 0 4.21025e-09)
(0.0247799 0 4.37243e-09)
(0.0247799 0 4.01882e-09)
(0.0247799 0 3.28926e-09)
(0.0247799 0 2.29062e-09)
(0.0247799 0 1.10648e-09)
(0.0247799 0 -2.42799e-10)
(0.0247799 0 -1.84819e-09)
(0.0247799 0 -3.29738e-09)
(0.0247799 0 -4.68543e-09)
(0.0247799 0 -6.04004e-09)
(0.0247799 0 -7.45004e-09)
(0.0247799 0 -8.91508e-09)
(0.0247799 0 -1.04074e-08)
(0.0247799 0 -1.19136e-08)
(0.0247799 0 -1.34245e-08)
(0.0247799 0 -1.49301e-08)
(0.0247799 0 -1.64342e-08)
(0.0247799 0 -1.79369e-08)
(0.0247799 0 -1.9425e-08)
(0.0247799 0 -2.08796e-08)
(0.0247799 0 -2.22255e-08)
(0.0247799 0 -2.33298e-08)
(0.0247799 0 -2.4278e-08)
(0.0247799 0 -2.49042e-08)
(0.0247799 0 -2.49521e-08)
(0.0247799 0 -2.41598e-08)
(0.0247799 0 -2.22183e-08)
(0.0247799 0 -1.87677e-08)
(0.0247799 0 -1.31633e-08)
(0.0247799 0 -4.7392e-09)
(0.0247799 0 7.65373e-09)
(0.0247799 0 2.60006e-08)
(0.0247799 0 5.37808e-08)
(0.0247799 0 9.61099e-08)
(0.0247798 0 1.60487e-07)
(0.0247798 0 2.57023e-07)
(0.0247796 0 3.42741e-07)
(0.0247767 0 -2.81025e-07)
(0.0247769 0 -2.52315e-07)
(0.0247769 0 -1.77103e-07)
(0.0247769 0 -1.31063e-07)
(0.0247769 0 -1.00206e-07)
(0.0247769 0 -7.86111e-08)
(0.0247769 0 -6.28523e-08)
(0.0247769 0 -5.10653e-08)
(0.0247769 0 -4.20054e-08)
(0.0247769 0 -3.48981e-08)
(0.0247769 0 -2.90377e-08)
(0.0247769 0 -2.40315e-08)
(0.0247769 0 -1.96427e-08)
(0.0247769 0 -1.57343e-08)
(0.0247769 0 -1.22242e-08)
(0.0247769 0 -9.04071e-09)
(0.0247769 0 -6.10427e-09)
(0.0247769 0 -3.28888e-09)
(0.0247769 0 -3.46353e-10)
(0.0247769 0 2.44447e-09)
(0.0247769 0 4.44814e-09)
(0.0247769 0 6.1236e-09)
(0.0247769 0 7.66383e-09)
(0.0247769 0 9.30787e-09)
(0.0247769 0 1.11276e-08)
(0.0247769 0 1.29823e-08)
(0.0247769 0 1.4844e-08)
(0.0247769 0 1.67364e-08)
(0.0247769 0 1.86499e-08)
(0.0247769 0 2.06936e-08)
(0.0247769 0 2.30499e-08)
(0.0247769 0 2.55551e-08)
(0.0247769 0 2.81427e-08)
(0.0247769 0 3.07553e-08)
(0.0247769 0 3.38017e-08)
(0.0247769 0 3.75321e-08)
(0.0247769 0 4.18942e-08)
(0.0247769 0 4.68837e-08)
(0.0247769 0 5.254e-08)
(0.0247769 0 5.89978e-08)
(0.0247769 0 6.66731e-08)
(0.0247769 0 7.55253e-08)
(0.0247769 0 8.584e-08)
(0.0247769 0 9.83028e-08)
(0.0247769 0 1.14497e-07)
(0.0247769 0 1.36523e-07)
(0.0247769 0 1.67898e-07)
(0.0247769 0 2.14507e-07)
(0.0247769 0 2.90191e-07)
(0.0247767 0 3.13365e-07)
(0.0247687 0 -7.86745e-07)
(0.024769 0 -5.7449e-07)
(0.024769 0 -3.87719e-07)
(0.0247691 0 -2.62718e-07)
(0.0247691 0 -1.77535e-07)
(0.0247691 0 -1.1833e-07)
(0.0247691 0 -7.68855e-08)
(0.0247691 0 -4.79945e-08)
(0.0247691 0 -2.80839e-08)
(0.0247691 0 -1.47723e-08)
(0.0247691 0 -6.11295e-09)
(0.0247691 0 -7.54454e-10)
(0.0247692 0 2.24206e-09)
(0.0247692 0 3.57194e-09)
(0.0247692 0 3.74785e-09)
(0.0247692 0 3.13119e-09)
(0.0247692 0 1.94817e-09)
(0.0247692 0 3.01678e-10)
(0.0247692 0 -1.83153e-09)
(0.0247692 0 -4.18618e-09)
(0.0247692 0 -6.03433e-09)
(0.0247692 0 -7.67821e-09)
(0.0247692 0 -9.17321e-09)
(0.0247692 0 -1.08211e-08)
(0.0247692 0 -1.27317e-08)
(0.0247692 0 -1.47048e-08)
(0.0247692 0 -1.66878e-08)
(0.0247692 0 -1.86856e-08)
(0.0247692 0 -2.07285e-08)
(0.0247692 0 -2.28528e-08)
(0.0247692 0 -2.51758e-08)
(0.0247692 0 -2.74874e-08)
(0.0247692 0 -2.98621e-08)
(0.0247692 0 -3.21881e-08)
(0.0247692 0 -3.40079e-08)
(0.0247692 0 -3.51407e-08)
(0.0247692 0 -3.54456e-08)
(0.0247692 0 -3.4717e-08)
(0.0247691 0 -3.26987e-08)
(0.0247691 0 -2.86519e-08)
(0.0247691 0 -2.16216e-08)
(0.0247691 0 -9.99839e-09)
(0.0247691 0 8.37444e-09)
(0.0247691 0 3.59685e-08)
(0.0247691 0 7.67375e-08)
(0.0247691 0 1.355e-07)
(0.0247691 0 2.20367e-07)
(0.0247691 0 3.45094e-07)
(0.024769 0 5.31708e-07)
(0.0247688 0 7.53523e-07)
(0.0247673 0 -3.5956e-07)
(0.0247676 0 -2.81922e-07)
(0.0247676 0 -1.766e-07)
(0.0247677 0 -1.12955e-07)
(0.0247677 0 -7.28376e-08)
(0.0247677 0 -4.68039e-08)
(0.0247678 0 -3.00257e-08)
(0.0247678 0 -1.89668e-08)
(0.0247678 0 -1.16265e-08)
(0.0247678 0 -7.00781e-09)
(0.0247678 0 -4.22938e-09)
(0.0247678 0 -2.64723e-09)
(0.0247678 0 -1.78972e-09)
(0.0247678 0 -1.31358e-09)
(0.0247678 0 -9.89711e-10)
(0.0247678 0 -6.5436e-10)
(0.0247678 0 -3.81903e-10)
(0.0247678 0 -7.60878e-11)
(0.0247678 0 -2.27654e-10)
(0.0247678 0 4.61793e-11)
(0.0247678 0 -4.35106e-11)
(0.0247678 0 -4.12242e-10)
(0.0247678 0 -7.4487e-10)
(0.0247678 0 -9.9298e-10)
(0.0247678 0 -1.216e-09)
(0.0247678 0 -1.43973e-09)
(0.0247678 0 -1.66824e-09)
(0.0247678 0 -1.89066e-09)
(0.0247678 0 -2.14659e-09)
(0.0247678 0 -2.36195e-09)
(0.0247678 0 -2.31818e-09)
(0.0247678 0 -2.18708e-09)
(0.0247678 0 -2.08473e-09)
(0.0247678 0 -2.09061e-09)
(0.0247678 0 -1.8138e-09)
(0.0247678 0 -1.55423e-09)
(0.0247678 0 -9.21292e-10)
(0.0247678 0 1.02928e-10)
(0.0247678 0 1.64468e-09)
(0.0247678 0 4.20375e-09)
(0.0247678 0 8.11099e-09)
(0.0247678 0 9.52846e-09)
(0.0247678 0 1.39313e-08)
(0.0247678 0 2.28893e-08)
(0.0247678 0 3.82497e-08)
(0.0247677 0 6.2163e-08)
(0.0247677 0 9.91612e-08)
(0.0247677 0 1.60106e-07)
(0.0247676 0 2.6654e-07)
(0.0247673 0 3.44833e-07)
(3.63218e-05 0 -9.18495e-07)
(3.65708e-05 0 -9.30936e-07)
(3.62965e-05 0 -6.92581e-07)
(3.59795e-05 0 -5.37735e-07)
(3.56634e-05 0 -4.22486e-07)
(3.53591e-05 0 -3.35443e-07)
(3.50643e-05 0 -2.79291e-07)
(3.47825e-05 0 -2.37309e-07)
(3.45208e-05 0 -2.05751e-07)
(3.42794e-05 0 -1.79156e-07)
(3.40562e-05 0 -1.55882e-07)
(3.38504e-05 0 -1.34985e-07)
(3.36612e-05 0 -1.14759e-07)
(3.34881e-05 0 -9.51301e-08)
(3.33309e-05 0 -7.59242e-08)
(3.31886e-05 0 -5.70349e-08)
(3.30611e-05 0 -3.7124e-08)
(3.2949e-05 0 -1.76848e-08)
(3.28527e-05 0 -2.57912e-09)
(3.2774e-05 0 1.64659e-08)
(3.27107e-05 0 3.59127e-08)
(3.26577e-05 0 5.40006e-08)
(3.26172e-05 0 7.13542e-08)
(3.25915e-05 0 8.87115e-08)
(3.25791e-05 0 1.06575e-07)
(3.25798e-05 0 1.24471e-07)
(3.2594e-05 0 1.42492e-07)
(3.26219e-05 0 1.60444e-07)
(3.26634e-05 0 1.78734e-07)
(3.27187e-05 0 1.97112e-07)
(3.27885e-05 0 2.15901e-07)
(3.28725e-05 0 2.34622e-07)
(3.29708e-05 0 2.5343e-07)
(3.30839e-05 0 2.72282e-07)
(3.32123e-05 0 2.91126e-07)
(3.33565e-05 0 3.09797e-07)
(3.35165e-05 0 3.29019e-07)
(3.36913e-05 0 3.48993e-07)
(3.38826e-05 0 3.68739e-07)
(3.4092e-05 0 3.89637e-07)
(3.43165e-05 0 4.12948e-07)
(3.45557e-05 0 4.36904e-07)
(3.48078e-05 0 4.64007e-07)
(3.50702e-05 0 4.93362e-07)
(3.53576e-05 0 5.33026e-07)
(3.56753e-05 0 5.99071e-07)
(3.60029e-05 0 6.96475e-07)
(3.63295e-05 0 8.67075e-07)
(3.66902e-05 0 1.192e-06)
(3.6512e-05 0 1.34918e-06)
(6.46242e-06 0 9.20721e-07)
(6.32074e-06 0 1.0184e-06)
(5.92164e-06 0 9.40967e-07)
(5.61014e-06 0 8.56882e-07)
(5.2981e-06 0 7.75039e-07)
(4.99645e-06 0 6.91363e-07)
(4.71257e-06 0 6.15966e-07)
(4.44462e-06 0 5.57973e-07)
(4.189e-06 0 5.12825e-07)
(3.94801e-06 0 4.68737e-07)
(3.72314e-06 0 4.23356e-07)
(3.51507e-06 0 3.77774e-07)
(3.32384e-06 0 3.30275e-07)
(3.14958e-06 0 2.81954e-07)
(2.99181e-06 0 2.32977e-07)
(2.85048e-06 0 1.83991e-07)
(2.72512e-06 0 1.38308e-07)
(2.61569e-06 0 9.3184e-08)
(2.52212e-06 0 3.94676e-08)
(2.4391e-06 0 -1.6102e-08)
(2.36914e-06 0 -6.2524e-08)
(2.31694e-06 0 -1.11944e-07)
(2.27863e-06 0 -1.58383e-07)
(2.25308e-06 0 -2.0386e-07)
(2.2407e-06 0 -2.51327e-07)
(2.24161e-06 0 -2.99183e-07)
(2.25589e-06 0 -3.4736e-07)
(2.28388e-06 0 -3.95771e-07)
(2.32553e-06 0 -4.45268e-07)
(2.38084e-06 0 -4.94784e-07)
(2.45042e-06 0 -5.44778e-07)
(2.53425e-06 0 -5.94814e-07)
(2.63248e-06 0 -6.44251e-07)
(2.74591e-06 0 -6.93716e-07)
(2.87469e-06 0 -7.42815e-07)
(3.01868e-06 0 -7.91836e-07)
(3.17831e-06 0 -8.40963e-07)
(3.35538e-06 0 -8.89718e-07)
(3.54763e-06 0 -9.37995e-07)
(3.75309e-06 0 -9.85375e-07)
(3.97529e-06 0 -1.03204e-06)
(4.21478e-06 0 -1.07416e-06)
(4.47361e-06 0 -1.11233e-06)
(4.74781e-06 0 -1.14047e-06)
(5.03606e-06 0 -1.1809e-06)
(5.32873e-06 0 -1.23925e-06)
(5.61161e-06 0 -1.34184e-06)
(5.89355e-06 0 -1.45627e-06)
(6.21696e-06 0 -1.5643e-06)
(6.29737e-06 0 -1.67651e-06)
(6.41572e-06 0 -1.75043e-06)
(6.30055e-06 0 -1.57653e-06)
(5.99038e-06 0 -1.24728e-06)
(5.67314e-06 0 -1.01137e-06)
(5.3577e-06 0 -8.14833e-07)
(5.05518e-06 0 -6.96319e-07)
(4.76602e-06 0 -6.06527e-07)
(4.49067e-06 0 -5.39204e-07)
(4.23213e-06 0 -4.8742e-07)
(3.99092e-06 0 -4.40102e-07)
(3.76769e-06 0 -3.92308e-07)
(3.56171e-06 0 -3.45049e-07)
(3.37221e-06 0 -2.95697e-07)
(3.19893e-06 0 -2.44765e-07)
(3.04175e-06 0 -1.92644e-07)
(2.9003e-06 0 -1.39107e-07)
(2.77368e-06 0 -8.57116e-08)
(2.66007e-06 0 -2.78806e-08)
(2.56173e-06 0 3.8351e-08)
(2.4846e-06 0 1.03906e-07)
(2.42261e-06 0 1.54598e-07)
(2.36967e-06 0 1.96748e-07)
(2.32996e-06 0 2.34354e-07)
(2.30402e-06 0 2.72566e-07)
(2.29116e-06 0 3.17151e-07)
(2.29179e-06 0 3.63334e-07)
(2.30587e-06 0 4.09825e-07)
(2.33343e-06 0 4.58029e-07)
(2.37465e-06 0 5.07906e-07)
(2.42982e-06 0 5.57863e-07)
(2.49946e-06 0 6.09293e-07)
(2.58343e-06 0 6.60379e-07)
(2.68175e-06 0 7.11448e-07)
(2.79483e-06 0 7.6203e-07)
(2.92311e-06 0 8.11551e-07)
(3.06711e-06 0 8.6049e-07)
(3.22694e-06 0 9.09376e-07)
(3.40165e-06 0 9.58011e-07)
(3.5929e-06 0 1.00457e-06)
(3.80217e-06 0 1.05293e-06)
(4.02728e-06 0 1.10346e-06)
(4.26753e-06 0 1.15223e-06)
(4.52158e-06 0 1.20529e-06)
(4.78255e-06 0 1.25883e-06)
(5.06264e-06 0 1.32108e-06)
(5.36613e-06 0 1.4236e-06)
(5.6803e-06 0 1.60762e-06)
(6.00276e-06 0 1.9191e-06)
(6.35952e-06 0 2.34219e-06)
(6.51348e-06 0 2.82051e-06)
(6.63143e-06 0 5.49637e-07)
(6.40196e-06 0 7.76026e-07)
(6.01513e-06 0 8.58223e-07)
(5.677e-06 0 8.60821e-07)
(5.34142e-06 0 8.39311e-07)
(5.01838e-06 0 8.19413e-07)
(4.72423e-06 0 7.81621e-07)
(4.44865e-06 0 7.42972e-07)
(4.18901e-06 0 6.97389e-07)
(3.94721e-06 0 6.47331e-07)
(3.72232e-06 0 5.9235e-07)
(3.51456e-06 0 5.34075e-07)
(3.32406e-06 0 4.71618e-07)
(3.15036e-06 0 4.07033e-07)
(2.9931e-06 0 3.4059e-07)
(2.85203e-06 0 2.73103e-07)
(2.72752e-06 0 2.05021e-07)
(2.62067e-06 0 1.36165e-07)
(2.52863e-06 0 7.07434e-08)
(2.4425e-06 0 7.90564e-09)
(2.36786e-06 0 -5.9999e-08)
(2.31305e-06 0 -1.20931e-07)
(2.27394e-06 0 -1.7344e-07)
(2.24979e-06 0 -2.26491e-07)
(2.23901e-06 0 -2.84919e-07)
(2.2403e-06 0 -3.44161e-07)
(2.25498e-06 0 -4.04525e-07)
(2.28365e-06 0 -4.64163e-07)
(2.32566e-06 0 -5.23358e-07)
(2.38128e-06 0 -5.84601e-07)
(2.45109e-06 0 -6.48531e-07)
(2.53486e-06 0 -7.13637e-07)
(2.633e-06 0 -7.7952e-07)
(2.74612e-06 0 -8.45056e-07)
(2.87459e-06 0 -9.10198e-07)
(3.01846e-06 0 -9.74691e-07)
(3.17805e-06 0 -1.03918e-06)
(3.35467e-06 0 -1.10268e-06)
(3.5469e-06 0 -1.16307e-06)
(3.7532e-06 0 -1.22298e-06)
(3.97555e-06 0 -1.2821e-06)
(4.21563e-06 0 -1.33541e-06)
(4.47552e-06 0 -1.38312e-06)
(4.7517e-06 0 -1.42098e-06)
(5.04996e-06 0 -1.42911e-06)
(5.36727e-06 0 -1.4486e-06)
(5.69235e-06 0 -1.46267e-06)
(6.02267e-06 0 -1.51584e-06)
(6.38035e-06 0 -1.51634e-06)
(6.58811e-06 0 -1.49108e-06)
(6.61111e-06 0 -5.37122e-07)
(6.36229e-06 0 -5.04695e-07)
(6.00733e-06 0 -3.94406e-07)
(5.66935e-06 0 -3.29073e-07)
(5.34941e-06 0 -2.92357e-07)
(5.04363e-06 0 -2.50402e-07)
(4.75072e-06 0 -2.08928e-07)
(4.47382e-06 0 -1.76032e-07)
(4.213e-06 0 -1.45779e-07)
(3.9699e-06 0 -1.18803e-07)
(3.74503e-06 0 -9.39319e-08)
(3.53755e-06 0 -6.96744e-08)
(3.34679e-06 0 -4.54026e-08)
(3.17271e-06 0 -2.09097e-08)
(3.01496e-06 0 3.77998e-09)
(2.87317e-06 0 2.88512e-08)
(2.74628e-06 0 5.37553e-08)
(2.63321e-06 0 7.55921e-08)
(2.53607e-06 0 8.57702e-08)
(2.45844e-06 0 9.17498e-08)
(2.39684e-06 0 1.2288e-07)
(2.34697e-06 0 1.54151e-07)
(2.30884e-06 0 1.79172e-07)
(2.28172e-06 0 1.9811e-07)
(2.26762e-06 0 2.17916e-07)
(2.26786e-06 0 2.41384e-07)
(2.28186e-06 0 2.66498e-07)
(2.30966e-06 0 2.93344e-07)
(2.35055e-06 0 3.19536e-07)
(2.40478e-06 0 3.48099e-07)
(2.47364e-06 0 3.74667e-07)
(2.55723e-06 0 3.99584e-07)
(2.65546e-06 0 4.23716e-07)
(2.76868e-06 0 4.4778e-07)
(2.89717e-06 0 4.71024e-07)
(3.04131e-06 0 4.93927e-07)
(3.20133e-06 0 5.16789e-07)
(3.37686e-06 0 5.39869e-07)
(3.56883e-06 0 5.60378e-07)
(3.77836e-06 0 5.83439e-07)
(4.00479e-06 0 6.10137e-07)
(4.24732e-06 0 6.39746e-07)
(4.50446e-06 0 6.69297e-07)
(4.77334e-06 0 6.96076e-07)
(5.05711e-06 0 7.30064e-07)
(5.35941e-06 0 7.36096e-07)
(5.66685e-06 0 7.50757e-07)
(5.99202e-06 0 8.32579e-07)
(6.36449e-06 0 9.68916e-07)
(6.62173e-06 0 1.14702e-06)
(6.73214e-06 0 -9.00911e-08)
(6.43053e-06 0 1.88149e-07)
(6.05025e-06 0 3.50207e-07)
(5.69741e-06 0 4.53484e-07)
(5.35716e-06 0 5.073e-07)
(5.03506e-06 0 5.15528e-07)
(4.7391e-06 0 5.04565e-07)
(4.46128e-06 0 4.80187e-07)
(4.20046e-06 0 4.48948e-07)
(3.95758e-06 0 4.15503e-07)
(3.73215e-06 0 3.79757e-07)
(3.52427e-06 0 3.41983e-07)
(3.33382e-06 0 3.03314e-07)
(3.16019e-06 0 2.65091e-07)
(3.00305e-06 0 2.26973e-07)
(2.86202e-06 0 1.90355e-07)
(2.73687e-06 0 1.54797e-07)
(2.62707e-06 0 1.25389e-07)
(2.53187e-06 0 1.05023e-07)
(2.44993e-06 0 8.49707e-08)
(2.38034e-06 0 4.6097e-08)
(2.32431e-06 0 -1.06357e-09)
(2.28274e-06 0 -4.98226e-08)
(2.25754e-06 0 -9.07563e-08)
(2.24766e-06 0 -1.23143e-07)
(2.25002e-06 0 -1.61416e-07)
(2.26538e-06 0 -2.04214e-07)
(2.29426e-06 0 -2.49272e-07)
(2.33661e-06 0 -2.9428e-07)
(2.39231e-06 0 -3.34694e-07)
(2.46139e-06 0 -3.71857e-07)
(2.54467e-06 0 -4.09309e-07)
(2.64264e-06 0 -4.47287e-07)
(2.75558e-06 0 -4.85636e-07)
(2.88382e-06 0 -5.24516e-07)
(3.02761e-06 0 -5.63694e-07)
(3.18724e-06 0 -6.0361e-07)
(3.36339e-06 0 -6.43805e-07)
(3.55562e-06 0 -6.8201e-07)
(3.76315e-06 0 -7.20984e-07)
(3.98681e-06 0 -7.61867e-07)
(4.22746e-06 0 -8.03013e-07)
(4.48678e-06 0 -8.40996e-07)
(4.76386e-06 0 -8.67745e-07)
(5.05796e-06 0 -8.64016e-07)
(5.37141e-06 0 -8.37005e-07)
(5.71164e-06 0 -7.76895e-07)
(6.0663e-06 0 -6.34205e-07)
(6.44326e-06 0 -4.54174e-07)
(6.74624e-06 0 -2.59833e-07)
(6.79277e-06 0 -3.10035e-08)
(6.45037e-06 0 1.08976e-07)
(6.06039e-06 0 1.95085e-07)
(5.70077e-06 0 2.44926e-07)
(5.36182e-06 0 2.64264e-07)
(5.04308e-06 0 2.90205e-07)
(4.74365e-06 0 3.08279e-07)
(4.4627e-06 0 3.10045e-07)
(4.20006e-06 0 3.03473e-07)
(3.95606e-06 0 2.91346e-07)
(3.73032e-06 0 2.75948e-07)
(3.52227e-06 0 2.60226e-07)
(3.33141e-06 0 2.42796e-07)
(3.15744e-06 0 2.24596e-07)
(3.00001e-06 0 2.05405e-07)
(2.85874e-06 0 1.85919e-07)
(2.73329e-06 0 1.6583e-07)
(2.62325e-06 0 1.45188e-07)
(2.52799e-06 0 1.24103e-07)
(2.44665e-06 0 1.03358e-07)
(2.37963e-06 0 8.61587e-08)
(2.32779e-06 0 7.86334e-08)
(2.2909e-06 0 7.90545e-08)
(2.26705e-06 0 8.33471e-08)
(2.25348e-06 0 7.30978e-08)
(2.25165e-06 0 6.62764e-08)
(2.26429e-06 0 6.36075e-08)
(2.29164e-06 0 5.49072e-08)
(2.33347e-06 0 4.15444e-08)
(2.38926e-06 0 2.60533e-08)
(2.45872e-06 0 9.92605e-09)
(2.54214e-06 0 -5.97109e-09)
(2.64019e-06 0 -2.27248e-08)
(2.75323e-06 0 -3.93578e-08)
(2.88156e-06 0 -5.66936e-08)
(3.02549e-06 0 -7.3776e-08)
(3.18531e-06 0 -9.12818e-08)
(3.36118e-06 0 -1.0796e-07)
(3.5534e-06 0 -1.266e-07)
(3.76239e-06 0 -1.42661e-07)
(3.98838e-06 0 -1.54147e-07)
(4.2315e-06 0 -1.58701e-07)
(4.49151e-06 0 -1.57035e-07)
(4.76874e-06 0 -1.53319e-07)
(5.06326e-06 0 -1.42504e-07)
(5.37683e-06 0 -1.29416e-07)
(5.7074e-06 0 -1.04075e-07)
(6.05657e-06 0 -8.80967e-08)
(6.43939e-06 0 -4.11081e-08)
(6.78024e-06 0 2.86037e-08)
(6.84918e-06 0 6.47235e-08)
(6.47577e-06 0 2.09389e-07)
(6.07744e-06 0 3.10208e-07)
(5.71125e-06 0 3.72148e-07)
(5.36621e-06 0 4.06947e-07)
(5.04387e-06 0 4.12293e-07)
(4.74307e-06 0 4.13512e-07)
(4.46031e-06 0 4.02843e-07)
(4.19672e-06 0 3.85988e-07)
(3.95208e-06 0 3.65563e-07)
(3.72593e-06 0 3.42281e-07)
(3.51764e-06 0 3.17793e-07)
(3.32669e-06 0 2.92267e-07)
(3.15271e-06 0 2.6694e-07)
(2.99532e-06 0 2.41373e-07)
(2.85411e-06 0 2.16456e-07)
(2.72872e-06 0 1.91641e-07)
(2.61872e-06 0 1.67426e-07)
(2.5235e-06 0 1.43145e-07)
(2.44234e-06 0 1.19461e-07)
(2.3754e-06 0 9.68844e-08)
(2.32289e-06 0 7.43372e-08)
(2.28368e-06 0 4.83947e-08)
(2.25635e-06 0 1.49529e-08)
(2.24425e-06 0 -2.00446e-08)
(2.24812e-06 0 -4.70229e-08)
(2.2631e-06 0 -6.74635e-08)
(2.28985e-06 0 -8.39253e-08)
(2.33084e-06 0 -1.01902e-07)
(2.38599e-06 0 -1.21538e-07)
(2.45499e-06 0 -1.43103e-07)
(2.53814e-06 0 -1.65397e-07)
(2.63596e-06 0 -1.88725e-07)
(2.74879e-06 0 -2.12731e-07)
(2.87693e-06 0 -2.37817e-07)
(3.0207e-06 0 -2.63399e-07)
(3.1804e-06 0 -2.89878e-07)
(3.35633e-06 0 -3.16457e-07)
(3.54868e-06 0 -3.42857e-07)
(3.75765e-06 0 -3.68519e-07)
(3.9836e-06 0 -3.94099e-07)
(4.22688e-06 0 -4.18145e-07)
(4.48786e-06 0 -4.39814e-07)
(4.76676e-06 0 -4.53998e-07)
(5.06274e-06 0 -4.584e-07)
(5.3791e-06 0 -4.55485e-07)
(5.71991e-06 0 -4.28741e-07)
(6.07889e-06 0 -3.51783e-07)
(6.46662e-06 0 -2.43678e-07)
(6.83621e-06 0 -9.8382e-08)
(6.89791e-06 0 1.63677e-07)
(6.49949e-06 0 2.99096e-07)
(6.09295e-06 0 3.91611e-07)
(5.72012e-06 0 4.46967e-07)
(5.36985e-06 0 4.7362e-07)
(5.0444e-06 0 4.80242e-07)
(4.74176e-06 0 4.76261e-07)
(4.45719e-06 0 4.61828e-07)
(4.1926e-06 0 4.40958e-07)
(3.94732e-06 0 4.16648e-07)
(3.72077e-06 0 3.89411e-07)
(3.51226e-06 0 3.61166e-07)
(3.32124e-06 0 3.31864e-07)
(3.14726e-06 0 3.029e-07)
(2.98992e-06 0 2.73714e-07)
(2.84879e-06 0 2.45337e-07)
(2.72348e-06 0 2.17076e-07)
(2.61355e-06 0 1.89604e-07)
(2.5184e-06 0 1.62135e-07)
(2.4374e-06 0 1.35482e-07)
(2.37061e-06 0 1.0969e-07)
(2.31809e-06 0 8.44782e-08)
(2.27903e-06 0 5.8777e-08)
(2.25336e-06 0 3.46061e-08)
(2.24109e-06 0 1.73775e-08)
(2.24216e-06 0 -7.40223e-09)
(2.25691e-06 0 -3.83151e-08)
(2.28476e-06 0 -6.48919e-08)
(2.32594e-06 0 -9.06251e-08)
(2.38102e-06 0 -1.16394e-07)
(2.44995e-06 0 -1.43089e-07)
(2.53302e-06 0 -1.69799e-07)
(2.63072e-06 0 -1.97464e-07)
(2.74342e-06 0 -2.25444e-07)
(2.87143e-06 0 -2.54592e-07)
(3.01507e-06 0 -2.84005e-07)
(3.1747e-06 0 -3.14437e-07)
(3.35059e-06 0 -3.44794e-07)
(3.54298e-06 0 -3.75721e-07)
(3.75214e-06 0 -4.05698e-07)
(3.97846e-06 0 -4.34865e-07)
(4.22235e-06 0 -4.61298e-07)
(4.48434e-06 0 -4.84321e-07)
(4.76502e-06 0 -5.00699e-07)
(5.06296e-06 0 -5.0606e-07)
(5.38276e-06 0 -5.0252e-07)
(5.72815e-06 0 -4.74414e-07)
(6.09358e-06 0 -4.25444e-07)
(6.49009e-06 0 -3.33873e-07)
(6.884e-06 0 -2.00154e-07)
(6.94083e-06 0 2.65361e-07)
(6.52137e-06 0 3.90393e-07)
(6.10702e-06 0 4.74618e-07)
(5.72765e-06 0 5.23629e-07)
(5.37287e-06 0 5.43265e-07)
(5.04439e-06 0 5.49734e-07)
(4.73939e-06 0 5.39683e-07)
(4.45325e-06 0 5.21143e-07)
(4.18768e-06 0 4.96147e-07)
(3.94177e-06 0 4.67843e-07)
(3.71483e-06 0 4.36595e-07)
(3.50613e-06 0 4.04516e-07)
(3.31504e-06 0 3.71395e-07)
(3.14108e-06 0 3.38777e-07)
(2.9838e-06 0 3.05965e-07)
(2.84278e-06 0 2.74132e-07)
(2.71758e-06 0 2.42436e-07)
(2.60774e-06 0 2.11717e-07)
(2.51268e-06 0 1.81063e-07)
(2.43185e-06 0 1.51417e-07)
(2.3652e-06 0 1.22455e-07)
(2.3127e-06 0 9.42535e-08)
(2.27371e-06 0 6.5674e-08)
(2.24807e-06 0 3.81484e-08)
(2.23585e-06 0 1.0031e-08)
(2.23698e-06 0 -1.71016e-08)
(2.2516e-06 0 -4.4921e-08)
(2.27939e-06 0 -7.30717e-08)
(2.32054e-06 0 -1.01527e-07)
(2.37549e-06 0 -1.30145e-07)
(2.44431e-06 0 -1.59857e-07)
(2.52726e-06 0 -1.89668e-07)
(2.62483e-06 0 -2.20615e-07)
(2.73736e-06 0 -2.51911e-07)
(2.86522e-06 0 -2.8455e-07)
(3.00873e-06 0 -3.17501e-07)
(3.16825e-06 0 -3.51667e-07)
(3.34407e-06 0 -3.85804e-07)
(3.5365e-06 0 -4.20692e-07)
(3.74582e-06 0 -4.54668e-07)
(3.97248e-06 0 -4.88023e-07)
(4.21699e-06 0 -5.18605e-07)
(4.47998e-06 0 -5.45896e-07)
(4.76241e-06 0 -5.66556e-07)
(5.06238e-06 0 -5.77488e-07)
(5.38543e-06 0 -5.75474e-07)
(5.73532e-06 0 -5.54694e-07)
(6.107e-06 0 -5.10503e-07)
(6.5117e-06 0 -4.27502e-07)
(6.92603e-06 0 -3.04206e-07)
(6.9796e-06 0 3.69301e-07)
(6.54135e-06 0 4.83073e-07)
(6.11959e-06 0 5.58953e-07)
(5.73385e-06 0 6.01202e-07)
(5.37507e-06 0 6.14834e-07)
(5.04368e-06 0 6.18245e-07)
(4.73604e-06 0 6.03245e-07)
(4.44848e-06 0 5.80496e-07)
(4.18194e-06 0 5.51319e-07)
(3.93541e-06 0 5.1898e-07)
(3.7081e-06 0 4.83695e-07)
(3.49922e-06 0 4.47765e-07)
(3.30809e-06 0 4.10819e-07)
(3.13418e-06 0 3.74547e-07)
(2.97699e-06 0 3.38112e-07)
(2.83608e-06 0 3.02827e-07)
(2.711e-06 0 2.67709e-07)
(2.60128e-06 0 2.33752e-07)
(2.50634e-06 0 1.99919e-07)
(2.42568e-06 0 1.67268e-07)
(2.35917e-06 0 1.35173e-07)
(2.30673e-06 0 1.04002e-07)
(2.2678e-06 0 7.25361e-08)
(2.24224e-06 0 4.21044e-08)
(2.23004e-06 0 1.13257e-08)
(2.23117e-06 0 -1.88386e-08)
(2.24571e-06 0 -4.96856e-08)
(2.27344e-06 0 -8.06218e-08)
(2.31453e-06 0 -1.121e-07)
(2.36936e-06 0 -1.43685e-07)
(2.43804e-06 0 -1.76468e-07)
(2.52086e-06 0 -2.09396e-07)
(2.61828e-06 0 -2.43628e-07)
(2.73063e-06 0 -2.78239e-07)
(2.85831e-06 0 -3.1437e-07)
(3.00165e-06 0 -3.50856e-07)
(3.16104e-06 0 -3.88754e-07)
(3.33678e-06 0 -4.26669e-07)
(3.52921e-06 0 -4.65528e-07)
(3.73867e-06 0 -5.03518e-07)
(3.96567e-06 0 -5.4108e-07)
(4.21078e-06 0 -5.75845e-07)
(4.47475e-06 0 -6.07456e-07)
(4.7587e-06 0 -6.32506e-07)
(5.06118e-06 0 -6.4946e-07)
(5.38732e-06 0 -6.48609e-07)
(5.74114e-06 0 -6.35261e-07)
(6.11902e-06 0 -5.96799e-07)
(6.53137e-06 0 -5.22446e-07)
(6.96407e-06 0 -4.10134e-07)
(7.01388e-06 0 4.74978e-07)
(6.55932e-06 0 5.77116e-07)
(6.13064e-06 0 6.44201e-07)
(5.73882e-06 0 6.79578e-07)
(5.37628e-06 0 6.87747e-07)
(5.04208e-06 0 6.86311e-07)
(4.73184e-06 0 6.66921e-07)
(4.44287e-06 0 6.3988e-07)
(4.17538e-06 0 6.06459e-07)
(3.92824e-06 0 5.70041e-07)
(3.70059e-06 0 5.30697e-07)
(3.49155e-06 0 4.90895e-07)
(3.30039e-06 0 4.50121e-07)
(3.12654e-06 0 4.10194e-07)
(2.96946e-06 0 3.70142e-07)
(2.8287e-06 0 3.3141e-07)
(2.70376e-06 0 2.92885e-07)
(2.59418e-06 0 2.55699e-07)
(2.49938e-06 0 2.18695e-07)
(2.4189e-06 0 1.83032e-07)
(2.35254e-06 0 1.47837e-07)
(2.30018e-06 0 1.13714e-07)
(2.26133e-06 0 7.93561e-08)
(2.23583e-06 0 4.60429e-08)
(2.22366e-06 0 1.23764e-08)
(2.22478e-06 0 -2.06527e-08)
(2.23925e-06 0 -5.44156e-08)
(2.2669e-06 0 -8.81506e-08)
(2.30793e-06 0 -1.22621e-07)
(2.36262e-06 0 -1.57161e-07)
(2.43116e-06 0 -1.93008e-07)
(2.51383e-06 0 -2.29039e-07)
(2.61106e-06 0 -2.6654e-07)
(2.72322e-06 0 -3.04455e-07)
(2.8507e-06 0 -3.44067e-07)
(2.99385e-06 0 -3.84081e-07)
(3.15308e-06 0 -4.25702e-07)
(3.32872e-06 0 -4.67392e-07)
(3.52113e-06 0 -5.10222e-07)
(3.73071e-06 0 -5.52239e-07)
(3.95801e-06 0 -5.94024e-07)
(4.20371e-06 0 -6.33013e-07)
(4.46865e-06 0 -6.6901e-07)
(4.75401e-06 0 -6.98522e-07)
(5.05916e-06 0 -7.20423e-07)
(5.38826e-06 0 -7.23537e-07)
(5.74568e-06 0 -7.16461e-07)
(6.12956e-06 0 -6.84181e-07)
(6.54905e-06 0 -6.18605e-07)
(6.99779e-06 0 -5.17676e-07)
(7.04371e-06 0 5.82204e-07)
(6.57521e-06 0 6.7243e-07)
(6.14008e-06 0 7.30386e-07)
(5.74256e-06 0 7.58451e-07)
(5.37642e-06 0 7.6152e-07)
(5.03951e-06 0 7.54577e-07)
(4.72676e-06 0 7.30684e-07)
(4.43639e-06 0 6.99269e-07)
(4.16797e-06 0 6.61545e-07)
(3.92026e-06 0 6.21002e-07)
(3.69227e-06 0 5.7758e-07)
(3.48311e-06 0 5.33886e-07)
(3.29195e-06 0 4.89285e-07)
(3.11818e-06 0 4.45701e-07)
(2.96123e-06 0 4.02042e-07)
(2.82063e-06 0 3.59868e-07)
(2.69586e-06 0 3.17951e-07)
(2.58644e-06 0 2.77544e-07)
(2.4918e-06 0 2.37381e-07)
(2.41151e-06 0 1.98703e-07)
(2.34531e-06 0 1.60441e-07)
(2.29304e-06 0 1.2338e-07)
(2.25427e-06 0 8.61349e-08)
(2.22884e-06 0 4.99594e-08)
(2.2167e-06 0 1.34199e-08)
(2.21781e-06 0 -2.24563e-08)
(2.23221e-06 0 -5.911e-08)
(2.25979e-06 0 -9.56513e-08)
(2.30073e-06 0 -1.33084e-07)
(2.35528e-06 0 -1.70568e-07)
(2.42367e-06 0 -2.09464e-07)
(2.50616e-06 0 -2.48588e-07)
(2.60319e-06 0 -2.89338e-07)
(2.71512e-06 0 -3.30547e-07)
(2.84239e-06 0 -3.73622e-07)
(2.98532e-06 0 -4.17159e-07)
(3.14438e-06 0 -4.62491e-07)
(3.31988e-06 0 -5.07954e-07)
(3.51224e-06 0 -5.54751e-07)
(3.72191e-06 0 -6.00809e-07)
(3.94951e-06 0 -6.46831e-07)
(4.19578e-06 0 -6.90087e-07)
(4.46165e-06 0 -7.30525e-07)
(4.74842e-06 0 -7.64555e-07)
(5.05617e-06 0 -7.91021e-07)
(5.38811e-06 0 -7.996e-07)
(5.74901e-06 0 -7.98187e-07)
(6.13859e-06 0 -7.72501e-07)
(6.56468e-06 0 -7.15856e-07)
(7.02719e-06 0 -6.26506e-07)
(7.06915e-06 0 6.90668e-07)
(6.58897e-06 0 7.68706e-07)
(6.14785e-06 0 8.17405e-07)
(5.74505e-06 0 8.36581e-07)
(5.3755e-06 0 8.37137e-07)
(5.03591e-06 0 8.23122e-07)
(4.72077e-06 0 7.94512e-07)
(4.42904e-06 0 7.58633e-07)
(4.15972e-06 0 7.16556e-07)
(3.91145e-06 0 6.71838e-07)
(3.68316e-06 0 6.24324e-07)
(3.47389e-06 0 5.76713e-07)
(3.28276e-06 0 5.28294e-07)
(3.10909e-06 0 4.81046e-07)
(2.95229e-06 0 4.33797e-07)
(2.81188e-06 0 3.88181e-07)
(2.6873e-06 0 3.42896e-07)
(2.57806e-06 0 2.99271e-07)
(2.48361e-06 0 2.5597e-07)
(2.40351e-06 0 2.14273e-07)
(2.33748e-06 0 1.72979e-07)
(2.28531e-06 0 1.32992e-07)
(2.24664e-06 0 9.28726e-08)
(2.22128e-06 0 5.38492e-08)
(2.20917e-06 0 1.44584e-08)
(2.21027e-06 0 -2.42506e-08)
(2.22461e-06 0 -6.37668e-08)
(2.25211e-06 0 -1.03119e-07)
(2.29294e-06 0 -1.43481e-07)
(2.34734e-06 0 -1.83902e-07)
(2.41556e-06 0 -2.25825e-07)
(2.49785e-06 0 -2.68033e-07)
(2.59467e-06 0 -3.12006e-07)
(2.70636e-06 0 -3.56502e-07)
(2.83338e-06 0 -4.03016e-07)
(2.97608e-06 0 -4.50075e-07)
(3.13492e-06 0 -4.99097e-07)
(3.31026e-06 0 -5.48337e-07)
(3.50256e-06 0 -5.99086e-07)
(3.71229e-06 0 -6.49207e-07)
(3.94016e-06 0 -6.99472e-07)
(4.18697e-06 0 -7.4704e-07)
(4.45375e-06 0 -7.91967e-07)
(4.74191e-06 0 -8.30585e-07)
(5.05215e-06 0 -8.61761e-07)
(5.38683e-06 0 -8.76747e-07)
(5.7511e-06 0 -8.79814e-07)
(6.14603e-06 0 -8.61634e-07)
(6.57826e-06 0 -8.14043e-07)
(7.05238e-06 0 -7.3641e-07)
(7.09039e-06 0 8.00018e-07)
(6.60057e-06 0 8.65868e-07)
(6.15366e-06 0 9.05207e-07)
(5.7465e-06 0 9.1549e-07)
(5.37373e-06 0 9.12936e-07)
(5.03099e-06 0 8.91884e-07)
(4.71386e-06 0 8.58393e-07)
(4.4208e-06 0 8.17943e-07)
(4.15062e-06 0 7.71466e-07)
(3.90181e-06 0 7.22519e-07)
(3.67325e-06 0 6.70906e-07)
(3.4639e-06 0 6.19348e-07)
(3.27282e-06 0 5.67128e-07)
(3.09928e-06 0 5.16208e-07)
(2.94266e-06 0 4.65413e-07)
(2.80245e-06 0 4.16331e-07)
(2.67808e-06 0 3.67706e-07)
(2.56905e-06 0 3.20865e-07)
(2.4748e-06 0 2.7445e-07)
(2.39491e-06 0 2.29733e-07)
(2.32905e-06 0 1.85445e-07)
(2.27701e-06 0 1.4254e-07)
(2.23844e-06 0 9.95691e-08)
(2.21316e-06 0 5.77073e-08)
(2.20108e-06 0 1.54944e-08)
(2.20217e-06 0 -2.6037e-08)
(2.21644e-06 0 -6.83824e-08)
(2.24385e-06 0 -1.10548e-07)
(2.28457e-06 0 -1.53804e-07)
(2.33881e-06 0 -1.97155e-07)
(2.40684e-06 0 -2.42078e-07)
(2.48892e-06 0 -2.87365e-07)
(2.5855e-06 0 -3.34527e-07)
(2.69692e-06 0 -3.82307e-07)
(2.82367e-06 0 -4.3223e-07)
(2.96611e-06 0 -4.82811e-07)
(3.12473e-06 0 -5.35496e-07)
(3.29988e-06 0 -5.88517e-07)
(3.49207e-06 0 -6.43199e-07)
(3.70184e-06 0 -6.97405e-07)
(3.92995e-06 0 -7.51912e-07)
(4.17728e-06 0 -8.03846e-07)
(4.44494e-06 0 -8.53298e-07)
(4.73446e-06 0 -8.96605e-07)
(5.04694e-06 0 -9.32668e-07)
(5.3845e-06 0 -9.54701e-07)
(5.75203e-06 0 -9.61408e-07)
(6.15174e-06 0 -9.51473e-07)
(6.58974e-06 0 -9.1303e-07)
(7.07353e-06 0 -8.47118e-07)
(7.10767e-06 0 9.10002e-07)
(6.61002e-06 0 9.63788e-07)
(6.15777e-06 0 9.93611e-07)
(5.7466e-06 0 9.9653e-07)
(5.37078e-06 0 9.87549e-07)
(5.025e-06 0 9.60796e-07)
(4.70599e-06 0 9.223e-07)
(4.41166e-06 0 8.77163e-07)
(4.14064e-06 0 8.26251e-07)
(3.89134e-06 0 7.73013e-07)
(3.66253e-06 0 7.17304e-07)
(3.45314e-06 0 6.61764e-07)
(3.26213e-06 0 6.05769e-07)
(3.08875e-06 0 5.51162e-07)
(2.93232e-06 0 4.96832e-07)
(2.79234e-06 0 4.44297e-07)
(2.6682e-06 0 3.92369e-07)
(2.55941e-06 0 3.42308e-07)
(2.46538e-06 0 2.92814e-07)
(2.38571e-06 0 2.45073e-07)
(2.32004e-06 0 1.97833e-07)
(2.26814e-06 0 1.52013e-07)
(2.22968e-06 0 1.06224e-07)
(2.20447e-06 0 6.15285e-08)
(2.19242e-06 0 1.6531e-08)
(2.1935e-06 0 -2.78172e-08)
(2.20771e-06 0 -7.29518e-08)
(2.23502e-06 0 -1.17936e-07)
(2.27562e-06 0 -1.64044e-07)
(2.32969e-06 0 -2.10323e-07)
(2.39752e-06 0 -2.58207e-07)
(2.47936e-06 0 -3.06572e-07)
(2.57568e-06 0 -3.56882e-07)
(2.68682e-06 0 -4.07948e-07)
(2.81328e-06 0 -4.61241e-07)
(2.95542e-06 0 -5.1535e-07)
(3.11378e-06 0 -5.71661e-07)
(3.28872e-06 0 -6.28474e-07)
(3.48078e-06 0 -6.87055e-07)
(3.69055e-06 0 -7.45378e-07)
(3.91887e-06 0 -8.04117e-07)
(4.1667e-06 0 -8.60472e-07)
(4.4352e-06 0 -9.14478e-07)
(4.72604e-06 0 -9.62581e-07)
(5.04053e-06 0 -1.00368e-06)
(5.38108e-06 0 -1.03221e-06)
(5.75175e-06 0 -1.04413e-06)
(6.15571e-06 0 -1.04188e-06)
(6.59914e-06 0 -1.0127e-06)
(7.09088e-06 0 -9.58301e-07)
(7.12123e-06 0 1.0204e-06)
(6.61731e-06 0 1.06236e-06)
(6.16021e-06 0 1.08119e-06)
(5.74529e-06 0 1.0796e-06)
(5.36658e-06 0 1.0623e-06)
(5.01794e-06 0 1.02977e-06)
(4.69713e-06 0 9.86198e-07)
(4.40159e-06 0 9.3626e-07)
(4.12979e-06 0 8.80884e-07)
(3.88002e-06 0 8.23289e-07)
(3.651e-06 0 7.63495e-07)
(3.4416e-06 0 7.03929e-07)
(3.2507e-06 0 6.44198e-07)
(3.0775e-06 0 5.85882e-07)
(2.92128e-06 0 5.28037e-07)
(2.78156e-06 0 4.72058e-07)
(2.65768e-06 0 4.16872e-07)
(2.54914e-06 0 3.63584e-07)
(2.45536e-06 0 3.11054e-07)
(2.37591e-06 0 2.6028e-07)
(2.31044e-06 0 2.10139e-07)
(2.25869e-06 0 1.61403e-07)
(2.22034e-06 0 1.12837e-07)
(2.19522e-06 0 6.53076e-08)
(2.18321e-06 0 1.75712e-08)
(2.18427e-06 0 -2.9593e-08)
(2.19842e-06 0 -7.74693e-08)
(2.22563e-06 0 -1.25278e-07)
(2.26609e-06 0 -1.7419e-07)
(2.31998e-06 0 -2.23399e-07)
(2.38759e-06 0 -2.74197e-07)
(2.46919e-06 0 -3.25645e-07)
(2.56522e-06 0 -3.79053e-07)
(2.67605e-06 0 -4.3341e-07)
(2.80219e-06 0 -4.90026e-07)
(2.94402e-06 0 -5.47675e-07)
(3.1021e-06 0 -6.07563e-07)
(3.2768e-06 0 -6.68185e-07)
(3.46869e-06 0 -7.30621e-07)
(3.67842e-06 0 -7.93099e-07)
(3.90693e-06 0 -8.5605e-07)
(4.15521e-06 0 -9.16888e-07)
(4.42452e-06 0 -9.75466e-07)
(4.71662e-06 0 -1.02847e-06)
(5.03301e-06 0 -1.07469e-06)
(5.37641e-06 0 -1.10921e-06)
(5.7501e-06 0 -1.12838e-06)
(6.15803e-06 0 -1.1323e-06)
(6.60647e-06 0 -1.11293e-06)
(7.10467e-06 0 -1.06979e-06)
(7.13137e-06 0 1.13107e-06)
(6.62219e-06 0 1.16145e-06)
(6.16122e-06 0 1.16944e-06)
(5.74282e-06 0 1.1629e-06)
(5.36082e-06 0 1.13726e-06)
(5.00978e-06 0 1.09878e-06)
(4.68728e-06 0 1.05006e-06)
(4.39059e-06 0 9.95199e-07)
(4.11805e-06 0 9.35345e-07)
(3.86786e-06 0 8.73316e-07)
(3.63866e-06 0 8.09458e-07)
(3.42928e-06 0 7.45815e-07)
(3.23852e-06 0 6.82397e-07)
(3.06552e-06 0 6.20347e-07)
(2.90955e-06 0 5.59058e-07)
(2.77011e-06 0 4.99594e-07)
(2.64651e-06 0 4.41204e-07)
(2.53825e-06 0 3.84676e-07)
(2.44472e-06 0 3.29161e-07)
(2.36553e-06 0 2.75343e-07)
(2.30027e-06 0 2.22357e-07)
(2.24868e-06 0 1.70701e-07)
(2.21046e-06 0 1.19408e-07)
(2.18541e-06 0 6.90398e-08)
(2.17344e-06 0 1.86184e-08)
(2.17449e-06 0 -3.13659e-08)
(2.18857e-06 0 -8.19289e-08)
(2.21568e-06 0 -1.32573e-07)
(2.256e-06 0 -1.8423e-07)
(2.30969e-06 0 -2.36378e-07)
(2.37707e-06 0 -2.90035e-07)
(2.45839e-06 0 -3.44573e-07)
(2.55413e-06 0 -4.01021e-07)
(2.66462e-06 0 -4.5868e-07)
(2.79042e-06 0 -5.1856e-07)
(2.93192e-06 0 -5.79766e-07)
(3.08968e-06 0 -6.43175e-07)
(3.26411e-06 0 -7.0763e-07)
(3.4558e-06 0 -7.73863e-07)
(3.66546e-06 0 -8.40543e-07)
(3.89411e-06 0 -9.07673e-07)
(4.14281e-06 0 -9.73066e-07)
(4.41288e-06 0 -1.03622e-06)
(4.7062e-06 0 -1.09425e-06)
(5.02438e-06 0 -1.14566e-06)
(5.37035e-06 0 -1.18627e-06)
(5.74713e-06 0 -1.21307e-06)
(6.1588e-06 0 -1.22305e-06)
(6.61166e-06 0 -1.21362e-06)
(7.11517e-06 0 -1.18147e-06)
(7.13841e-06 0 1.24195e-06)
(6.62499e-06 0 1.26023e-06)
(6.1605e-06 0 1.26044e-06)
(5.73885e-06 0 1.24494e-06)
(5.35376e-06 0 1.2124e-06)
(5.0005e-06 0 1.16782e-06)
(4.67642e-06 0 1.11387e-06)
(4.37865e-06 0 1.05396e-06)
(4.10541e-06 0 9.89614e-07)
(3.85485e-06 0 9.23072e-07)
(3.6255e-06 0 8.55176e-07)
(3.41618e-06 0 7.87399e-07)
(3.2256e-06 0 7.20351e-07)
(3.05283e-06 0 6.54539e-07)
(2.89713e-06 0 5.8986e-07)
(2.75799e-06 0 5.2689e-07)
(2.6347e-06 0 4.65354e-07)
(2.52673e-06 0 4.0557e-07)
(2.43349e-06 0 3.47129e-07)
(2.35455e-06 0 2.90254e-07)
(2.28951e-06 0 2.34484e-07)
(2.2381e-06 0 1.79898e-07)
(2.20001e-06 0 1.25938e-07)
(2.17506e-06 0 7.27218e-08)
(2.16313e-06 0 1.96751e-08)
(2.16416e-06 0 -3.31362e-08)
(2.17817e-06 0 -8.63254e-08)
(2.20517e-06 0 -1.39816e-07)
(2.24533e-06 0 -1.94157e-07)
(2.29882e-06 0 -2.49252e-07)
(2.36595e-06 0 -3.05706e-07)
(2.44699e-06 0 -3.63347e-07)
(2.5424e-06 0 -4.2277e-07)
(2.65254e-06 0 -4.83746e-07)
(2.77797e-06 0 -5.46824e-07)
(2.9191e-06 0 -6.11607e-07)
(3.07653e-06 0 -6.78476e-07)
(3.25066e-06 0 -7.46789e-07)
(3.4421e-06 0 -8.16752e-07)
(3.65166e-06 0 -8.87688e-07)
(3.88042e-06 0 -9.58959e-07)
(4.1295e-06 0 -1.02898e-06)
(4.40028e-06 0 -1.09672e-06)
(4.69474e-06 0 -1.15989e-06)
(5.01461e-06 0 -1.21657e-06)
(5.36293e-06 0 -1.26339e-06)
(5.74274e-06 0 -1.29733e-06)
(6.15792e-06 0 -1.31499e-06)
(6.6148e-06 0 -1.31447e-06)
(7.12269e-06 0 -1.29325e-06)
(7.14276e-06 0 1.35312e-06)
(6.6259e-06 0 1.35937e-06)
(6.15816e-06 0 1.35185e-06)
(5.73321e-06 0 1.32714e-06)
(5.34539e-06 0 1.28769e-06)
(4.99007e-06 0 1.23687e-06)
(4.66451e-06 0 1.17761e-06)
(4.36574e-06 0 1.11253e-06)
(4.09187e-06 0 1.04368e-06)
(3.84097e-06 0 9.72547e-07)
(3.61152e-06 0 9.00641e-07)
(3.40231e-06 0 8.28668e-07)
(3.21195e-06 0 7.58052e-07)
(3.03942e-06 0 6.8845e-07)
(2.88402e-06 0 6.20433e-07)
(2.74521e-06 0 5.53938e-07)
(2.62224e-06 0 4.89313e-07)
(2.5146e-06 0 4.26261e-07)
(2.42166e-06 0 3.64951e-07)
(2.343e-06 0 3.05008e-07)
(2.27819e-06 0 2.46516e-07)
(2.22697e-06 0 1.88994e-07)
(2.18902e-06 0 1.32423e-07)
(2.16416e-06 0 7.63539e-08)
(2.15227e-06 0 2.07422e-08)
(2.15329e-06 0 -3.49018e-08)
(2.16723e-06 0 -9.0656e-08)
(2.19411e-06 0 -1.47003e-07)
(2.23411e-06 0 -2.03965e-07)
(2.28738e-06 0 -2.62017e-07)
(2.35425e-06 0 -3.21204e-07)
(2.43498e-06 0 -3.81958e-07)
(2.53005e-06 0 -4.44289e-07)
(2.63981e-06 0 -5.08597e-07)
(2.76485e-06 0 -5.74807e-07)
(2.90558e-06 0 -6.43187e-07)
(3.06264e-06 0 -7.13451e-07)
(3.23646e-06 0 -7.85649e-07)
(3.42762e-06 0 -8.5927e-07)
(3.63702e-06 0 -9.34519e-07)
(3.86585e-06 0 -1.00989e-06)
(4.11526e-06 0 -1.08461e-06)
(4.3867e-06 0 -1.15693e-06)
(4.68222e-06 0 -1.22536e-06)
(5.00368e-06 0 -1.28739e-06)
(5.35419e-06 0 -1.34054e-06)
(5.73681e-06 0 -1.38144e-06)
(6.15537e-06 0 -1.40756e-06)
(6.61601e-06 0 -1.41559e-06)
(7.12766e-06 0 -1.40517e-06)
(7.15054e-06 0 1.46551e-06)
(6.62475e-06 0 1.45929e-06)
(6.15405e-06 0 1.44273e-06)
(5.72602e-06 0 1.40956e-06)
(5.3357e-06 0 1.36313e-06)
(4.97848e-06 0 1.30594e-06)
(4.65155e-06 0 1.2413e-06)
(4.35186e-06 0 1.17093e-06)
(4.07741e-06 0 1.09756e-06)
(3.82624e-06 0 1.02176e-06)
(3.59672e-06 0 9.45849e-07)
(3.38767e-06 0 8.69629e-07)
(3.19756e-06 0 7.95495e-07)
(3.0253e-06 0 7.22098e-07)
(2.87023e-06 0 6.5077e-07)
(2.73177e-06 0 5.80744e-07)
(2.60916e-06 0 5.13074e-07)
(2.50186e-06 0 4.46755e-07)
(2.40924e-06 0 3.8262e-07)
(2.33087e-06 0 3.19613e-07)
(2.26631e-06 0 2.58447e-07)
(2.21528e-06 0 1.97995e-07)
(2.17748e-06 0 1.3886e-07)
(2.15272e-06 0 7.99441e-08)
(2.14088e-06 0 2.18151e-08)
(2.14188e-06 0 -3.66542e-08)
(2.15575e-06 0 -9.49248e-08)
(2.18251e-06 0 -1.54124e-07)
(2.22233e-06 0 -2.13657e-07)
(2.27537e-06 0 -2.7466e-07)
(2.34196e-06 0 -3.3653e-07)
(2.42237e-06 0 -4.00395e-07)
(2.51707e-06 0 -4.65582e-07)
(2.62644e-06 0 -5.3322e-07)
(2.75106e-06 0 -6.02512e-07)
(2.89137e-06 0 -6.74496e-07)
(3.04804e-06 0 -7.48105e-07)
(3.2215e-06 0 -8.242e-07)
(3.41233e-06 0 -9.0142e-07)
(3.62154e-06 0 -9.81027e-07)
(3.8504e-06 0 -1.06048e-06)
(4.10009e-06 0 -1.13996e-06)
(4.37213e-06 0 -1.21688e-06)
(4.66864e-06 0 -1.29066e-06)
(4.99157e-06 0 -1.35813e-06)
(5.34412e-06 0 -1.41771e-06)
(5.72934e-06 0 -1.46564e-06)
(6.15109e-06 0 -1.50009e-06)
(6.61529e-06 0 -1.51606e-06)
(7.1328e-06 0 -1.51882e-06)
(7.13836e-06 0 1.57741e-06)
(6.62135e-06 0 1.55987e-06)
(6.14822e-06 0 1.53396e-06)
(5.71729e-06 0 1.49228e-06)
(5.32467e-06 0 1.43886e-06)
(4.96571e-06 0 1.37509e-06)
(4.63751e-06 0 1.30506e-06)
(4.33699e-06 0 1.22925e-06)
(4.06203e-06 0 1.15137e-06)
(3.81063e-06 0 1.07079e-06)
(3.5811e-06 0 9.90918e-07)
(3.37224e-06 0 9.10345e-07)
(3.18244e-06 0 8.32776e-07)
(3.01048e-06 0 7.55514e-07)
(2.85575e-06 0 6.80944e-07)
(2.71767e-06 0 6.07342e-07)
(2.59545e-06 0 5.36693e-07)
(2.48851e-06 0 4.6707e-07)
(2.39623e-06 0 4.00179e-07)
(2.31816e-06 0 3.34074e-07)
(2.25387e-06 0 2.70307e-07)
(2.20305e-06 0 2.06894e-07)
(2.16541e-06 0 1.45267e-07)
(2.14075e-06 0 8.34735e-08)
(2.12895e-06 0 2.29021e-08)
(2.12994e-06 0 -3.84249e-08)
(2.14374e-06 0 -9.91353e-08)
(2.17037e-06 0 -1.61223e-07)
(2.21e-06 0 -2.23248e-07)
(2.2628e-06 0 -2.87243e-07)
(2.3291e-06 0 -3.51715e-07)
(2.40917e-06 0 -4.18736e-07)
(2.50348e-06 0 -4.86695e-07)
(2.61243e-06 0 -5.5772e-07)
(2.7366e-06 0 -6.30012e-07)
(2.87647e-06 0 -7.05672e-07)
(3.0327e-06 0 -7.82553e-07)
(3.20579e-06 0 -8.62629e-07)
(3.39625e-06 0 -9.43359e-07)
(3.60521e-06 0 -1.02746e-06)
(3.83407e-06 0 -1.11094e-06)
(4.08398e-06 0 -1.19531e-06)
(4.35656e-06 0 -1.27683e-06)
(4.65397e-06 0 -1.3561e-06)
(4.97827e-06 0 -1.42909e-06)
(5.33269e-06 0 -1.49526e-06)
(5.72034e-06 0 -1.55029e-06)
(6.14528e-06 0 -1.59305e-06)
(6.61228e-06 0 -1.61755e-06)
(7.128e-06 0 -1.63241e-06)
(7.12984e-06 0 1.68738e-06)
(6.61607e-06 0 1.66146e-06)
(6.14054e-06 0 1.62578e-06)
(5.707e-06 0 1.57552e-06)
(5.31226e-06 0 1.515e-06)
(4.95172e-06 0 1.44456e-06)
(4.62238e-06 0 1.36899e-06)
(4.32112e-06 0 1.28768e-06)
(4.04572e-06 0 1.20518e-06)
(3.79415e-06 0 1.11979e-06)
(3.56463e-06 0 1.03588e-06)
(3.35604e-06 0 9.50925e-07)
(3.16659e-06 0 8.699e-07)
(2.99494e-06 0 7.88793e-07)
(2.8406e-06 0 7.10942e-07)
(2.70292e-06 0 6.33803e-07)
(2.58111e-06 0 5.60147e-07)
(2.47456e-06 0 4.87265e-07)
(2.38264e-06 0 4.17598e-07)
(2.30489e-06 0 3.48444e-07)
(2.24088e-06 0 2.8206e-07)
(2.19028e-06 0 2.15737e-07)
(2.1528e-06 0 1.51604e-07)
(2.12825e-06 0 8.69823e-08)
(2.1165e-06 0 2.39573e-08)
(2.11748e-06 0 -4.01781e-08)
(2.13119e-06 0 -1.0334e-07)
(2.15769e-06 0 -1.68269e-07)
(2.19713e-06 0 -2.32799e-07)
(2.24968e-06 0 -2.99739e-07)
(2.31567e-06 0 -3.66828e-07)
(2.39538e-06 0 -4.36961e-07)
(2.48928e-06 0 -5.07715e-07)
(2.59778e-06 0 -5.82088e-07)
(2.72147e-06 0 -6.57414e-07)
(2.86086e-06 0 -7.36725e-07)
(3.01664e-06 0 -8.16932e-07)
(3.18934e-06 0 -9.0098e-07)
(3.37936e-06 0 -9.85258e-07)
(3.58802e-06 0 -1.07389e-06)
(3.81683e-06 0 -1.16152e-06)
(4.06691e-06 0 -1.25081e-06)
(4.33998e-06 0 -1.33707e-06)
(4.63819e-06 0 -1.42188e-06)
(4.96374e-06 0 -1.50057e-06)
(5.31988e-06 0 -1.57343e-06)
(5.70978e-06 0 -1.63572e-06)
(6.13764e-06 0 -1.68693e-06)
(6.60742e-06 0 -1.72135e-06)
(7.11816e-06 0 -1.74428e-06)
(7.12218e-06 0 1.79708e-06)
(6.60904e-06 0 1.76358e-06)
(6.13106e-06 0 1.71825e-06)
(5.69519e-06 0 1.65959e-06)
(5.29855e-06 0 1.5914e-06)
(4.93658e-06 0 1.51438e-06)
(4.60621e-06 0 1.43276e-06)
(4.30431e-06 0 1.34614e-06)
(4.02853e-06 0 1.25852e-06)
(3.77685e-06 0 1.16861e-06)
(3.54739e-06 0 1.08027e-06)
(3.33911e-06 0 9.91217e-07)
(3.15008e-06 0 9.06483e-07)
(2.97874e-06 0 8.21858e-07)
(2.82481e-06 0 7.40412e-07)
(2.68756e-06 0 6.6007e-07)
(2.56619e-06 0 5.83142e-07)
(2.46005e-06 0 5.07333e-07)
(2.36851e-06 0 4.34643e-07)
(2.2911e-06 0 3.62764e-07)
(2.22737e-06 0 2.93529e-07)
(2.177e-06 0 2.24615e-07)
(2.1397e-06 0 1.57748e-07)
(2.11526e-06 0 9.06173e-08)
(2.10356e-06 0 2.49095e-08)
(2.10452e-06 0 -4.17103e-08)
(2.11816e-06 0 -1.07556e-07)
(2.14451e-06 0 -1.74996e-07)
(2.18375e-06 0 -2.42273e-07)
(2.23604e-06 0 -3.11813e-07)
(2.3017e-06 0 -3.81773e-07)
(2.38104e-06 0 -4.54654e-07)
(2.4745e-06 0 -5.28469e-07)
(2.58253e-06 0 -6.05799e-07)
(2.70572e-06 0 -6.8444e-07)
(2.84462e-06 0 -7.66986e-07)
(2.99991e-06 0 -8.50856e-07)
(3.17219e-06 0 -9.38398e-07)
(3.36173e-06 0 -1.02646e-06)
(3.57002e-06 0 -1.11924e-06)
(3.79876e-06 0 -1.21131e-06)
(4.04895e-06 0 -1.30514e-06)
(4.32242e-06 0 -1.39654e-06)
(4.62135e-06 0 -1.48666e-06)
(4.94804e-06 0 -1.57144e-06)
(5.30573e-06 0 -1.65089e-06)
(5.69769e-06 0 -1.72089e-06)
(6.12819e-06 0 -1.78045e-06)
(6.60082e-06 0 -1.82472e-06)
(7.11126e-06 0 -1.85563e-06)
(7.08339e-06 0 2.29896e-06)
(6.57195e-06 0 2.2106e-06)
(6.08312e-06 0 2.11958e-06)
(5.63787e-06 0 2.02238e-06)
(5.23381e-06 0 1.91992e-06)
(4.86653e-06 0 1.81306e-06)
(4.53237e-06 0 1.70403e-06)
(4.22813e-06 0 1.59353e-06)
(3.95112e-06 0 1.48336e-06)
(3.69928e-06 0 1.37344e-06)
(3.47029e-06 0 1.26708e-06)
(3.26371e-06 0 1.1621e-06)
(3.07667e-06 0 1.05922e-06)
(2.90674e-06 0 9.58928e-07)
(2.75469e-06 0 8.6233e-07)
(2.61944e-06 0 7.68456e-07)
(2.50004e-06 0 6.78033e-07)
(2.39576e-06 0 5.89994e-07)
(2.30593e-06 0 5.04924e-07)
(2.23002e-06 0 4.21722e-07)
(2.16758e-06 0 3.40874e-07)
(2.11824e-06 0 2.61248e-07)
(2.08171e-06 0 1.83265e-07)
(2.05777e-06 0 1.05782e-07)
(2.04629e-06 0 2.91931e-08)
(2.0472e-06 0 -4.76611e-08)
(2.06048e-06 0 -1.24393e-07)
(2.08622e-06 0 -2.02175e-07)
(2.12454e-06 0 -2.80589e-07)
(2.17567e-06 0 -3.60827e-07)
(2.23988e-06 0 -4.4243e-07)
(2.31754e-06 0 -5.2661e-07)
(2.40908e-06 0 -6.12836e-07)
(2.51501e-06 0 -7.02329e-07)
(2.63593e-06 0 -7.94447e-07)
(2.77252e-06 0 -8.9038e-07)
(2.92566e-06 0 -9.89314e-07)
(3.09615e-06 0 -1.09226e-06)
(3.28333e-06 0 -1.19796e-06)
(3.48977e-06 0 -1.30608e-06)
(3.71797e-06 0 -1.41589e-06)
(3.9683e-06 0 -1.52936e-06)
(4.24317e-06 0 -1.64287e-06)
(4.54471e-06 0 -1.75652e-06)
(4.87562e-06 0 -1.86829e-06)
(5.23921e-06 0 -1.97736e-06)
(5.63925e-06 0 -2.08142e-06)
(6.08027e-06 0 -2.17942e-06)
(6.56502e-06 0 -2.26985e-06)
(7.07511e-06 0 -2.35635e-06)
(6.86864e-06 0 3.13645e-06)
(6.36841e-06 0 2.98254e-06)
(5.88548e-06 0 2.82361e-06)
(5.43969e-06 0 2.66224e-06)
(5.03426e-06 0 2.50068e-06)
(4.66653e-06 0 2.34023e-06)
(4.33361e-06 0 2.18197e-06)
(4.03178e-06 0 2.02874e-06)
(3.7578e-06 0 1.87919e-06)
(3.51194e-06 0 1.73393e-06)
(3.28953e-06 0 1.59191e-06)
(3.08515e-06 0 1.45515e-06)
(2.90163e-06 0 1.32256e-06)
(2.73863e-06 0 1.1952e-06)
(2.59287e-06 0 1.07286e-06)
(2.46335e-06 0 9.55097e-07)
(2.34921e-06 0 8.41643e-07)
(2.24968e-06 0 7.32029e-07)
(2.16408e-06 0 6.25926e-07)
(2.09185e-06 0 5.22823e-07)
(2.03249e-06 0 4.22346e-07)
(1.98563e-06 0 3.23955e-07)
(1.95095e-06 0 2.27245e-07)
(1.92822e-06 0 1.3166e-07)
(1.91729e-06 0 3.67812e-08)
(1.91808e-06 0 -5.79587e-08)
(1.9306e-06 0 -1.52981e-07)
(1.95491e-06 0 -2.48858e-07)
(1.99115e-06 0 -3.46007e-07)
(2.03955e-06 0 -4.44997e-07)
(2.10041e-06 0 -5.46235e-07)
(2.1741e-06 0 -6.5028e-07)
(2.26108e-06 0 -7.57517e-07)
(2.36188e-06 0 -8.6848e-07)
(2.47715e-06 0 -9.83506e-07)
(2.60759e-06 0 -1.10308e-06)
(2.75402e-06 0 -1.22747e-06)
(2.91753e-06 0 -1.3571e-06)
(3.10113e-06 0 -1.49204e-06)
(3.30469e-06 0 -1.63133e-06)
(3.52581e-06 0 -1.77594e-06)
(3.77035e-06 0 -1.92382e-06)
(4.0425e-06 0 -2.07609e-06)
(4.34204e-06 0 -2.23222e-06)
(4.67236e-06 0 -2.39252e-06)
(5.0371e-06 0 -2.55479e-06)
(5.43944e-06 0 -2.71786e-06)
(5.88228e-06 0 -2.88029e-06)
(6.36285e-06 0 -3.03982e-06)
(6.86271e-06 0 -3.19405e-06)
(6.62095e-06 0 3.98656e-06)
(6.10271e-06 0 3.76098e-06)
(5.60268e-06 0 3.5298e-06)
(5.15348e-06 0 3.30128e-06)
(4.7508e-06 0 3.07876e-06)
(4.38845e-06 0 2.86369e-06)
(4.06513e-06 0 2.65678e-06)
(3.77397e-06 0 2.45599e-06)
(3.5089e-06 0 2.26399e-06)
(3.26836e-06 0 2.08046e-06)
(3.05212e-06 0 1.90342e-06)
(2.85968e-06 0 1.73442e-06)
(2.68675e-06 0 1.57398e-06)
(2.53219e-06 0 1.4204e-06)
(2.39454e-06 0 1.27332e-06)
(2.27261e-06 0 1.13229e-06)
(2.16544e-06 0 9.96825e-07)
(2.07218e-06 0 8.66355e-07)
(1.99212e-06 0 7.40327e-07)
(1.92465e-06 0 6.18143e-07)
(1.86927e-06 0 4.99225e-07)
(1.82559e-06 0 3.82958e-07)
(1.79327e-06 0 2.68751e-07)
(1.77208e-06 0 1.55988e-07)
(1.76187e-06 0 4.40725e-08)
(1.76255e-06 0 -6.76159e-08)
(1.77413e-06 0 -1.79673e-07)
(1.79668e-06 0 -2.92723e-07)
(1.83033e-06 0 -4.0736e-07)
(1.87533e-06 0 -5.2421e-07)
(1.93196e-06 0 -6.43867e-07)
(2.00062e-06 0 -7.66951e-07)
(2.08178e-06 0 -8.94049e-07)
(2.17603e-06 0 -1.02577e-06)
(2.28403e-06 0 -1.16266e-06)
(2.40658e-06 0 -1.30528e-06)
(2.54463e-06 0 -1.45412e-06)
(2.6993e-06 0 -1.60962e-06)
(2.87198e-06 0 -1.77219e-06)
(3.06391e-06 0 -1.94338e-06)
(3.27924e-06 0 -2.12244e-06)
(3.51808e-06 0 -2.30796e-06)
(3.78058e-06 0 -2.50197e-06)
(4.07006e-06 0 -2.70432e-06)
(4.39176e-06 0 -2.91339e-06)
(4.75121e-06 0 -3.13036e-06)
(5.15101e-06 0 -3.35454e-06)
(5.59732e-06 0 -3.58453e-06)
(6.09442e-06 0 -3.81715e-06)
(6.61139e-06 0 -4.04447e-06)
(6.16973e-06 0 4.91395e-06)
(5.68329e-06 0 4.55796e-06)
(5.19593e-06 0 4.23172e-06)
(4.76313e-06 0 3.92692e-06)
(4.37787e-06 0 3.63921e-06)
(4.03355e-06 0 3.36678e-06)
(3.72206e-06 0 3.10869e-06)
(3.4426e-06 0 2.86184e-06)
(3.19451e-06 0 2.628e-06)
(2.97108e-06 0 2.40633e-06)
(2.77047e-06 0 2.19746e-06)
(2.591e-06 0 1.99899e-06)
(2.4306e-06 0 1.81049e-06)
(2.28764e-06 0 1.63117e-06)
(2.16071e-06 0 1.46029e-06)
(2.0486e-06 0 1.29709e-06)
(1.9503e-06 0 1.14083e-06)
(1.86493e-06 0 9.90765e-07)
(1.79176e-06 0 8.46131e-07)
(1.73019e-06 0 7.06182e-07)
(1.67972e-06 0 5.70174e-07)
(1.63992e-06 0 4.37366e-07)
(1.61049e-06 0 3.07029e-07)
(1.5912e-06 0 1.7843e-07)
(1.58188e-06 0 5.08474e-08)
(1.58246e-06 0 -7.64441e-08)
(1.59294e-06 0 -2.04165e-07)
(1.61338e-06 0 -3.33041e-07)
(1.64392e-06 0 -4.63796e-07)
(1.68479e-06 0 -5.97163e-07)
(1.7363e-06 0 -7.33875e-07)
(1.79883e-06 0 -8.74676e-07)
(1.87286e-06 0 -1.02031e-06)
(1.95897e-06 0 -1.17152e-06)
(2.05787e-06 0 -1.32907e-06)
(2.17039e-06 0 -1.49369e-06)
(2.29752e-06 0 -1.66611e-06)
(2.44043e-06 0 -1.84708e-06)
(2.60049e-06 0 -2.03729e-06)
(2.77931e-06 0 -2.23751e-06)
(2.97894e-06 0 -2.4482e-06)
(3.20106e-06 0 -2.67165e-06)
(3.44797e-06 0 -2.90702e-06)
(3.72492e-06 0 -3.15498e-06)
(4.03329e-06 0 -3.41485e-06)
(4.37537e-06 0 -3.6889e-06)
(4.75819e-06 0 -3.97809e-06)
(5.18837e-06 0 -4.28429e-06)
(5.67296e-06 0 -4.61184e-06)
(6.16053e-06 0 -4.96894e-06)
(5.30299e-06 0 5.6967e-06)
(5.07939e-06 0 5.27883e-06)
(4.65612e-06 0 4.88455e-06)
(4.26472e-06 0 4.51369e-06)
(3.91059e-06 0 4.16474e-06)
(3.59267e-06 0 3.83639e-06)
(3.30771e-06 0 3.52731e-06)
(3.05294e-06 0 3.2384e-06)
(2.82565e-06 0 2.96627e-06)
(2.62255e-06 0 2.71005e-06)
(2.44111e-06 0 2.46886e-06)
(2.27923e-06 0 2.2414e-06)
(2.13503e-06 0 2.02652e-06)
(2.00688e-06 0 1.8231e-06)
(1.89341e-06 0 1.63006e-06)
(1.79343e-06 0 1.44637e-06)
(1.70595e-06 0 1.27101e-06)
(1.63013e-06 0 1.10302e-06)
(1.56524e-06 0 9.41463e-07)
(1.51071e-06 0 7.85408e-07)
(1.46605e-06 0 6.33962e-07)
(1.43087e-06 0 4.86249e-07)
(1.40486e-06 0 3.41407e-07)
(1.38781e-06 0 1.98588e-07)
(1.37956e-06 0 5.6953e-08)
(1.38004e-06 0 -8.43324e-08)
(1.38924e-06 0 -2.26101e-07)
(1.40723e-06 0 -3.69185e-07)
(1.43415e-06 0 -5.14426e-07)
(1.47021e-06 0 -6.62671e-07)
(1.51569e-06 0 -8.14781e-07)
(1.57097e-06 0 -9.71631e-07)
(1.63651e-06 0 -1.13412e-06)
(1.71289e-06 0 -1.30315e-06)
(1.80078e-06 0 -1.47966e-06)
(1.90101e-06 0 -1.66462e-06)
(2.01454e-06 0 -1.859e-06)
(2.14253e-06 0 -2.06383e-06)
(2.28634e-06 0 -2.28016e-06)
(2.44755e-06 0 -2.50908e-06)
(2.62802e-06 0 -2.75171e-06)
(2.82986e-06 0 -3.00934e-06)
(3.05559e-06 0 -3.28282e-06)
(3.30831e-06 0 -3.57333e-06)
(3.59088e-06 0 -3.8833e-06)
(3.90635e-06 0 -4.21262e-06)
(4.25792e-06 0 -4.56262e-06)
(4.64669e-06 0 -4.93473e-06)
(5.06745e-06 0 -5.3307e-06)
(5.29184e-06 0 -5.74963e-06)
(4.80632e-06 0 6.40572e-06)
(4.46508e-06 0 5.93763e-06)
(4.04821e-06 0 5.48342e-06)
(3.68341e-06 0 5.05124e-06)
(3.36192e-06 0 4.64461e-06)
(3.07741e-06 0 4.26422e-06)
(2.82508e-06 0 3.90916e-06)
(2.60104e-06 0 3.57809e-06)
(2.40199e-06 0 3.26897e-06)
(2.22497e-06 0 2.97997e-06)
(2.0675e-06 0 2.70939e-06)
(1.92749e-06 0 2.45552e-06)
(1.80315e-06 0 2.21678e-06)
(1.69295e-06 0 1.99169e-06)
(1.59561e-06 0 1.77884e-06)
(1.51003e-06 0 1.57691e-06)
(1.43529e-06 0 1.38464e-06)
(1.37061e-06 0 1.20086e-06)
(1.31534e-06 0 1.02444e-06)
(1.26894e-06 0 8.54289e-07)
(1.23098e-06 0 6.89373e-07)
(1.20109e-06 0 5.28684e-07)
(1.179e-06 0 3.7124e-07)
(1.16452e-06 0 2.16081e-07)
(1.1575e-06 0 6.22615e-08)
(1.15788e-06 0 -9.11537e-08)
(1.16566e-06 0 -2.451e-07)
(1.18089e-06 0 -4.00511e-07)
(1.20369e-06 0 -5.58333e-07)
(1.23426e-06 0 -7.19522e-07)
(1.27286e-06 0 -8.85058e-07)
(1.31983e-06 0 -1.05594e-06)
(1.37558e-06 0 -1.23321e-06)
(1.44065e-06 0 -1.41794e-06)
(1.51567e-06 0 -1.61124e-06)
(1.60138e-06 0 -1.81428e-06)
(1.6987e-06 0 -2.0283e-06)
(1.80869e-06 0 -2.25458e-06)
(1.93262e-06 0 -2.49452e-06)
(2.07199e-06 0 -2.74957e-06)
(2.22856e-06 0 -3.02129e-06)
(2.4044e-06 0 -3.31134e-06)
(2.60198e-06 0 -3.62142e-06)
(2.82419e-06 0 -3.95335e-06)
(3.07436e-06 0 -4.30906e-06)
(3.35639e-06 0 -4.68997e-06)
(3.67503e-06 0 -5.09712e-06)
(4.03626e-06 0 -5.52998e-06)
(4.45061e-06 0 -5.98435e-06)
(4.7842e-06 0 -6.45369e-06)
(4.024e-06 0 7.15988e-06)
(3.69596e-06 0 6.57334e-06)
(3.32654e-06 0 6.03038e-06)
(3.0065e-06 0 5.53045e-06)
(2.73006e-06 0 5.06498e-06)
(2.4895e-06 0 4.63468e-06)
(2.27851e-06 0 4.23665e-06)
(2.09266e-06 0 3.86806e-06)
(1.92848e-06 0 3.52614e-06)
(1.78317e-06 0 3.20829e-06)
(1.65443e-06 0 2.91212e-06)
(1.54033e-06 0 2.63545e-06)
(1.43929e-06 0 2.37626e-06)
(1.34996e-06 0 2.13268e-06)
(1.27123e-06 0 1.903e-06)
(1.20213e-06 0 1.68565e-06)
(1.14189e-06 0 1.47915e-06)
(1.08982e-06 0 1.28213e-06)
(1.04538e-06 0 1.09328e-06)
(1.00812e-06 0 9.11384e-07)
(9.77644e-07 0 7.35269e-07)
(9.53668e-07 0 5.63813e-07)
(9.35956e-07 0 3.95927e-07)
(9.24339e-07 0 2.30557e-07)
(9.18704e-07 0 6.66618e-08)
(9.18994e-07 0 -9.67812e-08)
(9.25203e-07 0 -2.60796e-07)
(9.37382e-07 0 -4.26404e-07)
(9.55633e-07 0 -5.94645e-07)
(9.80118e-07 0 -7.66569e-07)
(1.01106e-06 0 -9.43261e-07)
(1.04874e-06 0 -1.12583e-06)
(1.09352e-06 0 -1.31545e-06)
(1.14585e-06 0 -1.51333e-06)
(1.20627e-06 0 -1.72075e-06)
(1.27542e-06 0 -1.93907e-06)
(1.35409e-06 0 -2.16975e-06)
(1.4432e-06 0 -2.41433e-06)
(1.54386e-06 0 -2.67451e-06)
(1.65739e-06 0 -2.95211e-06)
(1.78536e-06 0 -3.24912e-06)
(1.92966e-06 0 -3.5677e-06)
(2.09257e-06 0 -3.9102e-06)
(2.27685e-06 0 -4.27918e-06)
(2.48595e-06 0 -4.67737e-06)
(2.72426e-06 0 -5.1076e-06)
(2.99791e-06 0 -5.57276e-06)
(3.31585e-06 0 -6.07202e-06)
(3.6819e-06 0 -6.61368e-06)
(4.00464e-06 0 -7.19971e-06)
(3.03572e-06 0 7.80527e-06)
(2.77084e-06 0 7.11546e-06)
(2.48389e-06 0 6.49017e-06)
(2.23531e-06 0 5.92291e-06)
(2.01826e-06 0 5.40559e-06)
(1.83491e-06 0 4.93204e-06)
(1.67516e-06 0 4.49751e-06)
(1.53528e-06 0 4.09772e-06)
(1.41232e-06 0 3.72886e-06)
(1.30395e-06 0 3.38756e-06)
(1.20825e-06 0 3.0708e-06)
(1.12369e-06 0 2.7759e-06)
(1.04898e-06 0 2.50045e-06)
(9.83067e-07 0 2.24225e-06)
(9.2507e-07 0 1.99934e-06)
(8.74252e-07 0 1.7699e-06)
(8.29999e-07 0 1.55228e-06)
(7.91798e-07 0 1.34493e-06)
(7.59224e-07 0 1.14644e-06)
(7.31926e-07 0 9.55436e-07)
(7.09619e-07 0 7.70658e-07)
(6.92076e-07 0 5.90887e-07)
(6.79119e-07 0 4.14949e-07)
(6.7062e-07 0 2.4171e-07)
(6.66494e-07 0 7.00568e-08)
(6.66696e-07 0 -1.01106e-07)
(6.71224e-07 0 -2.72873e-07)
(6.80113e-07 0 -4.46336e-07)
(6.93444e-07 0 -6.22609e-07)
(7.11337e-07 0 -8.02819e-07)
(7.33962e-07 0 -9.88135e-07)
(7.61536e-07 0 -1.17976e-06)
(7.94337e-07 0 -1.37897e-06)
(8.32706e-07 0 -1.58709e-06)
(8.77056e-07 0 -1.80553e-06)
(9.2789e-07 0 -2.03582e-06)
(9.8581e-07 0 -2.2796e-06)
(1.05154e-06 0 -2.53864e-06)
(1.12595e-06 0 -2.8149e-06)
(1.21007e-06 0 -3.11052e-06)
(1.30517e-06 0 -3.42789e-06)
(1.41278e-06 0 -3.76965e-06)
(1.53476e-06 0 -4.13877e-06)
(1.67344e-06 0 -4.53858e-06)
(1.83172e-06 0 -4.97283e-06)
(2.01331e-06 0 -5.44576e-06)
(2.2284e-06 0 -5.96211e-06)
(2.47488e-06 0 -6.52765e-06)
(2.75909e-06 0 -7.15146e-06)
(3.02099e-06 0 -7.83852e-06)
(1.89412e-06 0 8.27482e-06)
(1.72332e-06 0 7.50802e-06)
(1.53772e-06 0 6.82251e-06)
(1.37964e-06 0 6.20344e-06)
(1.24375e-06 0 5.64715e-06)
(1.12737e-06 0 5.14137e-06)
(1.02703e-06 0 4.68003e-06)
(9.39684e-07 0 4.25763e-06)
(8.63239e-07 0 3.86946e-06)
(7.96082e-07 0 3.5115e-06)
(7.36943e-07 0 3.18022e-06)
(6.84797e-07 0 2.87254e-06)
(6.38811e-07 0 2.58573e-06)
(5.98301e-07 0 2.31738e-06)
(5.62703e-07 0 2.0653e-06)
(5.31546e-07 0 1.82752e-06)
(5.04439e-07 0 1.60225e-06)
(4.81059e-07 0 1.38782e-06)
(4.61136e-07 0 1.1827e-06)
(4.4445e-07 0 9.85475e-07)
(4.3082e-07 0 7.94779e-07)
(4.20104e-07 0 6.09334e-07)
(4.12192e-07 0 4.27907e-07)
(4.07001e-07 0 2.49308e-07)
(4.04479e-07 0 7.23717e-08)
(4.046e-07 0 -1.04047e-07)
(4.07358e-07 0 -2.81091e-07)
(4.12778e-07 0 -4.59905e-07)
(4.20909e-07 0 -6.41651e-07)
(4.31828e-07 0 -8.27513e-07)
(4.45641e-07 0 -1.01872e-06)
(4.62485e-07 0 -1.21654e-06)
(4.82535e-07 0 -1.42231e-06)
(5.06006e-07 0 -1.63745e-06)
(5.3316e-07 0 -1.86349e-06)
(5.64316e-07 0 -2.10204e-06)
(5.99857e-07 0 -2.35488e-06)
(6.40246e-07 0 -2.62397e-06)
(6.86038e-07 0 -2.91144e-06)
(7.37908e-07 0 -3.2197e-06)
(7.96675e-07 0 -3.55143e-06)
(8.63347e-07 0 -3.90966e-06)
(9.39182e-07 0 -4.29786e-06)
(1.02577e-06 0 -4.72001e-06)
(1.12518e-06 0 -5.18074e-06)
(1.24033e-06 0 -5.68548e-06)
(1.37507e-06 0 -6.24048e-06)
(1.53184e-06 0 -6.85746e-06)
(1.71561e-06 0 -7.54039e-06)
(1.88474e-06 0 -8.30372e-06)
(6.52701e-07 0 8.59223e-06)
(5.92383e-07 0 7.77494e-06)
(5.27014e-07 0 7.04843e-06)
(4.72293e-07 0 6.39846e-06)
(4.25162e-07 0 5.81382e-06)
(3.84231e-07 0 5.28586e-06)
(3.49561e-07 0 4.80609e-06)
(3.19442e-07 0 4.36814e-06)
(2.9314e-07 0 3.96668e-06)
(2.70082e-07 0 3.59722e-06)
(2.49813e-07 0 3.25591e-06)
(2.31968e-07 0 2.93939e-06)
(2.16253e-07 0 2.64474e-06)
(2.02426e-07 0 2.36936e-06)
(1.90287e-07 0 2.11092e-06)
(1.79671e-07 0 1.86737e-06)
(1.70443e-07 0 1.63678e-06)
(1.62488e-07 0 1.41745e-06)
(1.55714e-07 0 1.20776e-06)
(1.50042e-07 0 1.00622e-06)
(1.45412e-07 0 8.11433e-07)
(1.41772e-07 0 6.2207e-07)
(1.39084e-07 0 4.36853e-07)
(1.3732e-07 0 2.54557e-07)
(1.36463e-07 0 7.3972e-08)
(1.36496e-07 0 -1.06073e-07)
(1.37431e-07 0 -2.86758e-07)
(1.39268e-07 0 -4.69266e-07)
(1.42025e-07 0 -6.54794e-07)
(1.4573e-07 0 -8.44561e-07)
(1.5042e-07 0 -1.03984e-06)
(1.56141e-07 0 -1.24194e-06)
(1.62954e-07 0 -1.45226e-06)
(1.70936e-07 0 -1.67227e-06)
(1.80176e-07 0 -1.90356e-06)
(1.90788e-07 0 -2.14784e-06)
(2.02904e-07 0 -2.40697e-06)
(2.16688e-07 0 -2.68302e-06)
(2.32335e-07 0 -2.97827e-06)
(2.50085e-07 0 -3.29527e-06)
(2.70227e-07 0 -3.63694e-06)
(2.93122e-07 0 -4.00655e-06)
(3.19224e-07 0 -4.40793e-06)
(3.49104e-07 0 -4.8455e-06)
(3.83514e-07 0 -5.32452e-06)
(4.23695e-07 0 -5.8513e-06)
(4.70408e-07 0 -6.43388e-06)
(5.24994e-07 0 -7.08163e-06)
(5.89692e-07 0 -7.80511e-06)
(6.49455e-07 0 -8.61851e-06)
)
;

boundaryField
{
    inlet_water
    {
        type            zeroGradient;
    }
    inlet_air
    {
        type            zeroGradient;
    }
    outlet_water
    {
        type            zeroGradient;
    }
    outlet_air
    {
        type            zeroGradient;
    }
    lowerWall
    {
        type            fixedValue;
        value           uniform (0 0 0);
    }
    atmosphere
    {
        type            pressureInletOutletVelocity;
        value           nonuniform List<vector> 
50
(
(6.52701e-07 0 8.59223e-06)
(5.92383e-07 0 7.77494e-06)
(5.27014e-07 0 7.04843e-06)
(4.72293e-07 0 6.39846e-06)
(4.25162e-07 0 5.81382e-06)
(3.84231e-07 0 5.28586e-06)
(3.49561e-07 0 4.80609e-06)
(3.19442e-07 0 4.36814e-06)
(2.9314e-07 0 3.96668e-06)
(2.70082e-07 0 3.59722e-06)
(2.49813e-07 0 3.25591e-06)
(2.31968e-07 0 2.93939e-06)
(2.16253e-07 0 2.64474e-06)
(2.02426e-07 0 2.36936e-06)
(1.90287e-07 0 2.11092e-06)
(1.79671e-07 0 1.86737e-06)
(1.70443e-07 0 1.63678e-06)
(1.62488e-07 0 1.41745e-06)
(1.55714e-07 0 1.20776e-06)
(1.50042e-07 0 1.00622e-06)
(1.45412e-07 0 8.11433e-07)
(1.41772e-07 0 6.2207e-07)
(1.39084e-07 0 4.36853e-07)
(1.3732e-07 0 2.54557e-07)
(1.36463e-07 0 7.3972e-08)
(0 0 -1.06073e-07)
(0 0 -2.86758e-07)
(0 0 -4.69266e-07)
(0 0 -6.54794e-07)
(0 0 -8.44561e-07)
(0 0 -1.03984e-06)
(0 0 -1.24194e-06)
(0 0 -1.45226e-06)
(0 0 -1.67227e-06)
(0 0 -1.90356e-06)
(0 0 -2.14784e-06)
(0 0 -2.40697e-06)
(0 0 -2.68302e-06)
(0 0 -2.97827e-06)
(0 0 -3.29527e-06)
(0 0 -3.63694e-06)
(0 0 -4.00655e-06)
(0 0 -4.40793e-06)
(0 0 -4.8455e-06)
(0 0 -5.32452e-06)
(0 0 -5.8513e-06)
(0 0 -6.43388e-06)
(0 0 -7.08163e-06)
(0 0 -7.80511e-06)
(0 0 -8.61851e-06)
)
;
    }
    defaultFaces
    {
        type            empty;
    }
}


// ************************************************************************* //
