/*--------------------------------*- C++ -*----------------------------------*\
  =========                 |
  \\      /  F ield         | OpenFOAM: The Open Source CFD Toolbox
   \\    /   O peration     | Website:  https://openfoam.org
    \\  /    A nd           | Version:  8
     \\/     M anipulation  |
\*---------------------------------------------------------------------------*/
FoamFile
{
    version     2.0;
    format      ascii;
    class       volScalarField;
    location    "14939";
    object      nu1;
}
// * * * * * * * * * * * * * * * * * * * * * * * * * * * * * * * * * * * * * //

dimensions      [0 2 -1 0 0 0 0];

internalField   nonuniform List<scalar> 
3000
(
0.000811998
0.000812002
0.000812002
0.000812001
0.000812
0.000811999
0.000811997
0.000811995
0.000811993
0.000811991
0.000811989
0.000811987
0.000811984
0.000811982
0.000811979
0.000811977
0.000811974
0.000811972
0.000811969
0.000811966
0.000811964
0.000811961
0.000811959
0.000811957
0.000811955
0.000811954
0.000811954
0.000811954
0.000811956
0.000811958
0.00081196
0.000811962
0.000811965
0.000811967
0.000811968
0.000811969
0.00081197
0.000811971
0.000811972
0.000811973
0.000811974
0.000811976
0.000811979
0.000811981
0.000811984
0.000811987
0.00081199
0.000811991
0.000811993
0.000811991
0.000825425
0.000825429
0.00082543
0.00082543
0.00082543
0.000825429
0.000825428
0.000825427
0.000825425
0.000825424
0.000825422
0.00082542
0.000825418
0.000825416
0.000825413
0.000825411
0.000825408
0.000825405
0.000825402
0.0008254
0.000825397
0.000825394
0.000825392
0.00082539
0.000825388
0.000825387
0.000825387
0.000825388
0.000825389
0.000825391
0.000825393
0.000825396
0.000825398
0.0008254
0.000825401
0.000825402
0.000825403
0.000825404
0.000825405
0.000825406
0.000825407
0.000825409
0.000825411
0.000825414
0.000825417
0.000825419
0.000825422
0.000825423
0.000825425
0.000825423
0.000841257
0.000841261
0.000841263
0.000841265
0.000841266
0.000841266
0.000841266
0.000841265
0.000841264
0.000841263
0.000841262
0.00084126
0.000841258
0.000841256
0.000841254
0.000841252
0.000841249
0.000841246
0.000841244
0.000841241
0.000841238
0.000841235
0.000841233
0.000841231
0.000841229
0.000841228
0.000841228
0.000841229
0.00084123
0.000841232
0.000841234
0.000841236
0.000841238
0.00084124
0.000841241
0.000841242
0.000841243
0.000841244
0.000841245
0.000841246
0.000841247
0.000841249
0.000841251
0.000841253
0.000841255
0.000841258
0.00084126
0.000841261
0.000841263
0.00084126
0.000860129
0.000860133
0.000860136
0.000860139
0.00086014
0.000860141
0.000860142
0.000860142
0.000860142
0.000860141
0.000860141
0.000860139
0.000860138
0.000860136
0.000860134
0.000860132
0.00086013
0.000860127
0.000860125
0.000860122
0.00086012
0.000860117
0.000860115
0.000860113
0.000860111
0.00086011
0.00086011
0.00086011
0.000860111
0.000860112
0.000860114
0.000860116
0.000860118
0.00086012
0.000860121
0.000860122
0.000860123
0.000860124
0.000860125
0.000860126
0.000860127
0.000860128
0.00086013
0.000860132
0.000860134
0.000860136
0.000860138
0.00086014
0.000860141
0.000860137
0.000882796
0.0008828
0.000882804
0.000882807
0.000882809
0.000882811
0.000882812
0.000882813
0.000882814
0.000882814
0.000882813
0.000882813
0.000882812
0.00088281
0.000882809
0.000882807
0.000882805
0.000882803
0.000882801
0.000882799
0.000882796
0.000882794
0.000882792
0.00088279
0.000882789
0.000882787
0.000882787
0.000882787
0.000882787
0.000882788
0.00088279
0.000882791
0.000882793
0.000882795
0.000882796
0.000882797
0.000882798
0.000882799
0.0008828
0.0008828
0.000882801
0.000882803
0.000882804
0.000882806
0.000882808
0.00088281
0.000882811
0.000882813
0.000882814
0.00088281
0.000910251
0.000910254
0.000910258
0.000910261
0.000910264
0.000910267
0.000910268
0.00091027
0.00091027
0.000910271
0.000910271
0.000910271
0.000910271
0.00091027
0.000910269
0.000910268
0.000910267
0.000910265
0.000910264
0.000910262
0.000910261
0.000910259
0.000910257
0.000910256
0.000910254
0.000910253
0.000910252
0.000910251
0.000910251
0.000910252
0.000910252
0.000910254
0.000910255
0.000910257
0.000910258
0.000910259
0.00091026
0.00091026
0.000910261
0.000910262
0.000910263
0.000910264
0.000910265
0.000910266
0.000910268
0.00091027
0.000910271
0.000910273
0.000910274
0.00091027
0.00094384
0.000943842
0.000943845
0.000943848
0.000943851
0.000943853
0.000943855
0.000943857
0.000943858
0.000943859
0.00094386
0.00094386
0.00094386
0.00094386
0.00094386
0.00094386
0.00094386
0.000943859
0.000943859
0.000943858
0.000943857
0.000943857
0.000943856
0.000943854
0.000943853
0.000943852
0.000943851
0.00094385
0.000943849
0.000943849
0.000943849
0.000943849
0.00094385
0.000943851
0.000943852
0.000943853
0.000943854
0.000943854
0.000943854
0.000943855
0.000943856
0.000943856
0.000943857
0.000943858
0.00094386
0.000943861
0.000943863
0.000943865
0.000943866
0.000943863
0.000985448
0.000985449
0.000985451
0.000985453
0.000985456
0.000985458
0.000985459
0.000985461
0.000985462
0.000985464
0.000985465
0.000985466
0.000985467
0.000985468
0.000985469
0.00098547
0.000985471
0.000985472
0.000985473
0.000985474
0.000985475
0.000985475
0.000985475
0.000985475
0.000985474
0.000985473
0.000985472
0.00098547
0.000985469
0.000985467
0.000985466
0.000985466
0.000985466
0.000985466
0.000985466
0.000985467
0.000985467
0.000985467
0.000985467
0.000985467
0.000985467
0.000985468
0.000985468
0.000985469
0.00098547
0.000985472
0.000985473
0.000985475
0.000985477
0.000985474
0.00103783
0.00103783
0.00103783
0.00103783
0.00103783
0.00103783
0.00103783
0.00103783
0.00103783
0.00103784
0.00103784
0.00103784
0.00103784
0.00103784
0.00103785
0.00103785
0.00103785
0.00103786
0.00103786
0.00103786
0.00103786
0.00103787
0.00103787
0.00103787
0.00103787
0.00103787
0.00103787
0.00103787
0.00103786
0.00103786
0.00103786
0.00103786
0.00103785
0.00103785
0.00103785
0.00103785
0.00103785
0.00103785
0.00103785
0.00103785
0.00103785
0.00103785
0.00103785
0.00103785
0.00103785
0.00103785
0.00103785
0.00103785
0.00103786
0.00103785
0.00110519
0.00110519
0.00110519
0.00110518
0.00110518
0.00110518
0.00110518
0.00110518
0.00110518
0.00110518
0.00110519
0.00110519
0.00110519
0.0011052
0.0011052
0.00110521
0.00110521
0.00110522
0.00110523
0.00110523
0.00110524
0.00110524
0.00110525
0.00110525
0.00110525
0.00110525
0.00110525
0.00110525
0.00110525
0.00110524
0.00110524
0.00110523
0.00110523
0.00110523
0.00110522
0.00110522
0.00110522
0.00110522
0.00110521
0.00110521
0.00110521
0.00110521
0.00110521
0.00110521
0.00110521
0.00110521
0.00110521
0.00110521
0.00110521
0.00110521
0.00119439
0.00119438
0.00119438
0.00119437
0.00119437
0.00119436
0.00119436
0.00119436
0.00119436
0.00119436
0.00119436
0.00119437
0.00119438
0.00119438
0.00119439
0.0011944
0.00119441
0.00119442
0.00119444
0.00119445
0.00119446
0.00119447
0.00119448
0.00119449
0.00119449
0.00119449
0.00119449
0.00119449
0.00119448
0.00119448
0.00119447
0.00119446
0.00119445
0.00119444
0.00119444
0.00119443
0.00119443
0.00119442
0.00119442
0.00119441
0.00119441
0.0011944
0.0011944
0.0011944
0.00119439
0.00119439
0.00119439
0.0011944
0.0011944
0.0011944
0.00131748
0.00131747
0.00131745
0.00131744
0.00131743
0.00131742
0.00131742
0.00131742
0.00131742
0.00131742
0.00131743
0.00131744
0.00131745
0.00131746
0.00131748
0.00131749
0.00131751
0.00131753
0.00131755
0.00131757
0.00131759
0.00131761
0.00131763
0.00131764
0.00131765
0.00131765
0.00131765
0.00131765
0.00131764
0.00131763
0.00131762
0.0013176
0.00131759
0.00131758
0.00131756
0.00131755
0.00131754
0.00131753
0.00131752
0.00131751
0.0013175
0.00131749
0.00131748
0.00131747
0.00131746
0.00131746
0.00131746
0.00131746
0.00131746
0.00131747
0.00149754
0.00149751
0.00149748
0.00149746
0.00149744
0.00149743
0.00149742
0.00149741
0.00149742
0.00149743
0.00149744
0.00149746
0.00149748
0.0014975
0.00149753
0.00149756
0.0014976
0.00149763
0.00149767
0.00149771
0.00149774
0.00149778
0.0014978
0.00149783
0.00149784
0.00149785
0.00149786
0.00149785
0.00149784
0.00149782
0.0014978
0.00149777
0.00149774
0.00149772
0.00149769
0.00149766
0.00149764
0.00149762
0.0014976
0.00149758
0.00149756
0.00149754
0.00149752
0.0014975
0.00149748
0.00149747
0.00149746
0.00149746
0.00149747
0.00149748
0.00178161
0.00178155
0.00178151
0.00178147
0.00178143
0.00178141
0.0017814
0.0017814
0.00178141
0.00178144
0.00178147
0.00178151
0.00178155
0.0017816
0.00178166
0.00178172
0.00178178
0.00178185
0.00178192
0.00178198
0.00178205
0.00178211
0.00178216
0.0017822
0.00178223
0.00178225
0.00178226
0.00178225
0.00178222
0.00178219
0.00178215
0.0017821
0.00178205
0.00178199
0.00178194
0.00178189
0.00178184
0.00178179
0.00178175
0.0017817
0.00178166
0.00178161
0.00178157
0.00178152
0.00178148
0.00178145
0.00178142
0.00178143
0.00178145
0.00178148
0.00226502
0.0022649
0.00226481
0.00226474
0.00226469
0.00226466
0.00226465
0.00226467
0.0022647
0.00226476
0.00226484
0.00226492
0.00226501
0.00226512
0.00226523
0.00226535
0.00226547
0.0022656
0.00226573
0.00226586
0.00226598
0.00226609
0.00226619
0.00226627
0.00226633
0.00226636
0.00226637
0.00226634
0.0022663
0.00226623
0.00226615
0.00226605
0.00226595
0.00226585
0.00226574
0.00226564
0.00226553
0.00226544
0.00226534
0.00226524
0.00226514
0.00226504
0.00226493
0.00226482
0.00226472
0.00226465
0.00226461
0.00226465
0.00226471
0.00226478
0.0031055
0.00310528
0.00310514
0.00310503
0.00310495
0.00310491
0.00310492
0.00310498
0.00310508
0.00310521
0.00310536
0.00310554
0.00310573
0.00310592
0.00310614
0.00310636
0.00310659
0.00310682
0.00310706
0.0031073
0.00310752
0.00310772
0.0031079
0.00310804
0.00310814
0.00310819
0.00310819
0.00310814
0.00310805
0.00310791
0.00310776
0.00310758
0.00310739
0.0031072
0.003107
0.0031068
0.0031066
0.0031064
0.00310621
0.00310601
0.0031058
0.00310558
0.00310535
0.00310513
0.00310492
0.00310478
0.00310471
0.00310484
0.00310505
0.00310519
0.00433873
0.00433846
0.0043383
0.00433817
0.00433808
0.00433805
0.0043381
0.0043382
0.00433837
0.00433858
0.00433882
0.00433907
0.00433934
0.00433961
0.0043399
0.0043402
0.00434051
0.00434083
0.00434114
0.00434145
0.00434175
0.00434202
0.00434226
0.00434244
0.00434257
0.00434263
0.00434261
0.00434253
0.00434238
0.00434219
0.00434196
0.00434172
0.00434146
0.0043412
0.00434093
0.00434066
0.00434039
0.00434011
0.00433983
0.00433954
0.00433923
0.0043389
0.00433856
0.00433822
0.00433791
0.00433771
0.00433767
0.00433796
0.00433838
0.00433854
0.004958
0.004958
0.004958
0.004958
0.004958
0.004958
0.004958
0.004958
0.004958
0.004958
0.004958
0.004958
0.004958
0.004958
0.004958
0.004958
0.004958
0.004958
0.004958
0.004958
0.004958
0.004958
0.004958
0.004958
0.004958
0.004958
0.004958
0.004958
0.004958
0.004958
0.004958
0.004958
0.004958
0.004958
0.004958
0.004958
0.004958
0.004958
0.004958
0.004958
0.004958
0.004958
0.004958
0.004958
0.004958
0.004958
0.004958
0.004958
0.004958
0.004958
0.004958
0.004958
0.004958
0.004958
0.004958
0.004958
0.004958
0.004958
0.004958
0.004958
0.004958
0.004958
0.004958
0.004958
0.004958
0.004958
0.004958
0.004958
0.004958
0.004958
0.004958
0.004958
0.004958
0.004958
0.004958
0.004958
0.004958
0.004958
0.004958
0.004958
0.004958
0.004958
0.004958
0.004958
0.004958
0.004958
0.004958
0.004958
0.004958
0.004958
0.004958
0.004958
0.004958
0.004958
0.004958
0.004958
0.004958
0.004958
0.004958
0.004958
0.004958
0.004958
0.004958
0.004958
0.004958
0.004958
0.004958
0.004958
0.004958
0.004958
0.004958
0.004958
0.004958
0.004958
0.004958
0.004958
0.004958
0.004958
0.004958
0.004958
0.004958
0.004958
0.004958
0.004958
0.004958
0.004958
0.004958
0.004958
0.004958
0.004958
0.004958
0.004958
0.004958
0.004958
0.004958
0.004958
0.004958
0.004958
0.004958
0.004958
0.004958
0.004958
0.004958
0.004958
0.004958
0.004958
0.004958
0.004958
0.004958
0.004958
0.004958
0.004958
0.004958
0.004958
0.004958
0.004958
0.004958
0.004958
0.004958
0.004958
0.004958
0.004958
0.004958
0.004958
0.004958
0.004958
0.004958
0.004958
0.004958
0.004958
0.004958
0.004958
0.004958
0.004958
0.004958
0.004958
0.004958
0.004958
0.004958
0.004958
0.004958
0.004958
0.004958
0.004958
0.004958
0.004958
0.004958
0.004958
0.004958
0.004958
0.004958
0.004958
0.004958
0.004958
0.004958
0.004958
0.004958
0.004958
0.004958
0.004958
0.004958
0.004958
0.004958
0.004958
0.004958
0.004958
0.004958
0.004958
0.004958
0.004958
0.004958
0.004958
0.004958
0.004958
0.004958
0.004958
0.004958
0.004958
0.004958
0.004958
0.004958
0.004958
0.004958
0.004958
0.004958
0.004958
0.004958
0.004958
0.004958
0.004958
0.004958
0.004958
0.004958
0.004958
0.004958
0.004958
0.004958
0.004958
0.004958
0.004958
0.004958
0.004958
0.004958
0.004958
0.004958
0.004958
0.004958
0.004958
0.004958
0.004958
0.004958
0.004958
0.004958
0.004958
0.004958
0.004958
0.004958
0.004958
0.004958
0.004958
0.004958
0.004958
0.004958
0.004958
0.004958
0.004958
0.004958
0.004958
0.004958
0.004958
0.004958
0.004958
0.004958
0.004958
0.004958
0.004958
0.004958
0.004958
0.004958
0.004958
0.004958
0.004958
0.004958
0.004958
0.004958
0.004958
0.004958
0.004958
0.004958
0.004958
0.004958
0.004958
0.004958
0.004958
0.004958
0.004958
0.004958
0.004958
0.004958
0.004958
0.004958
0.004958
0.004958
0.004958
0.004958
0.004958
0.004958
0.004958
0.004958
0.004958
0.004958
0.004958
0.004958
0.004958
0.004958
0.004958
0.004958
0.004958
0.004958
0.004958
0.004958
0.004958
0.004958
0.004958
0.004958
0.004958
0.004958
0.004958
0.004958
0.004958
0.004958
0.004958
0.004958
0.004958
0.004958
0.004958
0.004958
0.004958
0.004958
0.004958
0.004958
0.004958
0.004958
0.004958
0.004958
0.004958
0.004958
0.004958
0.004958
0.004958
0.004958
0.004958
0.004958
0.004958
0.004958
0.004958
0.004958
0.004958
0.004958
0.004958
0.004958
0.004958
0.004958
0.004958
0.004958
0.004958
0.004958
0.004958
0.004958
0.004958
0.004958
0.004958
0.004958
0.004958
0.004958
0.004958
0.004958
0.004958
0.004958
0.004958
0.004958
0.004958
0.004958
0.004958
0.004958
0.004958
0.004958
0.004958
0.004958
0.004958
0.004958
0.004958
0.004958
0.004958
0.004958
0.004958
0.004958
0.004958
0.004958
0.004958
0.000689078
0.000689081
0.000689084
0.000689089
0.000689094
0.0006891
0.000689103
0.000689105
0.000689106
0.000689108
0.000689113
0.000689121
0.000689131
0.000689139
0.000689143
0.00068914
0.00068913
0.000689114
0.000689094
0.000689071
0.000689048
0.000689029
0.000689015
0.000689008
0.000689006
0.00068901
0.000689018
0.00068903
0.000689044
0.000689058
0.000689071
0.000689081
0.000689088
0.000689092
0.000689093
0.000689092
0.000689092
0.000689092
0.000689092
0.000689094
0.000689097
0.0006891
0.000689104
0.000689108
0.000689111
0.000689115
0.000689119
0.000689119
0.000689124
0.000689107
0.000647952
0.000647957
0.000647969
0.000647982
0.000647994
0.000648003
0.000648009
0.000648013
0.000648016
0.00064802
0.000648023
0.000648026
0.000648028
0.00064803
0.00064803
0.000648028
0.000648024
0.000648019
0.000648014
0.000648008
0.000648003
0.000647999
0.000647996
0.000647995
0.000647996
0.000647997
0.000648
0.000648002
0.000648005
0.000648008
0.00064801
0.000648011
0.000648012
0.000648013
0.000648013
0.000648013
0.000648012
0.000648012
0.000648012
0.000648012
0.000648012
0.000648012
0.000648012
0.000648012
0.000648012
0.000648012
0.000648014
0.00064801
0.000648017
0.000648006
0.000697982
0.000698082
0.000698161
0.000698203
0.000698223
0.000698237
0.000698245
0.000698253
0.00069826
0.000698265
0.000698264
0.000698258
0.000698249
0.000698241
0.000698236
0.000698237
0.000698245
0.000698259
0.000698279
0.000698302
0.000698325
0.000698345
0.000698361
0.00069837
0.000698372
0.000698369
0.000698361
0.000698348
0.000698333
0.000698317
0.000698303
0.000698291
0.000698283
0.000698278
0.000698276
0.000698276
0.000698276
0.000698276
0.000698274
0.000698271
0.000698266
0.000698261
0.000698255
0.000698248
0.000698243
0.000698231
0.000698233
0.000698203
0.000698233
0.000698107
0.000858949
0.00085995
0.00086004
0.000859992
0.000859841
0.000859757
0.000859686
0.000859652
0.000859612
0.000859574
0.000859525
0.000859479
0.00085944
0.000859419
0.000859422
0.000859457
0.000859527
0.000859622
0.000859733
0.000859846
0.000859948
0.000860028
0.000860079
0.0008601
0.000860093
0.000860062
0.000860016
0.000859958
0.000859897
0.000859839
0.000859788
0.00085975
0.000859725
0.000859712
0.000859708
0.000859709
0.000859711
0.000859711
0.000859708
0.000859699
0.00085969
0.00085967
0.000859659
0.000859624
0.000859615
0.00085955
0.000859532
0.000859386
0.000859315
0.000858271
0.00144022
0.00144435
0.00144043
0.00143929
0.00143792
0.0014374
0.00143685
0.00143654
0.00143619
0.00143592
0.00143567
0.00143551
0.00143541
0.0014354
0.00143549
0.0014357
0.00143598
0.00143634
0.00143672
0.00143709
0.0014374
0.00143764
0.00143779
0.00143784
0.00143781
0.00143771
0.00143755
0.00143736
0.00143716
0.00143696
0.0014368
0.00143667
0.00143657
0.00143651
0.00143648
0.00143647
0.00143647
0.00143646
0.00143646
0.00143641
0.00143641
0.00143629
0.0014363
0.00143608
0.00143607
0.00143573
0.00143537
0.00143514
0.00143273
0.00143109
0.00394606
0.00390653
0.00386213
0.00385326
0.00384319
0.00383995
0.00383575
0.00383348
0.00383109
0.00382949
0.00382807
0.00382733
0.00382696
0.00382707
0.00382751
0.0038284
0.00382957
0.00383067
0.00383164
0.00383251
0.00383322
0.00383378
0.00383416
0.00383447
0.00383446
0.00383411
0.00383367
0.00383313
0.00383254
0.00383195
0.00383138
0.00383087
0.00383044
0.00383008
0.0038298
0.00382957
0.00382946
0.00382933
0.00382935
0.00382913
0.00382929
0.00382878
0.00382903
0.0038282
0.00382813
0.00382772
0.00382479
0.00383255
0.00381771
0.00390869
0.004958
0.004958
0.004958
0.004958
0.004958
0.004958
0.004958
0.004958
0.004958
0.004958
0.004958
0.004958
0.004958
0.004958
0.004958
0.004958
0.004958
0.004958
0.004958
0.004958
0.004958
0.004958
0.004958
0.004958
0.004958
0.004958
0.004958
0.004958
0.004958
0.004958
0.004958
0.004958
0.004958
0.004958
0.004958
0.004958
0.004958
0.004958
0.004958
0.004958
0.004958
0.004958
0.004958
0.004958
0.004958
0.004958
0.004958
0.004958
0.004958
0.004958
0.004958
0.004958
0.004958
0.004958
0.004958
0.004958
0.004958
0.004958
0.004958
0.004958
0.004958
0.004958
0.004958
0.004958
0.004958
0.004958
0.004958
0.004958
0.004958
0.004958
0.004958
0.004958
0.004958
0.004958
0.004958
0.004958
0.004958
0.004958
0.004958
0.004958
0.004958
0.004958
0.004958
0.004958
0.004958
0.004958
0.004958
0.004958
0.004958
0.004958
0.004958
0.004958
0.004958
0.004958
0.004958
0.004958
0.004958
0.004958
0.004958
0.004958
0.004958
0.004958
0.004958
0.004958
0.004958
0.004958
0.004958
0.004958
0.004958
0.004958
0.004958
0.004958
0.004958
0.004958
0.004958
0.004958
0.004958
0.004958
0.004958
0.004958
0.004958
0.004958
0.004958
0.004958
0.004958
0.004958
0.004958
0.004958
0.004958
0.004958
0.004958
0.004958
0.004958
0.004958
0.004958
0.004958
0.004958
0.004958
0.004958
0.004958
0.004958
0.004958
0.004958
0.004958
0.004958
0.004958
0.004958
0.004958
0.004958
0.004958
0.004958
0.004958
0.004958
0.004958
0.004958
0.004958
0.004958
0.004958
0.004958
0.004958
0.004958
0.004958
0.004958
0.004958
0.004958
0.004958
0.004958
0.004958
0.004958
0.004958
0.004958
0.004958
0.004958
0.004958
0.004958
0.004958
0.004958
0.004958
0.004958
0.004958
0.004958
0.004958
0.004958
0.004958
0.004958
0.004958
0.004958
0.004958
0.004958
0.004958
0.004958
0.004958
0.004958
0.004958
0.004958
0.004958
0.004958
0.004958
0.004958
0.004958
0.004958
0.004958
0.004958
0.004958
0.004958
0.004958
0.004958
0.004958
0.004958
0.004958
0.004958
0.004958
0.004958
0.004958
0.004958
0.004958
0.004958
0.004958
0.004958
0.004958
0.004958
0.004958
0.004958
0.004958
0.004958
0.004958
0.004958
0.004958
0.004958
0.004958
0.004958
0.004958
0.004958
0.004958
0.004958
0.004958
0.004958
0.004958
0.004958
0.004958
0.004958
0.004958
0.004958
0.004958
0.004958
0.004958
0.004958
0.004958
0.004958
0.004958
0.004958
0.004958
0.004958
0.004958
0.004958
0.004958
0.004958
0.004958
0.004958
0.004958
0.004958
0.004958
0.004958
0.004958
0.004958
0.004958
0.004958
0.004958
0.004958
0.004958
0.004958
0.004958
0.004958
0.004958
0.004958
0.004958
0.004958
0.004958
0.004958
0.004958
0.004958
0.004958
0.004958
0.004958
0.004958
0.004958
0.004958
0.004958
0.004958
0.004958
0.004958
0.004958
0.004958
0.004958
0.004958
0.004958
0.004958
0.004958
0.004958
0.004958
0.004958
0.004958
0.004958
0.004958
0.004958
0.004958
0.004958
0.004958
0.004958
0.004958
0.004958
0.004958
0.004958
0.004958
0.004958
0.004958
0.004958
0.004958
0.004958
0.004958
0.004958
0.004958
0.004958
0.004958
0.004958
0.004958
0.004958
0.004958
0.004958
0.004958
0.004958
0.004958
0.004958
0.004958
0.004958
0.004958
0.004958
0.004958
0.004958
0.004958
0.004958
0.004958
0.004958
0.004958
0.004958
0.004958
0.004958
0.004958
0.004958
0.004958
0.004958
0.004958
0.004958
0.004958
0.004958
0.004958
0.004958
0.004958
0.004958
0.004958
0.004958
0.004958
0.004958
0.004958
0.004958
0.004958
0.004958
0.004958
0.004958
0.004958
0.004958
0.004958
0.004958
0.004958
0.004958
0.004958
0.004958
0.004958
0.004958
0.004958
0.004958
0.004958
0.004958
0.004958
0.004958
0.004958
0.004958
0.004958
0.004958
0.004958
0.004958
0.004958
0.004958
0.004958
0.004958
0.004958
0.004958
0.004958
0.004958
0.004958
0.004958
0.004958
0.004958
0.004958
0.004958
0.004958
0.004958
0.004958
0.004958
0.004958
0.004958
0.004958
0.004958
0.004958
0.004958
0.004958
0.004958
0.004958
0.004958
0.004958
0.004958
0.004958
0.004958
0.004958
0.004958
0.004958
0.004958
0.004958
0.004958
0.004958
0.004958
0.004958
0.004958
0.004958
0.004958
0.004958
0.004958
0.004958
0.004958
0.004958
0.004958
0.004958
0.004958
0.004958
0.004958
0.004958
0.004958
0.004958
0.004958
0.004958
0.004958
0.004958
0.004958
0.004958
0.004958
0.004958
0.004958
0.004958
0.004958
0.004958
0.004958
0.004958
0.004958
0.004958
0.004958
0.004958
0.004958
0.004958
0.004958
0.004958
0.004958
0.004958
0.004958
0.004958
0.004958
0.004958
0.004958
0.004958
0.004958
0.004958
0.004958
0.004958
0.004958
0.004958
0.004958
0.004958
0.004958
0.004958
0.004958
0.004958
0.004958
0.004958
0.004958
0.004958
0.004958
0.004958
0.004958
0.004958
0.004958
0.004958
0.004958
0.004958
0.004958
0.004958
0.004958
0.004958
0.004958
0.004958
0.004958
0.004958
0.004958
0.004958
0.004958
0.004958
0.004958
0.004958
0.004958
0.004958
0.004958
0.004958
0.004958
0.004958
0.004958
0.004958
0.004958
0.004958
0.004958
0.004958
0.004958
0.004958
0.004958
0.004958
0.004958
0.004958
0.004958
0.004958
0.004958
0.004958
0.004958
0.004958
0.004958
0.004958
0.004958
0.004958
0.004958
0.004958
0.004958
0.004958
0.004958
0.004958
0.004958
0.004958
0.004958
0.004958
0.004958
0.004958
0.004958
0.004958
0.004958
0.004958
0.004958
0.004958
0.004958
0.004958
0.004958
0.004958
0.004958
0.004958
0.004958
0.004958
0.004958
0.004958
0.004958
0.004958
0.004958
0.004958
0.004958
0.004958
0.004958
0.004958
0.004958
0.004958
0.004958
0.004958
0.004958
0.004958
0.004958
0.004958
0.004958
0.004958
0.004958
0.004958
0.004958
0.004958
0.004958
0.004958
0.004958
0.004958
0.004958
0.004958
0.004958
0.004958
0.004958
0.004958
0.004958
0.004958
0.004958
0.004958
0.004958
0.004958
0.004958
0.004958
0.004958
0.004958
0.004958
0.004958
0.004958
0.004958
0.004958
0.004958
0.004958
0.004958
0.004958
0.004958
0.004958
0.004958
0.004958
0.004958
0.004958
0.004958
0.004958
0.004958
0.004958
0.004958
0.004958
0.004958
0.004958
0.004958
0.004958
0.004958
0.004958
0.004958
0.004958
0.004958
0.004958
0.004958
0.004958
0.004958
0.004958
0.004958
0.004958
0.004958
0.004958
0.004958
0.004958
0.004958
0.004958
0.004958
0.004958
0.004958
0.004958
0.004958
0.004958
0.004958
0.004958
0.004958
0.004958
0.004958
0.004958
0.004958
0.004958
0.004958
0.004958
0.004958
0.004958
0.004958
0.004958
0.004958
0.004958
0.004958
0.004958
0.004958
0.004958
0.004958
0.004958
0.004958
0.004958
0.004958
0.004958
0.004958
0.004958
0.004958
0.004958
0.004958
0.004958
0.004958
0.004958
0.004958
0.004958
0.004958
0.004958
0.004958
0.004958
0.004958
0.004958
0.004958
0.004958
0.004958
0.004958
0.004958
0.004958
0.004958
0.004958
0.004958
0.004958
0.004958
0.004958
0.004958
0.004958
0.004958
0.004958
0.004958
0.004958
0.004958
0.004958
0.004958
0.004958
0.004958
0.004958
0.004958
0.004958
0.004958
0.004958
0.004958
0.004958
0.004958
0.004958
0.004958
0.004958
0.004958
0.004958
0.004958
0.004958
0.004958
0.004958
0.004958
0.004958
0.004958
0.004958
0.004958
0.004958
0.004958
0.004958
0.004958
0.004958
0.004958
0.004958
0.004958
0.004958
0.004958
0.004958
0.004958
0.004958
0.004958
0.004958
0.004958
0.004958
0.004958
0.004958
0.004958
0.004958
0.004958
0.004958
0.004958
0.004958
0.004958
0.004958
0.004958
0.004958
0.004958
0.004958
0.004958
0.004958
0.004958
0.004958
0.004958
0.004958
0.004958
0.004958
0.004958
0.004958
0.004958
0.004958
0.004958
0.004958
0.004958
0.004958
0.004958
0.004958
0.004958
0.004958
0.004958
0.004958
0.004958
0.004958
0.004958
0.004958
0.004958
0.004958
0.004958
0.004958
0.004958
0.004958
0.004958
0.004958
0.004958
0.004958
0.004958
0.004958
0.004958
0.004958
0.004958
0.004958
0.004958
0.004958
0.004958
0.004958
0.004958
0.004958
0.004958
0.004958
0.004958
0.004958
0.004958
0.004958
0.004958
0.004958
0.004958
0.004958
0.004958
0.004958
0.004958
0.004958
0.004958
0.004958
0.004958
0.004958
0.004958
0.004958
0.004958
0.004958
0.004958
0.004958
0.004958
0.004958
0.004958
0.004958
0.004958
0.004958
0.004958
0.004958
0.004958
0.004958
0.004958
0.004958
0.004958
0.004958
0.004958
0.004958
0.004958
0.004958
0.004958
0.004958
0.004958
0.004958
0.004958
0.004958
0.004958
0.004958
0.004958
0.004958
0.004958
0.004958
0.004958
0.004958
0.004958
0.004958
0.004958
0.004958
0.004958
0.004958
0.004958
0.004958
0.004958
0.004958
0.004958
0.004958
0.004958
0.004958
0.004958
0.004958
0.004958
0.004958
0.004958
0.004958
0.004958
0.004958
0.004958
0.004958
0.004958
0.004958
0.004958
0.004958
0.004958
0.004958
0.004958
0.004958
0.004958
0.004958
0.004958
0.004958
0.004958
0.004958
0.004958
0.004958
0.004958
0.004958
0.004958
0.004958
0.004958
0.004958
0.004958
0.004958
0.004958
0.004958
0.004958
0.004958
0.004958
0.004958
0.004958
0.004958
0.004958
0.004958
0.004958
0.004958
0.004958
0.004958
0.004958
0.004958
0.004958
0.004958
0.004958
0.004958
0.004958
0.004958
0.004958
0.004958
0.004958
0.004958
0.004958
0.004958
0.004958
0.004958
0.004958
0.004958
0.004958
0.004958
0.004958
0.004958
0.004958
0.004958
0.004958
0.004958
0.004958
0.004958
0.004958
0.004958
0.004958
0.004958
0.004958
0.004958
0.004958
0.004958
0.004958
0.004958
0.004958
0.004958
0.004958
0.004958
0.004958
0.004958
0.004958
0.004958
0.004958
0.004958
0.004958
0.004958
0.004958
0.004958
0.004958
0.004958
0.004958
0.004958
0.004958
0.004958
0.004958
0.004958
0.004958
0.004958
0.004958
0.004958
0.004958
0.004958
0.004958
0.004958
0.004958
0.004958
0.004958
0.004958
0.004958
0.004958
0.004958
0.004958
0.004958
0.004958
0.004958
0.004958
0.004958
0.004958
0.004958
0.004958
0.004958
0.004958
0.004958
0.004958
0.004958
0.004958
0.004958
0.004958
0.004958
0.004958
0.004958
0.004958
0.004958
0.004958
0.004958
0.004958
0.004958
0.004958
0.004958
0.004958
0.004958
0.004958
0.004958
0.004958
0.004958
0.004958
0.004958
0.004958
0.004958
0.004958
0.004958
0.004958
0.004958
0.004958
0.004958
0.004958
0.004958
0.004958
0.004958
0.004958
0.004958
0.004958
0.004958
0.004958
0.004958
0.004958
0.004958
0.004958
0.004958
0.004958
0.004958
0.004958
0.004958
0.004958
0.004958
0.004958
0.004958
0.004958
0.004958
0.004958
0.004958
0.004958
0.004958
0.004958
0.004958
0.004958
0.004958
0.004958
0.004958
0.004958
0.004958
0.004958
0.004958
0.004958
0.004958
0.004958
0.004958
0.004958
0.004958
0.004958
0.004958
0.004958
0.004958
0.004958
0.004958
0.004958
0.004958
0.004958
0.004958
0.004958
0.004958
0.004958
0.004958
0.004958
0.004958
0.004958
0.004958
0.004958
0.004958
0.004958
0.004958
0.004958
0.004958
0.004958
0.004958
0.004958
0.004958
0.004958
0.004958
0.004958
0.004958
0.004958
0.004958
0.004958
0.004958
0.004958
0.004958
0.004958
0.004958
0.004958
0.004958
0.004958
0.004958
0.004958
0.004958
0.004958
0.004958
0.004958
0.004958
0.004958
0.004958
0.004958
0.004958
0.004958
0.004958
0.004958
0.004958
0.004958
0.004958
0.004958
0.004958
0.004958
0.004958
0.004958
0.004958
0.004958
0.004958
0.004958
0.004958
0.004958
0.004958
0.004958
0.004958
0.004958
0.004958
0.004958
0.004958
0.004958
0.004958
0.004958
0.004958
0.004958
0.004958
0.004958
0.004958
0.004958
0.004958
0.004958
0.004958
0.004958
0.004958
0.004958
0.004958
0.004958
0.004958
0.004958
0.004958
0.004958
0.004958
0.004958
0.004958
0.004958
0.004958
0.004958
0.004958
0.004958
0.004958
0.004958
0.004958
0.004958
0.004958
0.004958
0.004958
0.004958
0.004958
0.004958
0.004958
0.004958
0.004958
0.004958
0.004958
0.004958
0.004958
0.004958
0.004958
0.004958
0.004958
0.004958
0.004958
0.004958
0.004958
0.004958
0.004958
0.004958
0.004958
0.004958
0.004958
0.004958
0.004958
0.004958
0.004958
0.004958
0.004958
0.004958
0.004958
0.004958
0.004958
0.004958
0.004958
0.004958
0.004958
0.004958
0.004958
0.004958
0.004958
0.004958
0.004958
0.004958
0.004958
0.004958
0.004958
0.004958
0.004958
0.004958
0.004958
0.004958
0.004958
0.004958
0.004958
0.004958
0.004958
0.004958
0.004958
0.004958
0.004958
0.004958
0.004958
0.004958
0.004958
0.004958
0.004958
0.004958
0.004958
0.004958
0.004958
0.004958
0.004958
0.004958
0.004958
0.004958
0.004958
0.004958
0.004958
0.004958
0.004958
0.004958
0.004958
0.004958
0.004958
0.004958
0.004958
0.004958
0.004958
0.004958
0.004958
0.004958
0.004958
0.004958
0.004958
0.004958
0.004958
0.004958
0.004958
0.004958
0.004958
0.004958
0.004958
0.004958
0.004958
0.004958
0.004958
0.004958
0.004958
0.004958
0.004958
0.004958
0.004958
0.004958
0.004958
0.004958
0.004958
0.004958
0.004958
0.004958
0.004958
0.004958
0.004958
0.004958
0.004958
0.004958
0.004958
0.004958
0.004958
0.004958
0.004958
0.004958
0.004958
0.004958
0.004958
0.004958
0.004958
0.004958
0.004958
0.004958
0.004958
0.004958
0.004958
0.004958
0.004958
0.004958
0.004958
0.004958
0.004958
0.004958
0.004958
0.004958
0.004958
0.004958
0.004958
0.004958
0.004958
0.004958
0.004958
0.004958
0.004958
0.004958
0.004958
0.004958
0.004958
0.004958
0.004958
0.004958
0.004958
0.004958
0.004958
0.004958
0.004958
0.004958
0.004958
0.004958
0.004958
0.004958
0.004958
0.004958
0.004958
0.004958
0.004958
0.004958
0.004958
0.004958
0.004958
0.004958
0.004958
0.004958
0.004958
0.004958
0.004958
0.004958
0.004958
0.004958
0.004958
0.004958
0.004958
0.004958
0.004958
0.004958
0.004958
0.004958
0.004958
0.004958
0.004958
0.004958
0.004958
0.004958
0.004958
0.004958
0.004958
0.004958
0.004958
0.004958
0.004958
0.004958
0.004958
0.004958
0.004958
0.004958
0.004958
0.004958
0.004958
)
;

boundaryField
{
    inlet_water
    {
        type            calculated;
        value           nonuniform List<scalar> 
25
(
0.000811998
0.000825425
0.000841257
0.000860129
0.000882796
0.000910251
0.000943839
0.000985448
0.00103783
0.00110519
0.00119439
0.00131748
0.00149753
0.00178161
0.00226501
0.00310548
0.00433868
0.004958
0.004958
0.004958
0.004958
0.004958
0.004958
0.004958
0.004958
)
;
    }
    inlet_air
    {
        type            calculated;
        value           nonuniform List<scalar> 
35
(
0.000689079
0.000647952
0.000697983
0.000858958
0.00144041
0.00394957
0.004958
0.004958
0.004958
0.004958
0.004958
0.004958
0.004958
0.004958
0.004958
0.004958
0.004958
0.004958
0.004958
0.004958
0.004958
0.004958
0.004958
0.004958
0.004958
0.004958
0.004958
0.004958
0.004958
0.004958
0.004958
0.004958
0.004958
0.004958
0.004958
)
;
    }
    outlet_water
    {
        type            calculated;
        value           nonuniform List<scalar> 
25
(
0.000811991
0.000825423
0.000841259
0.000860137
0.000882809
0.000910269
0.000943861
0.000985471
0.00103785
0.00110521
0.00119439
0.00131745
0.00149745
0.00178143
0.00226468
0.00310496
0.00433802
0.004958
0.004958
0.004958
0.004958
0.004958
0.004958
0.004958
0.004958
)
;
    }
    outlet_air
    {
        type            calculated;
        value           nonuniform List<scalar> 
35
(
0.000689108
0.000648007
0.000698108
0.00085827
0.00143105
0.00390866
0.004958
0.004958
0.004958
0.004958
0.004958
0.004958
0.004958
0.004958
0.004958
0.004958
0.004958
0.004958
0.004958
0.004958
0.004958
0.004958
0.004958
0.004958
0.004958
0.004958
0.004958
0.004958
0.004958
0.004958
0.004958
0.004958
0.004958
0.004958
0.004958
)
;
    }
    lowerWall
    {
        type            calculated;
        value           nonuniform List<scalar> 
50
(
0.000805959
0.000805962
0.000805961
0.000805961
0.00080596
0.000805958
0.000805956
0.000805953
0.000805951
0.000805949
0.000805947
0.000805945
0.000805942
0.00080594
0.000805937
0.000805935
0.000805932
0.00080593
0.000805927
0.000805924
0.000805922
0.000805919
0.000805917
0.000805915
0.000805913
0.000805912
0.000805912
0.000805913
0.000805914
0.000805916
0.000805918
0.00080592
0.000805923
0.000805925
0.000805926
0.000805928
0.000805928
0.000805929
0.00080593
0.000805931
0.000805933
0.000805935
0.000805937
0.00080594
0.000805943
0.000805945
0.000805948
0.000805949
0.000805951
0.00080595
)
;
    }
    atmosphere
    {
        type            calculated;
        value           uniform 0.004958;
    }
    defaultFaces
    {
        type            empty;
    }
}


// ************************************************************************* //
