/*--------------------------------*- C++ -*----------------------------------*\
  =========                 |
  \\      /  F ield         | OpenFOAM: The Open Source CFD Toolbox
   \\    /   O peration     | Website:  https://openfoam.org
    \\  /    A nd           | Version:  8
     \\/     M anipulation  |
\*---------------------------------------------------------------------------*/
FoamFile
{
    version     2.0;
    format      ascii;
    class       volScalarField;
    location    "14939";
    object      p;
}
// * * * * * * * * * * * * * * * * * * * * * * * * * * * * * * * * * * * * * //

dimensions      [1 -1 -2 0 0 0 0];

internalField   nonuniform List<scalar> 
3000
(
480.537
481.679
482.642
483.358
483.882
484.265
484.543
484.746
484.893
484.999
485.077
485.133
485.176
485.209
485.235
485.257
485.276
485.294
485.311
485.328
485.344
485.361
485.377
485.393
485.409
485.424
485.438
485.451
485.464
485.477
485.489
485.502
485.516
485.532
485.549
485.568
485.592
485.621
485.66
485.711
485.783
485.882
486.022
486.216
486.485
486.858
487.371
488.077
489.025
490.155
460.692
461.877
462.842
463.556
464.079
464.459
464.737
464.939
465.085
465.191
465.268
465.325
465.367
465.4
465.426
465.448
465.468
465.486
465.503
465.519
465.536
465.552
465.568
465.585
465.6
465.615
465.63
465.643
465.656
465.669
465.682
465.695
465.709
465.724
465.741
465.761
465.784
465.813
465.852
465.903
465.974
466.074
466.213
466.406
466.675
467.046
467.557
468.261
469.211
470.385
440.83
442.084
443.052
443.762
444.28
444.658
444.933
445.133
445.279
445.384
445.461
445.517
445.559
445.592
445.618
445.64
445.659
445.677
445.694
445.711
445.727
445.744
445.76
445.776
445.792
445.807
445.822
445.836
445.849
445.861
445.874
445.887
445.901
445.916
445.933
445.953
445.976
446.005
446.044
446.095
446.166
446.264
446.402
446.594
446.861
447.229
447.736
448.436
449.389
450.631
420.973
422.3
423.271
423.974
424.486
424.859
425.131
425.329
425.473
425.577
425.653
425.709
425.751
425.783
425.809
425.831
425.851
425.868
425.885
425.902
425.919
425.935
425.952
425.968
425.984
425.999
426.014
426.028
426.041
426.054
426.066
426.079
426.093
426.108
426.125
426.145
426.168
426.197
426.235
426.286
426.357
426.454
426.591
426.781
427.044
427.408
427.909
428.602
429.557
430.873
401.138
402.531
403.5
404.193
404.697
405.064
405.332
405.527
405.668
405.771
405.846
405.901
405.943
405.975
406.001
406.023
406.042
406.06
406.077
406.093
406.11
406.127
406.143
406.159
406.175
406.191
406.206
406.22
406.233
406.246
406.259
406.272
406.286
406.301
406.318
406.337
406.361
406.389
406.427
406.477
406.547
406.643
406.778
406.965
407.224
407.582
408.075
408.758
409.712
411.094
381.338
382.778
383.74
384.419
384.912
385.272
385.534
385.725
385.865
385.965
386.039
386.094
386.135
386.167
386.192
386.214
386.233
386.251
386.268
386.285
386.301
386.318
386.335
386.351
386.367
386.383
386.398
386.412
386.425
386.438
386.451
386.464
386.478
386.493
386.51
386.529
386.553
386.581
386.619
386.668
386.737
386.832
386.964
387.148
387.402
387.752
388.234
388.904
389.851
391.278
361.585
363.043
363.989
364.652
365.133
365.483
365.739
365.926
366.062
366.16
366.233
366.286
366.327
366.358
366.384
366.405
366.425
366.442
366.459
366.476
366.493
366.509
366.526
366.543
366.559
366.575
366.59
366.604
366.617
366.63
366.643
366.656
366.67
366.685
366.702
366.722
366.745
366.773
366.81
366.859
366.926
367.019
367.149
367.328
367.576
367.918
368.387
369.041
369.972
371.418
341.884
343.328
344.25
344.892
345.357
345.697
345.946
346.127
346.26
346.356
346.427
346.479
346.519
346.55
346.575
346.597
346.616
346.634
346.651
346.667
346.684
346.701
346.718
346.734
346.75
346.766
346.781
346.796
346.809
346.823
346.836
346.849
346.863
346.878
346.895
346.914
346.937
346.965
347.002
347.05
347.116
347.206
347.333
347.507
347.748
348.079
348.534
349.167
350.074
351.505
322.238
323.633
324.52
325.138
325.586
325.914
326.154
326.33
326.458
326.552
326.621
326.672
326.711
326.742
326.767
326.788
326.807
326.825
326.842
326.859
326.876
326.892
326.909
326.926
326.942
326.958
326.973
326.987
327.001
327.015
327.028
327.041
327.055
327.07
327.087
327.107
327.129
327.157
327.193
327.24
327.304
327.393
327.515
327.684
327.917
328.237
328.675
329.284
330.156
331.538
302.644
303.958
304.801
305.39
305.819
306.134
306.365
306.534
306.658
306.748
306.815
306.865
306.904
306.934
306.959
306.98
306.999
307.016
307.034
307.05
307.067
307.084
307.1
307.117
307.133
307.149
307.165
307.179
307.193
307.207
307.22
307.234
307.248
307.263
307.28
307.299
307.322
307.349
307.384
307.43
307.493
307.578
307.696
307.859
308.084
308.39
308.81
309.391
310.219
311.519
283.098
284.302
285.091
285.648
286.056
286.356
286.577
286.739
286.858
286.946
287.01
287.059
287.096
287.126
287.15
287.171
287.19
287.208
287.225
287.242
287.258
287.275
287.292
287.308
287.325
287.341
287.356
287.371
287.385
287.399
287.412
287.426
287.44
287.456
287.473
287.492
287.514
287.541
287.575
287.62
287.68
287.763
287.877
288.033
288.247
288.54
288.939
289.489
290.264
291.454
263.592
264.661
265.389
265.912
266.297
266.581
266.791
266.946
267.059
267.143
267.205
267.252
267.289
267.318
267.342
267.363
267.382
267.399
267.416
267.433
267.45
267.467
267.483
267.5
267.516
267.532
267.547
267.562
267.577
267.59
267.604
267.618
267.633
267.648
267.665
267.684
267.706
267.733
267.766
267.809
267.868
267.947
268.056
268.205
268.409
268.687
269.064
269.579
270.293
271.349
244.115
245.034
245.696
246.181
246.541
246.809
247.007
247.153
247.261
247.341
247.401
247.446
247.482
247.51
247.534
247.554
247.573
247.591
247.608
247.625
247.642
247.658
247.675
247.691
247.707
247.723
247.739
247.754
247.768
247.782
247.796
247.81
247.825
247.841
247.858
247.877
247.898
247.924
247.957
247.999
248.055
248.13
248.234
248.376
248.568
248.83
249.183
249.661
250.31
251.216
224.654
225.417
226.008
226.454
226.789
227.039
227.224
227.362
227.464
227.54
227.597
227.641
227.675
227.703
227.726
227.746
227.765
227.783
227.8
227.817
227.833
227.85
227.866
227.883
227.899
227.915
227.93
227.945
227.959
227.973
227.988
228.002
228.017
228.033
228.05
228.069
228.09
228.116
228.147
228.187
228.241
228.313
228.411
228.544
228.725
228.97
229.298
229.738
230.318
231.066
205.198
205.806
206.327
206.731
207.04
207.271
207.444
207.572
207.668
207.74
207.794
207.835
207.869
207.896
207.919
207.939
207.958
207.975
207.993
208.009
208.026
208.042
208.058
208.075
208.09
208.106
208.121
208.135
208.15
208.164
208.179
208.193
208.209
208.225
208.242
208.261
208.282
208.307
208.337
208.376
208.426
208.494
208.587
208.711
208.88
209.107
209.41
209.809
210.32
210.912
185.734
186.198
186.649
187.013
187.294
187.506
187.665
187.784
187.873
187.94
187.992
188.031
188.063
188.09
188.112
188.133
188.151
188.169
188.186
188.203
188.219
188.235
188.251
188.267
188.282
188.297
188.311
188.326
188.34
188.354
188.369
188.384
188.399
188.416
188.433
188.452
188.473
188.497
188.526
188.563
188.611
188.675
188.761
188.876
189.032
189.241
189.518
189.877
190.319
190.767
166.251
166.591
166.976
167.298
167.551
167.743
167.888
167.997
168.08
168.142
168.19
168.228
168.259
168.284
168.307
168.327
168.345
168.363
168.38
168.397
168.413
168.429
168.444
168.459
168.473
168.488
168.502
168.515
168.529
168.544
168.558
168.574
168.589
168.606
168.624
168.642
168.663
168.686
168.714
168.749
168.794
168.853
168.933
169.039
169.182
169.372
169.622
169.941
170.318
170.64
146.745
146.982
147.305
147.587
147.811
147.982
148.113
148.211
148.286
148.344
148.388
148.424
148.453
148.478
148.5
148.52
148.538
148.556
148.573
148.59
148.606
148.621
148.636
148.651
148.665
148.679
148.692
148.706
148.719
148.734
148.748
148.764
148.78
148.797
148.815
148.834
148.854
148.877
148.903
148.936
148.978
149.032
149.105
149.201
149.33
149.5
149.723
150.002
150.318
150.537
127.216
127.371
127.636
127.878
128.073
128.223
128.339
128.426
128.493
128.545
128.586
128.619
128.647
128.671
128.692
128.712
128.73
128.748
128.765
128.781
128.797
128.813
128.828
128.843
128.857
128.87
128.883
128.897
128.91
128.925
128.94
128.956
128.972
128.99
129.008
129.027
129.046
129.068
129.093
129.124
129.162
129.211
129.276
129.362
129.476
129.626
129.82
130.059
130.321
130.46
107.663
107.755
107.968
108.171
108.336
108.466
108.565
108.641
108.7
108.746
108.784
108.814
108.841
108.863
108.884
108.903
108.921
108.939
108.956
108.973
108.989
109.004
109.02
109.034
109.048
109.062
109.075
109.088
109.102
109.116
109.131
109.148
109.165
109.183
109.201
109.22
109.239
109.26
109.283
109.311
109.346
109.39
109.447
109.522
109.621
109.75
109.915
110.116
110.328
110.406
88.0881
88.1341
88.3007
88.4649
88.6014
88.7091
88.7925
88.8569
88.9075
88.9482
88.9816
89.0097
89.0342
89.0561
89.0761
89.0949
89.1129
89.1303
89.1473
89.164
89.1802
89.196
89.2112
89.2257
89.2396
89.253
89.2661
89.2793
89.2932
89.3076
89.323
89.3396
89.3571
89.3753
89.3938
89.4125
89.4315
89.4515
89.4735
89.4989
89.5298
89.5683
89.6178
89.6816
89.7647
89.8722
90.0097
90.1733
90.3412
90.3737
68.4929
68.508
68.6327
68.7601
68.8676
68.9533
69.0205
69.0732
69.1154
69.1502
69.1797
69.2053
69.2281
69.2489
69.2683
69.2867
69.3045
69.3219
69.3389
69.3556
69.3719
69.3877
69.4029
69.4174
69.4312
69.4444
69.4573
69.4704
69.4844
69.4988
69.5144
69.5312
69.5493
69.5679
69.5867
69.6054
69.624
69.643
69.6633
69.6862
69.7132
69.7462
69.7876
69.8402
69.9077
69.9938
70.103
70.231
70.3597
70.3626
48.878
48.8771
48.9645
49.056
49.1347
49.1984
49.2491
49.2899
49.3236
49.3526
49.3781
49.4011
49.4222
49.4419
49.4607
49.4788
49.4964
49.5137
49.5308
49.5475
49.5639
49.5797
49.5949
49.6092
49.6228
49.6358
49.6484
49.6612
49.6747
49.6896
49.7054
49.7225
49.7411
49.7602
49.7794
49.7982
49.8164
49.8344
49.853
49.8731
49.8963
49.9236
49.957
49.9981
50.0498
50.1145
50.1958
50.2894
50.3839
50.3724
29.2446
29.2433
29.2961
29.3522
29.4017
29.4433
29.4788
29.5065
29.5314
29.5544
29.5758
29.5961
29.6154
29.6341
29.6521
29.6698
29.6872
29.7045
29.7215
29.7383
29.7548
29.7707
29.786
29.8005
29.8142
29.8273
29.8401
29.8528
29.8658
29.88
29.8967
29.9145
29.9337
29.9533
29.9728
29.9914
30.009
30.0261
30.0431
30.0609
30.0804
30.1022
30.1275
30.1571
30.1926
30.2354
30.2879
30.3473
30.4117
30.4009
9.59378
9.60832
9.62692
9.64595
9.66475
9.68303
9.70082
9.71864
9.73515
9.75204
9.76922
9.78653
9.80385
9.82112
9.83832
9.85546
9.87257
9.88965
9.90669
9.92363
9.9404
9.95693
9.97315
9.98899
10.0045
10.0197
10.0347
10.0496
10.0648
10.0803
10.0959
10.114
10.1327
10.1513
10.1696
10.1872
10.2043
10.2209
10.2374
10.2539
10.2704
10.2872
10.3044
10.3221
10.3404
10.3594
10.3797
10.4008
10.4266
10.4378
-0.312128
-0.296928
-0.280672
-0.263996
-0.247141
-0.230194
-0.213199
-0.196183
-0.179171
-0.162157
-0.145137
-0.128124
-0.111116
-0.0941105
-0.0771038
-0.0600968
-0.0430866
-0.0260718
-0.00905383
0.00796566
0.0249848
0.0420019
0.0590152
0.076024
0.09303
0.110033
0.127032
0.144029
0.161025
0.178021
0.19502
0.212022
0.229026
0.246034
0.263045
0.280057
0.297071
0.314087
0.331105
0.348126
0.365148
0.382174
0.3992
0.41622
0.433221
0.450175
0.467032
0.483682
0.499821
0.514906
-0.324771
-0.309543
-0.293296
-0.276635
-0.259793
-0.242858
-0.225873
-0.208866
-0.191854
-0.174841
-0.157828
-0.140819
-0.123815
-0.106812
-0.089808
-0.072799
-0.0557858
-0.0387694
-0.0217496
-0.00472823
0.0122922
0.0293098
0.0463233
0.0633325
0.0803357
0.0973359
0.114334
0.13133
0.148325
0.165321
0.18232
0.199321
0.216327
0.233336
0.250348
0.267361
0.284375
0.30139
0.318404
0.335421
0.352441
0.369463
0.386483
0.403495
0.420485
0.437424
0.454264
0.470892
0.487051
0.502186
-0.337536
-0.322185
-0.305928
-0.289282
-0.272454
-0.255529
-0.238552
-0.221552
-0.204545
-0.187535
-0.170523
-0.153514
-0.136509
-0.119505
-0.102499
-0.0854918
-0.0684815
-0.0514665
-0.0344484
-0.0174289
-0.000409807
0.016607
0.0336201
0.0506286
0.0676344
0.0846371
0.101636
0.118633
0.135629
0.152626
0.169625
0.186627
0.203632
0.22064
0.237651
0.254662
0.271676
0.288691
0.305706
0.322722
0.33974
0.356758
0.373773
0.390778
0.407759
0.424686
0.441511
0.458128
0.474308
0.489576
-0.350425
-0.334869
-0.318582
-0.301937
-0.285116
-0.268201
-0.251233
-0.234239
-0.217235
-0.200227
-0.183218
-0.166211
-0.149208
-0.132205
-0.115201
-0.0981913
-0.0811784
-0.0641629
-0.0471443
-0.0301244
-0.0131052
0.00391141
0.0209244
0.0379329
0.0549372
0.0719382
0.0889371
0.105934
0.12293
0.139927
0.156927
0.173929
0.190935
0.207943
0.224954
0.241967
0.25898
0.275994
0.293007
0.310022
0.327038
0.344053
0.361065
0.378063
0.395035
0.411952
0.428767
0.44538
0.461604
0.477114
-0.363397
-0.347583
-0.331248
-0.3146
-0.297786
-0.280877
-0.263916
-0.246927
-0.229927
-0.212921
-0.195913
-0.178907
-0.161902
-0.144898
-0.127891
-0.110885
-0.0938743
-0.0768598
-0.0598427
-0.0428244
-0.0258065
-0.00879065
0.00822186
0.0252306
0.0422364
0.0592391
0.0762388
0.0932367
0.110234
0.127232
0.144232
0.161234
0.17824
0.195248
0.212258
0.229269
0.246282
0.263295
0.280309
0.297323
0.314337
0.331349
0.348357
0.365349
0.382314
0.399223
0.416031
0.432651
0.448932
0.464708
-0.376363
-0.360318
-0.343926
-0.327269
-0.310457
-0.293554
-0.276598
-0.259615
-0.242618
-0.225615
-0.208609
-0.191604
-0.1746
-0.157596
-0.140591
-0.123582
-0.10657
-0.0895557
-0.0725388
-0.0555209
-0.0385035
-0.0214882
-0.00447599
0.0125326
0.0295374
0.0465397
0.0635397
0.080538
0.0975357
0.114534
0.131535
0.148538
0.165543
0.182551
0.199561
0.216573
0.233586
0.250598
0.267611
0.284623
0.301636
0.318646
0.335649
0.352637
0.369596
0.386498
0.403303
0.419934
0.436281
0.452299
-0.389309
-0.37307
-0.356615
-0.339944
-0.323133
-0.306234
-0.289283
-0.272304
-0.25531
-0.238309
-0.221304
-0.204299
-0.187295
-0.17029
-0.153284
-0.136277
-0.119267
-0.102253
-0.085237
-0.06822
-0.0512035
-0.0341887
-0.0171768
-0.000168211
0.0168379
0.0338408
0.0508414
0.0678405
0.084839
0.101838
0.118839
0.135842
0.152847
0.169855
0.186865
0.203876
0.220888
0.2379
0.254912
0.271924
0.288935
0.305942
0.322942
0.339926
0.356879
0.373777
0.390582
0.407229
0.423644
0.439862
-0.402217
-0.385822
-0.369312
-0.352625
-0.335811
-0.318915
-0.301968
-0.284993
-0.268002
-0.251003
-0.234
-0.216996
-0.199992
-0.182988
-0.165982
-0.148973
-0.131963
-0.114949
-0.0979336
-0.0809172
-0.0639013
-0.0468871
-0.0298755
-0.0128668
0.00413853
0.0211416
0.0381426
0.0551421
0.0721412
0.0891409
0.106142
0.123145
0.140151
0.157159
0.174169
0.191179
0.208191
0.225202
0.242214
0.259225
0.276234
0.293239
0.310236
0.327216
0.344165
0.36106
0.377867
0.394533
0.411011
0.427391
-0.415102
-0.398583
-0.382017
-0.365312
-0.348494
-0.331599
-0.314655
-0.297683
-0.280694
-0.263697
-0.246695
-0.229691
-0.212688
-0.195683
-0.178677
-0.16167
-0.144659
-0.127646
-0.110631
-0.0936158
-0.0766004
-0.0595866
-0.0425752
-0.0255668
-0.00856059
0.00844288
0.0254443
0.0424444
0.0594441
0.0764442
0.0934458
0.110449
0.127455
0.144463
0.161472
0.178482
0.195493
0.212505
0.229516
0.246525
0.263534
0.280537
0.297531
0.314507
0.331453
0.348347
0.365158
0.381845
0.398383
0.414891
-0.427962
-0.411345
-0.394728
-0.378003
-0.361179
-0.344284
-0.327343
-0.310373
-0.293387
-0.276391
-0.259391
-0.242388
-0.225384
-0.20838
-0.191374
-0.174366
-0.157355
-0.140343
-0.123328
-0.106313
-0.0892986
-0.0722853
-0.0552742
-0.0382656
-0.0212598
-0.00425607
0.0127458
0.0297464
0.0467466
0.0637473
0.0807492
0.097753
0.114759
0.131766
0.148776
0.165786
0.182797
0.199807
0.216817
0.233826
0.250833
0.267834
0.284826
0.3018
0.318743
0.335636
0.352454
0.369163
0.385757
0.402366
-0.440802
-0.424106
-0.407443
-0.390698
-0.373867
-0.356972
-0.340032
-0.323065
-0.30608
-0.289086
-0.272086
-0.255084
-0.23808
-0.221076
-0.20407
-0.187062
-0.170052
-0.15304
-0.136026
-0.119012
-0.101997
-0.0849843
-0.0679734
-0.0509649
-0.0339587
-0.0169547
4.75411e-05
0.0170486
0.0340493
0.0510504
0.0680527
0.0850566
0.102062
0.11907
0.136079
0.153089
0.170099
0.18711
0.204119
0.221127
0.238133
0.255133
0.272122
0.289093
0.306035
0.322929
0.339754
0.356485
0.373129
0.389819
-0.453625
-0.436866
-0.420161
-0.403396
-0.386558
-0.369661
-0.352722
-0.335756
-0.318773
-0.30178
-0.284782
-0.26778
-0.250777
-0.233773
-0.216767
-0.199759
-0.182749
-0.165737
-0.148723
-0.131709
-0.114696
-0.097683
-0.0806723
-0.0636639
-0.0466577
-0.0296534
-0.0126508
0.00435073
0.0213519
0.0383534
0.055356
0.0723602
0.089366
0.106374
0.123382
0.140392
0.157402
0.174412
0.191421
0.208428
0.225433
0.242431
0.259419
0.276388
0.293329
0.310225
0.327057
0.34381
0.3605
0.377254
-0.466432
-0.449624
-0.432881
-0.416097
-0.399251
-0.382352
-0.365413
-0.348449
-0.331467
-0.314475
-0.297477
-0.280476
-0.263473
-0.246469
-0.229463
-0.212455
-0.195446
-0.178434
-0.161421
-0.144407
-0.127394
-0.110382
-0.0933712
-0.0763628
-0.0593564
-0.0423519
-0.025349
-0.00834709
0.00865454
0.0256564
0.0426594
0.0596637
0.0766696
0.0936771
0.110686
0.127695
0.144705
0.161714
0.178723
0.19573
0.212733
0.22973
0.246716
0.263684
0.280625
0.297522
0.314364
0.331138
0.347868
0.364673
-0.479228
-0.46238
-0.445603
-0.428801
-0.411946
-0.395044
-0.378105
-0.361141
-0.344161
-0.32717
-0.310173
-0.293173
-0.27617
-0.259166
-0.24216
-0.225152
-0.208142
-0.191131
-0.174118
-0.157105
-0.140092
-0.12308
-0.10607
-0.0890616
-0.0720551
-0.0550504
-0.0380472
-0.0210449
-0.00404283
0.0129594
0.0299627
0.0469672
0.0639732
0.0809806
0.0979891
0.114998
0.132008
0.149017
0.166025
0.183031
0.200033
0.217029
0.234014
0.250981
0.267922
0.284822
0.301673
0.318467
0.335233
0.352079
-0.492011
-0.475132
-0.458326
-0.441506
-0.424643
-0.407737
-0.390798
-0.373835
-0.356855
-0.339865
-0.322869
-0.305869
-0.288866
-0.271862
-0.254856
-0.237849
-0.220839
-0.203828
-0.186816
-0.169803
-0.15279
-0.135779
-0.118769
-0.10176
-0.0847538
-0.0677489
-0.0507453
-0.0337426
-0.0167402
0.000262375
0.0172659
0.0342706
0.0512767
0.068284
0.0852924
0.102301
0.119311
0.136319
0.153327
0.170332
0.187334
0.204328
0.221312
0.238278
0.25522
0.272124
0.288984
0.305797
0.322594
0.339473
-0.504786
-0.487881
-0.47105
-0.454213
-0.437341
-0.420432
-0.403492
-0.386529
-0.36955
-0.352561
-0.335565
-0.318565
-0.301563
-0.284559
-0.267553
-0.250545
-0.233536
-0.216525
-0.199513
-0.182501
-0.165489
-0.148477
-0.131467
-0.114459
-0.0974523
-0.0804472
-0.0634434
-0.0464404
-0.0294376
-0.0124347
0.00456912
0.021574
0.0385801
0.0555874
0.0725957
0.0896045
0.106613
0.123622
0.140629
0.157634
0.174634
0.191628
0.208611
0.225577
0.242519
0.259428
0.276297
0.293127
0.309952
0.326857
-0.517552
-0.500627
-0.483773
-0.466921
-0.45004
-0.433128
-0.416186
-0.399223
-0.382244
-0.365256
-0.348261
-0.331261
-0.314259
-0.297255
-0.28025
-0.263242
-0.246233
-0.229222
-0.212211
-0.195199
-0.178187
-0.161176
-0.144166
-0.127158
-0.110151
-0.0931455
-0.0761414
-0.0591381
-0.042135
-0.0251317
-0.00812772
0.0088773
0.0258835
0.0428907
0.0598989
0.0769075
0.0939161
0.110924
0.127931
0.144935
0.161935
0.178928
0.19591
0.212876
0.22982
0.246732
0.26361
0.280457
0.297305
0.314231
-0.530311
-0.513369
-0.496496
-0.47963
-0.462741
-0.445824
-0.428881
-0.411918
-0.394939
-0.377951
-0.360957
-0.343958
-0.326956
-0.309952
-0.292946
-0.275939
-0.25893
-0.24192
-0.224908
-0.207897
-0.190885
-0.173874
-0.156864
-0.139856
-0.122849
-0.105844
-0.0888394
-0.0718358
-0.0548324
-0.0378288
-0.0208246
-0.00381943
0.0131868
0.030194
0.0472021
0.0642105
0.0812188
0.0982265
0.115233
0.132236
0.149236
0.166228
0.18321
0.200176
0.217121
0.234038
0.250925
0.267787
0.284656
0.301599
-0.543064
-0.526109
-0.509219
-0.492339
-0.475442
-0.458521
-0.441576
-0.424613
-0.407635
-0.390647
-0.373653
-0.356654
-0.339652
-0.322649
-0.305643
-0.288636
-0.271627
-0.254617
-0.237606
-0.220594
-0.203583
-0.186572
-0.169563
-0.152554
-0.135548
-0.118542
-0.101537
-0.0845335
-0.0675298
-0.050526
-0.0335215
-0.0165162
0.000490086
0.0174973
0.0345052
0.0515134
0.0685215
0.0855289
0.102535
0.119538
0.136537
0.153528
0.17051
0.187477
0.204424
0.221345
0.23824
0.255116
0.272003
0.288959
-0.555812
-0.538845
-0.52194
-0.505049
-0.488144
-0.471219
-0.454272
-0.437308
-0.42033
-0.403343
-0.386349
-0.36935
-0.352349
-0.335345
-0.31834
-0.301332
-0.284324
-0.267314
-0.250303
-0.233292
-0.216281
-0.199271
-0.182261
-0.165253
-0.148246
-0.13124
-0.114235
-0.0972311
-0.0802272
-0.0632231
-0.0462184
-0.029213
-0.0122067
0.00480045
0.0218082
0.0388163
0.0558241
0.0728312
0.0898366
0.106839
0.123838
0.140829
0.157811
0.174778
0.191727
0.208652
0.225555
0.242444
0.259346
0.276314
-0.568554
-0.551579
-0.534661
-0.517759
-0.500847
-0.483918
-0.466969
-0.450004
-0.433026
-0.416038
-0.399045
-0.382046
-0.365045
-0.348042
-0.331036
-0.314029
-0.297021
-0.280011
-0.263001
-0.24599
-0.228979
-0.211969
-0.194959
-0.177951
-0.160944
-0.143938
-0.126933
-0.109929
-0.0929246
-0.0759203
-0.0589154
-0.0419099
-0.0249035
-0.00789643
0.00911124
0.0261191
0.0431267
0.0601334
0.0771385
0.0941407
0.111139
0.12813
0.145111
0.162079
0.17903
0.19596
0.212871
0.229771
0.246687
0.263664
-0.581292
-0.56431
-0.547381
-0.530469
-0.51355
-0.496617
-0.479666
-0.4627
-0.445721
-0.428734
-0.411741
-0.394743
-0.377742
-0.360738
-0.343733
-0.326726
-0.309718
-0.292708
-0.275698
-0.258688
-0.241677
-0.224667
-0.207658
-0.190649
-0.173642
-0.156636
-0.139631
-0.122626
-0.105622
-0.0886175
-0.0716124
-0.0546068
-0.0376004
-0.0205934
-0.00358581
0.0134219
0.0304292
0.0474357
0.0644404
0.0814422
0.0984397
0.115431
0.132412
0.149381
0.166334
0.183268
0.200186
0.217097
0.234024
0.251008
-0.594026
-0.577038
-0.5601
-0.543179
-0.526254
-0.509316
-0.492363
-0.475396
-0.458417
-0.44143
-0.424437
-0.407439
-0.390438
-0.373435
-0.35643
-0.339423
-0.322415
-0.305406
-0.288396
-0.271385
-0.254375
-0.237365
-0.220356
-0.203348
-0.18634
-0.169334
-0.152329
-0.135324
-0.118319
-0.101315
-0.0843095
-0.0673038
-0.0502973
-0.0332903
-0.0162829
0.00072457
0.0177317
0.0347378
0.0517422
0.0687437
0.0857409
0.102732
0.119714
0.136683
0.153639
0.170577
0.187501
0.204421
0.221359
0.238349
-0.606757
-0.589764
-0.572817
-0.555888
-0.538957
-0.522016
-0.50506
-0.488092
-0.471113
-0.454126
-0.437133
-0.420135
-0.403135
-0.386131
-0.369126
-0.35212
-0.335112
-0.318103
-0.301093
-0.284083
-0.267073
-0.250063
-0.233054
-0.216046
-0.199039
-0.182032
-0.165027
-0.148022
-0.131017
-0.114012
-0.0970066
-0.0800008
-0.0629943
-0.0459874
-0.0289801
-0.0119728
0.00503405
0.0220399
0.0390439
0.0560451
0.073042
0.0900326
0.107015
0.123986
0.140943
0.157885
0.174816
0.191745
0.208691
0.225686
-0.619485
-0.602488
-0.585534
-0.568598
-0.551661
-0.534716
-0.517758
-0.500789
-0.483809
-0.466822
-0.449829
-0.432831
-0.415831
-0.398828
-0.381823
-0.364817
-0.347809
-0.3308
-0.313791
-0.296781
-0.279771
-0.262761
-0.245752
-0.228744
-0.211737
-0.19473
-0.177724
-0.160719
-0.143714
-0.126709
-0.109704
-0.0926978
-0.0756914
-0.0586845
-0.0416774
-0.0246702
-0.00766365
0.00934194
0.0263456
0.0433465
0.0603432
0.0773337
0.0943164
0.111288
0.128248
0.145194
0.162131
0.179067
0.196021
0.213019
-0.673565
-0.656556
-0.639575
-0.622611
-0.605652
-0.588691
-0.571724
-0.55475
-0.537768
-0.52078
-0.503787
-0.48679
-0.469791
-0.452788
-0.435784
-0.418778
-0.401771
-0.384763
-0.367755
-0.350745
-0.333736
-0.316727
-0.299719
-0.282711
-0.265703
-0.248696
-0.23169
-0.214684
-0.197678
-0.180673
-0.163667
-0.14666
-0.129654
-0.112647
-0.0956408
-0.0786344
-0.0616289
-0.0446244
-0.027622
-0.0106222
0.00637358
0.0233643
0.0403487
0.0573254
0.0742946
0.0912566
0.108217
0.125181
0.142163
0.159175
-0.768917
-0.751902
-0.734903
-0.717916
-0.700935
-0.683955
-0.666974
-0.64999
-0.633002
-0.616011
-0.599016
-0.582019
-0.565019
-0.548016
-0.531013
-0.514007
-0.497001
-0.479994
-0.462986
-0.445978
-0.428969
-0.411961
-0.394952
-0.377944
-0.360937
-0.343929
-0.326922
-0.309916
-0.292909
-0.275902
-0.258896
-0.241889
-0.224883
-0.207876
-0.19087
-0.173864
-0.156859
-0.139856
-0.122854
-0.105854
-0.0888566
-0.0718629
-0.0548731
-0.0378871
-0.0209042
-0.00392314
0.0130596
0.0300481
0.0470483
0.0640648
-0.864226
-0.847211
-0.830204
-0.813205
-0.796211
-0.779219
-0.762228
-0.745237
-0.728243
-0.711248
-0.694251
-0.677251
-0.66025
-0.643248
-0.626244
-0.609238
-0.592232
-0.575225
-0.558218
-0.54121
-0.524202
-0.507194
-0.490185
-0.473177
-0.456169
-0.439162
-0.422154
-0.405147
-0.38814
-0.371132
-0.354125
-0.337118
-0.320112
-0.303105
-0.286099
-0.269093
-0.252088
-0.235084
-0.218081
-0.20108
-0.184081
-0.167083
-0.150088
-0.133095
-0.116102
-0.0991091
-0.0821138
-0.0651136
-0.048106
-0.0310891
-0.959512
-0.942496
-0.925487
-0.908482
-0.89148
-0.874481
-0.857484
-0.840486
-0.823488
-0.806489
-0.789489
-0.772488
-0.755485
-0.738482
-0.721477
-0.704471
-0.687465
-0.670458
-0.653451
-0.636443
-0.619434
-0.602426
-0.585418
-0.56841
-0.551401
-0.534393
-0.517385
-0.500378
-0.48337
-0.466362
-0.449355
-0.432347
-0.41534
-0.398333
-0.381327
-0.36432
-0.347315
-0.33031
-0.313306
-0.296303
-0.279302
-0.262301
-0.245301
-0.228302
-0.211303
-0.194303
-0.1773
-0.160294
-0.143284
-0.126268
-1.05478
-1.03777
-1.02076
-1.00375
-0.986744
-0.96974
-0.952738
-0.935736
-0.918734
-0.901732
-0.88473
-0.867726
-0.850722
-0.833717
-0.816712
-0.799706
-0.782699
-0.765692
-0.748684
-0.731676
-0.714667
-0.697659
-0.68065
-0.663642
-0.646633
-0.629625
-0.612616
-0.595608
-0.5786
-0.561592
-0.544584
-0.527576
-0.510568
-0.49356
-0.476553
-0.459546
-0.44254
-0.425534
-0.408529
-0.391524
-0.374521
-0.357517
-0.340514
-0.323511
-0.306508
-0.289503
-0.272497
-0.255488
-0.238476
-0.221461
-1.15005
-1.13303
-1.11602
-1.09901
-1.082
-1.065
-1.04799
-1.03099
-1.01398
-0.996976
-0.979972
-0.962967
-0.945961
-0.928955
-0.911948
-0.894941
-0.877934
-0.860926
-0.843918
-0.826909
-0.8099
-0.792892
-0.775883
-0.758874
-0.741865
-0.724856
-0.707847
-0.690838
-0.673829
-0.656821
-0.639812
-0.622804
-0.605796
-0.588787
-0.57178
-0.554772
-0.537765
-0.520758
-0.503751
-0.486745
-0.469739
-0.452733
-0.435728
-0.418722
-0.401716
-0.384709
-0.3677
-0.35069
-0.333678
-0.316663
-1.2453
-1.22829
-1.21128
-1.19427
-1.17726
-1.16025
-1.14324
-1.12623
-1.10923
-1.09222
-1.07521
-1.05821
-1.0412
-1.02419
-1.00719
-0.990178
-0.973169
-0.956161
-0.939152
-0.922143
-0.905134
-0.888125
-0.871115
-0.854106
-0.837096
-0.820087
-0.803078
-0.786068
-0.769059
-0.75205
-0.735041
-0.718031
-0.701023
-0.684014
-0.667005
-0.649997
-0.632988
-0.61598
-0.598973
-0.581965
-0.564958
-0.54795
-0.530943
-0.513935
-0.496927
-0.479918
-0.462908
-0.445897
-0.428885
-0.411871
-1.34056
-1.32354
-1.30653
-1.28952
-1.27251
-1.2555
-1.23849
-1.22148
-1.20447
-1.18747
-1.17046
-1.15345
-1.13644
-1.11943
-1.10242
-1.08541
-1.06841
-1.0514
-1.03439
-1.01738
-1.00037
-0.983358
-0.966348
-0.949338
-0.932328
-0.915318
-0.898308
-0.881298
-0.864288
-0.847278
-0.830269
-0.813259
-0.796249
-0.77924
-0.76223
-0.745221
-0.728212
-0.711203
-0.694194
-0.677185
-0.660176
-0.643168
-0.626159
-0.60915
-0.59214
-0.57513
-0.55812
-0.541109
-0.524097
-0.507084
-1.43581
-1.41879
-1.40178
-1.38477
-1.36776
-1.35075
-1.33374
-1.31673
-1.29972
-1.28271
-1.2657
-1.24869
-1.23168
-1.21467
-1.19766
-1.18065
-1.16364
-1.14663
-1.12962
-1.11261
-1.0956
-1.07859
-1.06158
-1.04457
-1.02756
-1.01055
-0.993538
-0.976528
-0.959517
-0.942507
-0.925496
-0.908486
-0.891476
-0.874465
-0.857455
-0.840445
-0.823435
-0.806425
-0.789415
-0.772405
-0.755395
-0.738385
-0.721376
-0.704365
-0.687355
-0.670345
-0.653334
-0.636322
-0.61931
-0.602298
-1.53105
-1.51404
-1.49703
-1.48002
-1.46301
-1.446
-1.42899
-1.41198
-1.39497
-1.37795
-1.36094
-1.34393
-1.32692
-1.30991
-1.2929
-1.27589
-1.25888
-1.24187
-1.22486
-1.20785
-1.19083
-1.17382
-1.15681
-1.1398
-1.12279
-1.10578
-1.08877
-1.07176
-1.05475
-1.03774
-1.02072
-1.00371
-0.986702
-0.969691
-0.95268
-0.935669
-0.918658
-0.901647
-0.884636
-0.867626
-0.850615
-0.833604
-0.816593
-0.799582
-0.782571
-0.76556
-0.748549
-0.731537
-0.714526
-0.697514
)
;

boundaryField
{
    inlet_water
    {
        type            calculated;
        value           nonuniform List<scalar> 
25
(
480.707
460.862
441.001
421.143
401.306
381.504
361.747
342.042
322.389
302.788
283.233
263.716
244.228
224.756
205.288
185.811
166.316
146.799
127.258
107.695
88.1107
68.5061
48.8821
29.2398
9.58102
)
;
    }
    inlet_air
    {
        type            calculated;
        value           nonuniform List<scalar> 
35
(
-0.325318
-0.33341
-0.346174
-0.35905
-0.372018
-0.384977
-0.397929
-0.410818
-0.423697
-0.43655
-0.449383
-0.462199
-0.475001
-0.487791
-0.500569
-0.513339
-0.526101
-0.538856
-0.551606
-0.56435
-0.57709
-0.589825
-0.602557
-0.615286
-0.628012
-0.682086
-0.777431
-0.872738
-0.968022
-1.06329
-1.15855
-1.25381
-1.34906
-1.44431
-1.53956
)
;
    }
    outlet_water
    {
        type            calculated;
        value           nonuniform List<scalar> 
25
(
489.98
470.209
450.455
430.697
410.919
391.106
371.249
351.341
331.381
311.37
291.313
271.218
251.095
230.957
210.815
190.681
170.567
150.476
130.41
110.367
90.345
70.3439
50.3633
30.401
10.4496
)
;
    }
    outlet_air
    {
        type            calculated;
        value           nonuniform List<scalar> 
35
(
0.52696
0.510821
0.49821
0.485746
0.473337
0.460923
0.448488
0.436
0.423493
0.41096
0.398407
0.385835
0.373247
0.360647
0.348035
0.335414
0.322784
0.310148
0.297504
0.284856
0.272202
0.259544
0.246882
0.234217
0.221549
0.167697
0.0725804
-0.0225771
-0.117758
-0.212952
-0.308155
-0.403364
-0.498577
-0.593792
-0.689008
)
;
    }
    lowerWall
    {
        type            calculated;
        value           nonuniform List<scalar> 
50
(
490.441
491.583
492.546
493.262
493.786
494.169
494.448
494.65
494.797
494.903
494.981
495.037
495.08
495.113
495.139
495.161
495.18
495.198
495.215
495.232
495.248
495.265
495.281
495.297
495.313
495.328
495.342
495.355
495.368
495.381
495.393
495.406
495.42
495.436
495.453
495.472
495.496
495.525
495.564
495.615
495.687
495.786
495.926
496.12
496.389
496.762
497.275
497.981
498.929
500.059
)
;
    }
    atmosphere
    {
        type            calculated;
        value           nonuniform List<scalar> 
50
(
-1.57868
-1.56167
-1.54466
-1.52764
-1.51063
-1.49362
-1.47661
-1.4596
-1.44259
-1.42558
-1.40857
-1.39155
-1.37454
-1.35753
-1.34052
-1.32351
-1.3065
-1.28949
-1.27247
-1.25546
-1.23845
-1.22144
-1.20443
-1.18742
-1.17041
-1.15339
-1.13638
-1.11937
-1.10236
-1.08535
-1.06834
-1.05133
-1.03432
-1.0173
-1.00029
-0.983281
-0.96627
-0.949259
-0.932247
-0.915236
-0.898224
-0.881213
-0.864202
-0.84719
-0.830179
-0.813168
-0.796156
-0.779145
-0.762133
-0.745122
)
;
    }
    defaultFaces
    {
        type            empty;
    }
}


// ************************************************************************* //
