/*--------------------------------*- C++ -*----------------------------------*\
  =========                 |
  \\      /  F ield         | OpenFOAM: The Open Source CFD Toolbox
   \\    /   O peration     | Website:  https://openfoam.org
    \\  /    A nd           | Version:  8
     \\/     M anipulation  |
\*---------------------------------------------------------------------------*/
FoamFile
{
    version     2.0;
    format      ascii;
    class       volScalarField;
    location    "14939";
    object      p_rgh;
}
// * * * * * * * * * * * * * * * * * * * * * * * * * * * * * * * * * * * * * //

dimensions      [1 -1 -2 0 0 0 0];

internalField   nonuniform List<scalar> 
3000
(
477.173
451.776
426.202
400.38
374.366
348.211
321.952
295.617
269.226
242.795
216.334
189.853
163.358
136.853
110.342
83.8262
57.3079
30.7879
4.26715
-22.254
-48.7753
-75.2966
-101.818
-128.34
-154.862
-181.385
-207.908
-234.432
-260.957
-287.482
-314.007
-340.532
-367.056
-393.578
-420.099
-446.617
-473.131
-499.639
-526.139
-552.625
-579.091
-605.53
-631.928
-658.272
-684.54
-710.705
-736.729
-762.561
-788.151
-813.559
477.136
451.783
426.21
400.386
374.371
348.214
321.954
295.618
269.227
242.795
216.334
189.853
163.358
136.853
110.341
83.8257
57.3074
30.7874
4.26662
-22.2545
-48.7758
-75.2971
-101.818
-128.34
-154.862
-181.385
-207.908
-234.432
-260.957
-287.482
-314.007
-340.532
-367.056
-393.578
-420.099
-446.617
-473.131
-499.639
-526.139
-552.625
-579.092
-605.53
-631.929
-658.273
-684.542
-710.709
-736.736
-762.569
-788.157
-813.521
477.082
451.797
426.228
400.4
374.38
348.22
321.958
295.621
269.228
242.796
216.335
189.853
163.358
136.852
110.341
83.8252
57.3068
30.7868
4.26611
-22.255
-48.7763
-75.2975
-101.819
-128.34
-154.862
-181.385
-207.908
-234.432
-260.957
-287.482
-314.007
-340.531
-367.055
-393.578
-420.098
-446.617
-473.131
-499.639
-526.139
-552.625
-579.092
-605.532
-631.931
-658.277
-684.548
-710.718
-736.748
-762.586
-788.171
-813.467
477.032
451.822
426.255
400.42
374.394
348.23
321.964
295.625
269.231
242.797
216.335
189.853
163.357
136.852
110.341
83.8247
57.3063
30.7863
4.26556
-22.2556
-48.7767
-75.298
-101.819
-128.341
-154.862
-181.385
-207.908
-234.432
-260.956
-287.481
-314.006
-340.531
-367.055
-393.577
-420.098
-446.616
-473.131
-499.639
-526.139
-552.626
-579.093
-605.534
-631.935
-658.282
-684.557
-710.731
-736.768
-762.612
-788.195
-813.416
477.005
451.861
426.292
400.448
374.413
348.243
321.973
295.63
269.234
242.799
216.336
189.853
163.357
136.852
110.34
83.8241
57.3057
30.7857
4.265
-22.2561
-48.7772
-75.2984
-101.82
-128.341
-154.863
-181.385
-207.908
-234.432
-260.956
-287.481
-314.006
-340.531
-367.054
-393.577
-420.098
-446.616
-473.13
-499.639
-526.139
-552.627
-579.095
-605.536
-631.939
-658.29
-684.568
-710.748
-736.794
-762.648
-788.232
-813.388
477.014
451.915
426.34
400.482
374.437
348.259
321.983
295.637
269.238
242.801
216.337
189.854
163.357
136.851
110.34
83.8236
57.3051
30.7851
4.26441
-22.2567
-48.7778
-75.2989
-101.82
-128.341
-154.863
-181.385
-207.908
-234.431
-260.956
-287.481
-314.005
-340.53
-367.054
-393.577
-420.097
-446.616
-473.13
-499.639
-526.14
-552.628
-579.097
-605.54
-631.945
-658.299
-684.583
-710.77
-736.826
-762.694
-788.285
-813.395
477.069
451.989
426.397
400.523
374.465
348.278
321.996
295.645
269.243
242.804
216.339
189.855
163.358
136.851
110.339
83.823
57.3045
30.7845
4.26382
-22.2572
-48.7783
-75.2994
-101.82
-128.342
-154.863
-181.385
-207.908
-234.431
-260.956
-287.48
-314.005
-340.53
-367.054
-393.576
-420.097
-446.615
-473.13
-499.639
-526.14
-552.629
-579.099
-605.544
-631.952
-658.311
-684.6
-710.797
-736.865
-762.749
-788.356
-813.448
477.176
452.082
426.466
400.57
374.498
348.3
322.011
295.655
269.249
242.808
216.341
189.856
163.358
136.851
110.339
83.8225
57.3039
30.7839
4.26323
-22.2578
-48.7788
-75.2999
-101.821
-128.342
-154.864
-181.386
-207.908
-234.431
-260.955
-287.48
-314.005
-340.529
-367.053
-393.576
-420.096
-446.615
-473.13
-499.639
-526.141
-552.63
-579.102
-605.549
-631.961
-658.324
-684.621
-710.827
-736.91
-762.814
-788.446
-813.552
477.338
452.195
426.544
400.624
374.535
348.325
322.027
295.665
269.256
242.812
216.343
189.857
163.358
136.851
110.338
83.822
57.3034
30.7833
4.26265
-22.2584
-48.7794
-75.3004
-101.821
-128.343
-154.864
-181.386
-207.908
-234.432
-260.955
-287.48
-314.004
-340.529
-367.052
-393.575
-420.096
-446.614
-473.129
-499.639
-526.141
-552.632
-579.105
-605.555
-631.97
-658.339
-684.643
-710.862
-736.961
-762.89
-788.556
-813.711
477.552
452.328
426.633
400.685
374.576
348.353
322.046
295.677
269.264
242.817
216.346
189.858
163.359
136.851
110.338
83.8215
57.3028
30.7828
4.26209
-22.2589
-48.7799
-75.3009
-101.822
-128.343
-154.864
-181.386
-207.909
-234.432
-260.956
-287.48
-314.004
-340.528
-367.052
-393.574
-420.095
-446.614
-473.129
-499.639
-526.142
-552.634
-579.109
-605.561
-631.981
-658.355
-684.669
-710.9
-737.018
-762.975
-788.685
-813.922
477.814
452.48
426.731
400.751
374.621
348.383
322.066
295.691
269.272
242.822
216.349
189.859
163.359
136.851
110.338
83.821
57.3023
30.7822
4.26157
-22.2594
-48.7804
-75.3014
-101.822
-128.344
-154.865
-181.387
-207.909
-234.432
-260.956
-287.48
-314.004
-340.528
-367.051
-393.574
-420.094
-446.613
-473.129
-499.639
-526.143
-552.636
-579.113
-605.568
-631.992
-658.374
-684.697
-710.942
-737.081
-763.069
-788.832
-814.179
478.116
452.648
426.838
400.823
374.67
348.416
322.089
295.705
269.281
242.827
216.352
189.861
163.36
136.851
110.338
83.8207
57.3019
30.7818
4.26113
-22.2598
-48.7808
-75.3019
-101.823
-128.344
-154.866
-181.387
-207.91
-234.433
-260.956
-287.48
-314.004
-340.528
-367.051
-393.573
-420.094
-446.613
-473.128
-499.639
-526.144
-552.638
-579.118
-605.576
-632.005
-658.394
-684.727
-710.987
-737.148
-763.171
-788.994
-814.476
478.447
452.828
426.952
400.899
374.722
348.452
322.113
295.721
269.291
242.834
216.356
189.863
163.361
136.851
110.337
83.8205
57.3016
30.7815
4.26083
-22.2601
-48.7812
-75.3022
-101.823
-128.345
-154.866
-181.388
-207.91
-234.433
-260.957
-287.48
-314.004
-340.527
-367.05
-393.573
-420.093
-446.612
-473.128
-499.64
-526.145
-552.641
-579.123
-605.585
-632.019
-658.415
-684.76
-711.036
-737.221
-763.28
-789.169
-814.801
478.794
453.019
427.073
400.981
374.778
348.49
322.138
295.738
269.302
242.84
216.36
189.866
163.362
136.852
110.338
83.8205
57.3016
30.7815
4.26082
-22.2602
-48.7812
-75.3024
-101.824
-128.345
-154.867
-181.389
-207.911
-234.434
-260.957
-287.481
-314.004
-340.528
-367.05
-393.572
-420.093
-446.612
-473.128
-499.64
-526.147
-552.644
-579.128
-605.594
-632.034
-658.438
-684.795
-711.088
-737.297
-763.396
-789.353
-815.143
479.146
453.216
427.199
401.066
374.837
348.53
322.165
295.756
269.314
242.848
216.365
189.869
163.364
136.853
110.339
83.8212
57.3022
30.7821
4.26143
-22.2596
-48.7808
-75.3021
-101.824
-128.345
-154.867
-181.39
-207.912
-234.435
-260.958
-287.482
-314.005
-340.528
-367.051
-393.572
-420.093
-446.612
-473.128
-499.641
-526.149
-552.648
-579.135
-605.604
-632.05
-658.463
-684.832
-711.143
-737.378
-763.516
-789.543
-815.489
479.49
453.416
427.33
401.156
374.899
348.573
322.195
295.776
269.327
242.857
216.37
189.872
163.367
136.855
110.34
83.8229
57.3038
30.7837
4.26301
-22.2581
-48.7794
-75.301
-101.823
-128.345
-154.868
-181.39
-207.914
-234.437
-260.96
-287.484
-314.007
-340.53
-367.052
-393.573
-420.094
-446.613
-473.13
-499.643
-526.152
-552.653
-579.142
-605.616
-632.068
-658.49
-684.872
-711.201
-737.462
-763.64
-789.736
-815.826
479.815
453.617
427.464
401.249
374.964
348.619
322.226
295.797
269.342
242.867
216.377
189.877
163.37
136.858
110.343
83.825
57.3059
30.7858
4.26509
-22.2561
-48.7776
-75.2996
-101.822
-128.345
-154.868
-181.391
-207.915
-234.439
-260.963
-287.487
-314.01
-340.532
-367.054
-393.575
-420.095
-446.614
-473.131
-499.646
-526.155
-552.658
-579.151
-605.629
-632.088
-658.519
-684.914
-711.262
-737.549
-763.768
-789.929
-816.145
480.118
453.817
427.602
401.346
375.032
348.666
322.259
295.82
269.357
242.876
216.383
189.881
163.373
136.86
110.344
83.8262
57.307
30.7869
4.26613
-22.2551
-48.7767
-75.2988
-101.821
-128.345
-154.868
-181.392
-207.917
-234.441
-260.965
-287.488
-314.011
-340.533
-367.055
-393.575
-420.095
-446.615
-473.132
-499.647
-526.158
-552.663
-579.159
-605.643
-632.108
-658.549
-684.958
-711.326
-737.641
-763.9
-790.121
-816.439
480.396
454.014
427.741
401.445
375.102
348.715
322.293
295.842
269.372
242.886
216.389
189.885
163.375
136.861
110.344
83.8261
57.3068
30.7866
4.26585
-22.2553
-48.7769
-75.299
-101.822
-128.345
-154.869
-181.393
-207.917
-234.442
-260.966
-287.489
-314.012
-340.534
-367.055
-393.575
-420.095
-446.614
-473.132
-499.648
-526.16
-552.668
-579.167
-605.656
-632.128
-658.58
-685.004
-711.392
-737.735
-764.034
-790.31
-816.708
480.651
454.206
427.881
401.546
375.174
348.766
322.327
295.865
269.387
242.895
216.395
189.888
163.376
136.861
110.344
83.8257
57.3062
30.7859
4.2652
-22.2559
-48.7775
-75.2995
-101.822
-128.345
-154.869
-181.393
-207.918
-234.442
-260.966
-287.49
-314.012
-340.534
-367.054
-393.574
-420.094
-446.613
-473.131
-499.648
-526.162
-552.672
-579.175
-605.669
-632.149
-658.612
-685.051
-711.46
-737.832
-764.169
-790.494
-816.955
480.885
454.393
428.022
401.648
375.247
348.817
322.363
295.889
269.402
242.905
216.401
189.891
163.378
136.862
110.344
83.8254
57.3057
30.7854
4.26464
-22.2564
-48.7779
-75.2999
-101.822
-128.346
-154.869
-181.394
-207.918
-234.443
-260.967
-287.49
-314.012
-340.534
-367.054
-393.573
-420.093
-446.612
-473.13
-499.648
-526.164
-552.676
-579.183
-605.682
-632.171
-658.644
-685.099
-711.529
-737.93
-764.304
-790.673
-817.179
481.097
454.575
428.162
401.751
375.321
348.869
322.399
295.914
269.418
242.915
216.407
189.895
163.38
136.863
110.345
83.8253
57.3054
30.785
4.2643
-22.2567
-48.7782
-75.3001
-101.823
-128.346
-154.87
-181.394
-207.919
-234.444
-260.968
-287.491
-314.013
-340.534
-367.054
-393.573
-420.092
-446.611
-473.13
-499.649
-526.166
-552.681
-579.192
-605.696
-632.193
-658.678
-685.148
-711.6
-738.028
-764.438
-790.847
-817.382
481.291
454.752
428.302
401.855
375.396
348.922
322.435
295.938
269.434
242.926
216.413
189.899
163.382
136.864
110.345
83.8254
57.3053
30.7849
4.2642
-22.2568
-48.7782
-75.3001
-101.823
-128.346
-154.87
-181.395
-207.92
-234.445
-260.969
-287.492
-314.014
-340.535
-367.054
-393.572
-420.091
-446.61
-473.129
-499.649
-526.168
-552.686
-579.2
-605.711
-632.215
-658.712
-685.198
-711.671
-738.127
-764.571
-791.015
-817.564
481.465
454.926
428.441
401.96
375.471
348.975
322.473
295.963
269.45
242.935
216.419
189.902
163.383
136.864
110.345
83.8245
57.3042
30.7837
4.263
-22.2579
-48.7792
-75.301
-101.823
-128.347
-154.871
-181.395
-207.92
-234.445
-260.97
-287.494
-314.015
-340.534
-367.053
-393.571
-420.089
-446.609
-473.129
-499.649
-526.17
-552.69
-579.208
-605.724
-632.237
-658.745
-685.247
-711.742
-738.227
-764.705
-791.179
-817.727
481.623
455.099
428.58
402.062
375.543
349.023
322.503
295.983
269.462
242.941
216.421
189.9
163.38
136.859
110.339
83.8182
57.2976
30.7769
4.25625
-22.2645
-48.7855
-75.3067
-101.828
-128.35
-154.872
-181.395
-207.918
-234.44
-260.963
-287.485
-314.007
-340.527
-367.046
-393.565
-420.085
-446.605
-473.125
-499.646
-526.168
-552.689
-579.21
-605.731
-632.252
-658.772
-685.291
-711.81
-738.327
-764.844
-791.356
-817.882
0.00315176
0.00134062
0.000585176
0.000250183
9.37247e-05
2.93684e-05
1.28152e-05
1.76392e-05
1.81102e-05
2.11456e-05
2.91644e-05
3.06001e-05
2.74976e-05
2.17479e-05
1.70433e-05
1.26888e-05
1.15685e-05
1.49881e-05
2.15723e-05
2.96995e-05
3.75046e-05
4.3173e-05
4.51627e-05
4.25716e-05
3.72319e-05
2.8755e-05
1.63903e-05
1.8633e-06
-1.3642e-05
-2.84062e-05
-4.09218e-05
-5.05123e-05
-5.73308e-05
-6.06475e-05
-6.10457e-05
-6.11468e-05
-5.79983e-05
-5.32108e-05
-4.68883e-05
-3.725e-05
-2.64955e-05
-1.21579e-05
2.7356e-06
1.08578e-05
6.99794e-07
-5.68402e-05
-0.000210431
-0.000572394
-0.00144498
-0.00337084
0.00320626
0.00142273
0.000659152
0.00030855
0.000139457
6.28652e-05
3.60349e-05
3.15807e-05
3.24622e-05
3.44693e-05
3.62209e-05
3.34308e-05
2.62768e-05
1.75808e-05
1.03702e-05
7.98833e-06
9.81635e-06
1.48612e-05
2.32927e-05
3.32888e-05
4.23976e-05
4.86081e-05
5.07443e-05
4.85388e-05
4.03571e-05
2.9229e-05
1.58234e-05
1.33546e-07
-1.62097e-05
-3.13921e-05
-4.39478e-05
-5.34676e-05
-5.93513e-05
-6.1546e-05
-6.1265e-05
-5.96573e-05
-5.66073e-05
-5.32208e-05
-5.01625e-05
-4.448e-05
-3.58968e-05
-2.56195e-05
-1.67321e-05
-1.66929e-05
-3.80421e-05
-0.000109827
-0.000281808
-0.000665014
-0.00151732
-0.00339308
0.00313942
0.00147892
0.000724251
0.000358384
0.000175989
8.93607e-05
5.45659e-05
4.28997e-05
3.85639e-05
3.78493e-05
3.83733e-05
3.5539e-05
2.98413e-05
2.26482e-05
1.73017e-05
1.26643e-05
1.15927e-05
1.51858e-05
2.19216e-05
3.00982e-05
3.782e-05
4.32872e-05
4.50062e-05
4.21469e-05
3.65386e-05
2.78861e-05
1.54611e-05
9.91235e-07
-1.42706e-05
-2.87082e-05
-4.09836e-05
-5.03675e-05
-5.66812e-05
-5.99038e-05
-6.05732e-05
-6.0447e-05
-5.79634e-05
-5.46263e-05
-5.11553e-05
-4.65851e-05
-4.00708e-05
-3.33811e-05
-2.897e-05
-3.58455e-05
-6.66146e-05
-0.00015078
-0.000337108
-0.000731327
-0.00156279
-0.00330606
0.00294754
0.0014917
0.000767632
0.000401043
0.00021068
0.000114618
7.13261e-05
5.40876e-05
4.66491e-05
4.32486e-05
4.07369e-05
3.59503e-05
2.83915e-05
2.0031e-05
1.26368e-05
1.06603e-05
1.21787e-05
1.62992e-05
2.35371e-05
3.21087e-05
3.99162e-05
4.5145e-05
4.67289e-05
4.39106e-05
3.68811e-05
2.65025e-05
1.39726e-05
-5.67145e-07
-1.56983e-05
-2.98781e-05
-4.17628e-05
-5.08195e-05
-5.66431e-05
-5.92584e-05
-5.9667e-05
-5.86275e-05
-5.6608e-05
-5.43496e-05
-5.21266e-05
-4.8691e-05
-4.40705e-05
-4.03535e-05
-4.03284e-05
-5.33909e-05
-9.25276e-05
-0.000187082
-0.000383906
-0.00078192
-0.00156868
-0.00307052
0.00267292
0.00147595
0.000799672
0.000435751
0.00023869
0.000135908
8.62155e-05
6.31943e-05
5.19105e-05
4.6299e-05
4.29431e-05
3.81186e-05
3.16397e-05
2.44516e-05
1.94423e-05
1.47844e-05
1.37775e-05
1.69202e-05
2.26424e-05
2.95981e-05
3.61011e-05
4.05626e-05
4.17101e-05
3.91081e-05
3.34666e-05
2.48257e-05
1.31758e-05
-3.01007e-07
-1.44171e-05
-2.77977e-05
-3.92661e-05
-4.81921e-05
-5.43082e-05
-5.76624e-05
-5.8723e-05
-5.899e-05
-5.75222e-05
-5.52457e-05
-5.31313e-05
-5.07212e-05
-4.7861e-05
-4.69117e-05
-5.09834e-05
-6.9697e-05
-0.000116018
-0.000218772
-0.000422084
-0.000813516
-0.00154387
-0.00277868
0.00240466
0.00143848
0.000818588
0.000464646
0.00026543
0.000156761
0.000100878
7.31191e-05
5.87579e-05
5.04726e-05
4.49211e-05
3.86663e-05
3.12263e-05
2.36571e-05
1.69942e-05
1.50059e-05
1.53709e-05
1.84245e-05
2.39559e-05
3.05713e-05
3.65901e-05
4.04984e-05
4.13424e-05
3.85856e-05
3.19746e-05
2.29302e-05
1.15337e-05
-1.54285e-06
-1.51247e-05
-2.79649e-05
-3.89325e-05
-4.74604e-05
-5.32402e-05
-5.63926e-05
-5.76071e-05
-5.73991e-05
-5.62682e-05
-5.51806e-05
-5.40342e-05
-5.26658e-05
-5.14782e-05
-5.30766e-05
-6.08953e-05
-8.46375e-05
-0.000137158
-0.000246245
-0.000452779
-0.000833174
-0.00149754
-0.00249039
0.00215562
0.00138321
0.000827209
0.000486392
0.000286796
0.000174273
0.00011363
8.14885e-05
6.40498e-05
5.40354e-05
4.72989e-05
4.07895e-05
3.3758e-05
2.67089e-05
2.16896e-05
1.71536e-05
1.64832e-05
1.87735e-05
2.33016e-05
2.88862e-05
3.40569e-05
3.74388e-05
3.80027e-05
3.52277e-05
2.99771e-05
2.15239e-05
1.07705e-05
-1.56881e-06
-1.44277e-05
-2.66789e-05
-3.72762e-05
-4.569e-05
-5.16297e-05
-5.51062e-05
-5.66816e-05
-5.7304e-05
-5.68058e-05
-5.57561e-05
-5.49308e-05
-5.45482e-05
-5.49624e-05
-5.89395e-05
-7.01463e-05
-9.8305e-05
-0.00015597
-0.000269569
-0.000476244
-0.000840278
-0.00143693
-0.00223042
0.00194579
0.00132889
0.000827275
0.000502982
0.000305764
0.000190462
0.000125745
8.99243e-05
6.96834e-05
5.74145e-05
4.91041e-05
4.15335e-05
3.39747e-05
2.68044e-05
2.08461e-05
1.85245e-05
1.79711e-05
2.0036e-05
2.41531e-05
2.9189e-05
3.37616e-05
3.65867e-05
3.68061e-05
3.41239e-05
2.80758e-05
1.97878e-05
9.40919e-06
-2.41523e-06
-1.46796e-05
-2.63742e-05
-3.64971e-05
-4.45541e-05
-5.02868e-05
-5.38441e-05
-5.55838e-05
-5.61584e-05
-5.589e-05
-5.57518e-05
-5.5716e-05
-5.63149e-05
-5.82263e-05
-6.44312e-05
-7.87085e-05
-0.000110722
-0.000172568
-0.000289154
-0.000493492
-0.000838794
-0.00137188
-0.00200398
0.00175752
0.0012655
0.000819862
0.000513863
0.000320639
0.000204057
0.000136301
9.73649e-05
7.47815e-05
6.08148e-05
5.14014e-05
4.34204e-05
3.58814e-05
2.88538e-05
2.36896e-05
1.97238e-05
1.87988e-05
2.03322e-05
2.37685e-05
2.8107e-05
3.20819e-05
3.45054e-05
3.45213e-05
3.16215e-05
2.64429e-05
1.85443e-05
8.63666e-06
-2.64208e-06
-1.43434e-05
-2.557e-05
-3.5362e-05
-4.32688e-05
-4.89863e-05
-5.26666e-05
-5.46734e-05
-5.57763e-05
-5.60281e-05
-5.60371e-05
-5.64961e-05
-5.80035e-05
-6.13116e-05
-6.95588e-05
-8.65711e-05
-0.000121879
-0.000186998
-0.000305112
-0.000505061
-0.000829384
-0.00130233
-0.00180625
0.00159501
0.00120141
0.000806886
0.000520533
0.000332939
0.00021606
0.000145953
0.000104329
7.95061e-05
6.38125e-05
5.31352e-05
4.43525e-05
3.64886e-05
2.94762e-05
2.40522e-05
2.10295e-05
2.00483e-05
2.12762e-05
2.42317e-05
2.79972e-05
3.13931e-05
3.33354e-05
3.30439e-05
3.02684e-05
2.47147e-05
1.7067e-05
7.56794e-06
-3.19999e-06
-1.43408e-05
-2.50651e-05
-3.44467e-05
-4.20914e-05
-4.77377e-05
-5.14887e-05
-5.36566e-05
-5.48231e-05
-5.53832e-05
-5.61032e-05
-5.72136e-05
-5.9604e-05
-6.42273e-05
-7.43322e-05
-9.37705e-05
-0.000131849
-0.000199412
-0.000317847
-0.000511783
-0.000814319
-0.00123153
-0.00163375
0.00145257
0.00113723
0.00078943
0.000523012
0.000342125
0.000226035
0.000154408
0.00011069
8.40088e-05
6.68973e-05
5.52468e-05
4.59834e-05
3.7936e-05
3.09458e-05
2.54934e-05
2.19773e-05
2.07438e-05
2.15969e-05
2.40574e-05
2.72974e-05
3.02179e-05
3.18048e-05
3.13283e-05
2.84121e-05
2.33094e-05
1.59206e-05
6.79168e-06
-3.52688e-06
-1.41859e-05
-2.45e-05
-3.35448e-05
-4.0978e-05
-4.65592e-05
-5.03913e-05
-5.27728e-05
-5.43946e-05
-5.52485e-05
-5.62303e-05
-5.78912e-05
-6.11158e-05
-6.69591e-05
-7.87439e-05
-0.000100302
-0.00014065
-0.000209898
-0.000327559
-0.000514259
-0.0007947
-0.00116138
-0.00148284
0.00132749
0.00107446
0.00076877
0.000522253
0.000348946
0.000234396
0.000161836
0.000116417
8.80684e-05
6.95959e-05
5.6938e-05
4.70589e-05
3.87895e-05
3.1775e-05
2.65618e-05
2.31182e-05
2.17383e-05
2.22584e-05
2.42618e-05
2.69758e-05
2.93964e-05
3.05883e-05
2.98751e-05
2.69542e-05
2.1805e-05
1.46943e-05
5.9517e-06
-3.91183e-06
-1.40856e-05
-2.39779e-05
-3.26904e-05
-3.99189e-05
-4.5428e-05
-4.93144e-05
-5.18329e-05
-5.33757e-05
-5.4808e-05
-5.63188e-05
-5.85373e-05
-6.25518e-05
-6.95251e-05
-8.28177e-05
-0.000106206
-0.000148366
-0.000218619
-0.000334612
-0.000513183
-0.000771857
-0.00109316
-0.00135039
0.00121727
0.00101393
0.000745747
0.000518598
0.00035343
0.000241174
0.000168295
0.000121624
9.19307e-05
7.23304e-05
5.88433e-05
4.8479e-05
3.99767e-05
3.29219e-05
2.74666e-05
2.39245e-05
2.2373e-05
2.25984e-05
2.42134e-05
2.64842e-05
2.84937e-05
2.93624e-05
2.84669e-05
2.55186e-05
2.05462e-05
1.36354e-05
5.2167e-06
-4.24609e-06
-1.39821e-05
-2.3483e-05
-3.18826e-05
-3.89173e-05
-4.43583e-05
-4.83031e-05
-5.09956e-05
-5.3055e-05
-5.45249e-05
-5.64002e-05
-5.9153e-05
-6.39104e-05
-7.19237e-05
-8.65554e-05
-0.0001115
-0.000155043
-0.000225697
-0.000339268
-0.000509121
-0.000746727
-0.00102771
-0.00123375
0.00111967
0.000956062
0.000721192
0.000512619
0.000355934
0.000246512
0.000173812
0.000126242
9.53992e-05
7.47693e-05
6.04907e-05
4.96385e-05
4.09326e-05
3.38099e-05
2.85059e-05
2.48859e-05
2.31482e-05
2.30573e-05
2.42728e-05
2.60947e-05
2.7692e-05
2.82362e-05
2.7159e-05
2.41636e-05
1.92736e-05
1.26125e-05
4.52264e-06
-4.55464e-06
-1.38819e-05
-2.30113e-05
-3.11169e-05
-3.7967e-05
-4.33384e-05
-4.73278e-05
-5.01494e-05
-5.22181e-05
-5.42107e-05
-5.64805e-05
-5.97482e-05
-6.52027e-05
-7.41688e-05
-8.99801e-05
-0.000116225
-0.000160763
-0.00023129
-0.000341836
-0.000502619
-0.000720133
-0.000965517
-0.00113071
0.00103323
0.000901468
0.000695712
0.000504745
0.0003567
0.000250559
0.000178492
0.00013038
9.865e-05
7.71676e-05
6.22113e-05
5.09183e-05
4.19874e-05
3.47869e-05
2.92973e-05
2.56179e-05
2.37408e-05
2.33909e-05
2.42719e-05
2.57016e-05
2.69303e-05
2.71832e-05
2.59413e-05
2.29228e-05
1.81332e-05
1.16648e-05
3.87762e-06
-4.83897e-06
-1.37859e-05
-2.25623e-05
-3.03933e-05
-3.70689e-05
-4.23741e-05
-4.64084e-05
-4.93739e-05
-5.17735e-05
-5.39255e-05
-5.65668e-05
-6.03282e-05
-6.64337e-05
-7.62674e-05
-9.31055e-05
-0.000120412
-0.000165593
-0.000235538
-0.000342586
-0.000494161
-0.000692728
-0.000906848
-0.00103938
0.000956133
0.000849918
0.000669803
0.000495366
0.000355966
0.000253435
0.000182375
0.000134018
0.000101592
7.93722e-05
6.38039e-05
5.21073e-05
4.29743e-05
3.56815e-05
3.02318e-05
2.64243e-05
2.4358e-05
2.37272e-05
2.4277e-05
2.53303e-05
2.62154e-05
2.61965e-05
2.47995e-05
2.17414e-05
1.70539e-05
1.07809e-05
3.27832e-06
-5.10035e-06
-1.36956e-05
-2.21324e-05
-2.97089e-05
-3.62199e-05
-4.14612e-05
-4.55351e-05
-4.86254e-05
-5.11931e-05
-5.3665e-05
-5.66656e-05
-6.09e-05
-6.76116e-05
-7.82318e-05
-9.59532e-05
-0.000124101
-0.00016961
-0.000238585
-0.000341778
-0.00048417
-0.000665038
-0.000851845
-0.000958205
0.000887343
0.000801661
0.000643897
0.000484831
0.000353964
0.000255274
0.000185549
0.000137217
0.000104299
8.14792e-05
6.53827e-05
5.33146e-05
4.397e-05
3.65732e-05
3.09879e-05
2.71139e-05
2.49051e-05
2.40275e-05
2.42784e-05
2.49806e-05
2.55466e-05
2.5276e-05
2.37374e-05
2.06539e-05
1.60476e-05
9.95713e-06
2.72156e-06
-5.34046e-06
-1.36042e-05
-2.17286e-05
-2.90638e-05
-3.54201e-05
-4.06016e-05
-4.47146e-05
-4.7932e-05
-5.06949e-05
-5.3437e-05
-5.67836e-05
-6.14706e-05
-6.8745e-05
-8.00738e-05
-9.85441e-05
-0.000127332
-0.00017289
-0.000240571
-0.000339655
-0.000473023
-0.000637481
-0.000800519
-0.000885848
0.000825717
0.000756581
0.000618313
0.000473443
0.000350906
0.000256195
0.000188079
0.000140008
0.000106774
8.34676e-05
6.69102e-05
5.45041e-05
4.49603e-05
3.74556e-05
3.18296e-05
2.78116e-05
2.54287e-05
2.43034e-05
2.42807e-05
2.46519e-05
2.49201e-05
2.44151e-05
2.27437e-05
1.96307e-05
1.51083e-05
9.18951e-06
2.20429e-06
-5.56094e-06
-1.3514e-05
-2.13482e-05
-2.84565e-05
-3.4668e-05
-3.97941e-05
-4.39456e-05
-4.72833e-05
-5.02395e-05
-5.32463e-05
-5.6927e-05
-6.20468e-05
-6.98421e-05
-8.18058e-05
-0.0001009
-0.000130146
-0.000175508
-0.00024163
-0.00033644
-0.000461041
-0.000610381
-0.000752635
-0.000821026
0.000770365
0.00071459
0.0005933
0.000461465
0.000346877
0.00025642
0.000190037
0.000142428
0.000109035
8.53518e-05
6.83998e-05
5.56882e-05
4.59489e-05
3.83187e-05
3.25808e-05
2.84686e-05
2.59263e-05
2.45686e-05
2.42783e-05
2.43452e-05
2.43352e-05
2.36127e-05
2.18175e-05
1.86785e-05
1.42322e-05
8.47447e-06
1.72354e-06
-5.76359e-06
-1.34263e-05
-2.09903e-05
-2.78866e-05
-3.39633e-05
-3.90398e-05
-4.32302e-05
-4.66891e-05
-4.98319e-05
-5.30983e-05
-5.7102e-05
-6.26355e-05
-7.09119e-05
-8.34409e-05
-0.000103044
-0.000132582
-0.000177537
-0.000241887
-0.000332333
-0.000448502
-0.00058399
-0.000708402
-0.000763004
0.000720534
0.000675566
0.000569043
0.000449123
0.000342151
0.00025596
0.000191486
0.000144516
0.00011111
8.7149e-05
6.98629e-05
5.68755e-05
4.69461e-05
3.91979e-05
3.33609e-05
2.91118e-05
2.64038e-05
2.48256e-05
2.42756e-05
2.40605e-05
2.37894e-05
2.28647e-05
2.09531e-05
1.77902e-05
1.34149e-05
7.80859e-06
1.27643e-06
-5.95013e-06
-1.33423e-05
-2.06543e-05
-2.73537e-05
-3.33054e-05
-3.83386e-05
-4.25694e-05
-4.61483e-05
-4.94757e-05
-5.29975e-05
-5.73141e-05
-6.3243e-05
-7.19628e-05
-8.49918e-05
-0.000104999
-0.000134681
-0.000179048
-0.00024146
-0.000327517
-0.000435639
-0.000558493
-0.00066728
-0.000710795
0.000675582
0.000639371
0.000545678
0.000436608
0.000336878
0.000254924
0.000192489
0.000146309
0.000113011
8.88641e-05
7.12985e-05
5.80647e-05
4.79482e-05
4.00622e-05
3.41162e-05
2.97421e-05
2.68664e-05
2.50779e-05
2.42759e-05
2.37986e-05
2.32815e-05
2.21689e-05
2.01472e-05
1.69624e-05
1.26526e-05
7.18863e-06
8.60196e-07
-6.12225e-06
-1.32628e-05
-2.034e-05
-2.68573e-05
-3.26939e-05
-3.76909e-05
-4.19644e-05
-4.56646e-05
-4.91741e-05
-5.29479e-05
-5.75684e-05
-6.38751e-05
-7.30033e-05
-8.64711e-05
-0.000106787
-0.00013648
-0.000180107
-0.000240458
-0.000322154
-0.00042265
-0.000534029
-0.000629321
-0.000663894
0.000634961
0.000605854
0.0005233
0.000424074
0.000331192
0.000253407
0.000193106
0.000147841
0.000114762
9.05146e-05
7.27191e-05
5.92664e-05
4.8967e-05
4.0954e-05
3.48746e-05
3.03662e-05
2.73186e-05
2.53288e-05
2.42816e-05
2.35596e-05
2.28097e-05
2.15225e-05
1.9396e-05
1.61914e-05
1.19415e-05
6.61158e-06
4.72261e-07
-6.2815e-06
-1.31887e-05
-2.00472e-05
-2.63972e-05
-3.21284e-05
-3.70968e-05
-4.14158e-05
-4.52382e-05
-4.89296e-05
-5.29528e-05
-5.78687e-05
-6.45367e-05
-7.40404e-05
-8.78902e-05
-0.000108428
-0.000138018
-0.000180778
-0.000238981
-0.000316384
-0.000409697
-0.00051069
-0.000594289
-0.000621624
0.000598202
0.000574865
0.000501969
0.000411651
0.000325207
0.000251498
0.000193391
0.000149145
0.000116378
9.21043e-05
7.41222e-05
6.04765e-05
4.9996e-05
4.18408e-05
3.56333e-05
3.09873e-05
2.77641e-05
2.55813e-05
2.42949e-05
2.33439e-05
2.23728e-05
2.09233e-05
1.86964e-05
1.5474e-05
1.12798e-05
6.07459e-06
1.10339e-07
-6.42935e-06
-1.31208e-05
-1.97757e-05
-2.59729e-05
-3.16083e-05
-3.65562e-05
-4.0924e-05
-4.48721e-05
-4.87439e-05
-5.30144e-05
-5.82178e-05
-6.52312e-05
-7.50801e-05
-8.9259e-05
-0.000109942
-0.000139327
-0.000181118
-0.000237117
-0.00031033
-0.000396912
-0.000488532
-0.000562019
-0.000583481
0.000564976
0.00054633
0.000481783
0.0003995
0.000319081
0.000249327
0.000193442
0.000150296
0.000117915
9.3677e-05
7.55465e-05
6.17262e-05
5.10613e-05
4.27708e-05
3.64076e-05
3.16195e-05
2.82124e-05
2.5844e-05
2.43215e-05
2.3156e-05
2.19725e-05
2.0372e-05
1.80473e-05
1.48089e-05
1.06607e-05
5.57639e-06
-2.27223e-07
-6.56669e-06
-1.30602e-05
-1.95265e-05
-2.55865e-05
-3.11367e-05
-3.60748e-05
-4.04969e-05
-4.4577e-05
-4.86327e-05
-5.3153e-05
-5.8642e-05
-6.599e-05
-7.61631e-05
-9.06278e-05
-0.000111396
-0.000140492
-0.000181239
-0.000235014
-0.000304174
-0.000384484
-0.000467689
-0.000532437
-0.000549063
0.000534958
0.000520146
0.000462794
0.000387739
0.000312934
0.000246995
0.000193338
0.000151347
0.000119413
9.52606e-05
7.70112e-05
6.30297e-05
5.21745e-05
4.37334e-05
3.72104e-05
3.2272e-05
2.86741e-05
2.61245e-05
2.43695e-05
2.3e-05
2.16133e-05
1.98705e-05
1.74511e-05
1.41968e-05
1.00908e-05
5.11854e-06
-5.38534e-07
-6.6926e-06
-1.30053e-05
-1.92987e-05
-2.52366e-05
-3.07134e-05
-3.56525e-05
-4.01366e-05
-4.43573e-05
-4.86004e-05
-5.33742e-05
-5.91489e-05
-6.68248e-05
-7.73061e-05
-9.20228e-05
-0.000112825
-0.000141569
-0.000181221
-0.000232778
-0.000298045
-0.000372543
-0.000448223
-0.000505435
-0.000518125
0.000418668
0.000416638
0.000385758
0.00033842
0.000285915
0.000235627
0.000191436
0.000154619
0.000124898
0.000101368
8.28157e-05
6.82778e-05
5.67255e-05
4.77003e-05
4.04996e-05
3.49338e-05
3.05718e-05
2.72797e-05
2.4602e-05
2.24068e-05
2.02244e-05
1.79029e-05
1.51137e-05
1.17799e-05
7.83663e-06
3.2968e-06
-1.77545e-06
-7.20146e-06
-1.2793e-05
-1.84085e-05
-2.38569e-05
-2.90469e-05
-3.39851e-05
-3.87232e-05
-4.34969e-05
-4.85014e-05
-5.42986e-05
-6.11994e-05
-7.01539e-05
-8.17633e-05
-9.73311e-05
-0.000117957
-0.000144925
-0.00017963
-0.000221808
-0.000271103
-0.000322589
-0.000369529
-0.000399032
-0.00039867
0.000297916
0.000301304
0.000288657
0.000264802
0.000234838
0.000203256
0.000172905
0.000145567
0.000121798
0.000101756
8.50139e-05
7.12615e-05
5.98713e-05
5.06263e-05
4.30262e-05
3.69341e-05
3.18773e-05
2.78323e-05
2.43481e-05
2.13505e-05
1.84636e-05
1.56171e-05
1.25431e-05
9.18683e-06
5.47509e-06
1.40344e-06
-2.97275e-06
-7.61324e-06
-1.23996e-05
-1.72594e-05
-2.21172e-05
-2.69139e-05
-3.17352e-05
-3.65656e-05
-4.17492e-05
-4.72452e-05
-5.37731e-05
-6.12232e-05
-7.06517e-05
-8.20078e-05
-9.64504e-05
-0.000114072
-0.000135617
-0.000160985
-0.00018953
-0.000219794
-0.000248404
-0.000271247
-0.000282469
-0.000277327
0.000219528
0.000224001
0.000219059
0.000206816
0.000189494
0.000169775
0.000149329
0.000129774
0.000111675
9.56446e-05
8.15581e-05
6.95377e-05
5.92079e-05
5.05446e-05
4.3143e-05
3.70079e-05
3.17398e-05
2.73387e-05
2.3453e-05
2.0038e-05
1.6805e-05
1.37063e-05
1.05443e-05
7.27262e-06
3.82059e-06
1.72983e-07
-3.67009e-06
-7.67839e-06
-1.1834e-05
-1.6075e-05
-2.04369e-05
-2.48106e-05
-2.94231e-05
-3.40729e-05
-3.92919e-05
-4.47186e-05
-5.12389e-05
-5.83579e-05
-6.71914e-05
-7.72098e-05
-8.94664e-05
-0.000103422
-0.000119673
-0.000137474
-0.0001563
-0.000174699
-0.000190706
-0.000201912
-0.000205716
-0.000200186
0.000165064
0.000169282
0.000167671
0.00016133
0.000151149
0.000138788
0.000125095
0.000111365
9.79643e-05
8.5608e-05
7.42636e-05
6.42524e-05
5.53473e-05
4.76687e-05
4.093e-05
3.51847e-05
3.01391e-05
2.58079e-05
2.19149e-05
1.84505e-05
1.51904e-05
1.21029e-05
9.0354e-06
5.95266e-06
2.78441e-06
-4.86211e-07
-3.88558e-06
-7.39613e-06
-1.10387e-05
-1.4742e-05
-1.86471e-05
-2.25435e-05
-2.68162e-05
-3.10543e-05
-3.59677e-05
-4.09361e-05
-4.69567e-05
-5.32599e-05
-6.0957e-05
-6.92693e-05
-7.91587e-05
-8.95906e-05
-0.0001015
-0.000113729
-0.000126018
-0.000137209
-0.00014624
-0.000151698
-0.000152437
-0.000147576
0.000124862
0.00012849
0.000128359
0.000125114
0.000119053
0.000111264
0.000102105
9.25712e-05
8.28318e-05
7.35632e-05
6.47276e-05
5.67132e-05
4.93589e-05
4.28657e-05
3.7024e-05
3.19271e-05
2.73594e-05
2.33602e-05
1.97216e-05
1.64511e-05
1.33781e-05
1.04867e-05
7.65784e-06
4.86635e-06
2.04718e-06
-8.16363e-07
-3.75982e-06
-6.77684e-06
-9.92727e-06
-1.30962e-05
-1.65146e-05
-1.98843e-05
-2.36883e-05
-2.73833e-05
-3.17667e-05
-3.6068e-05
-4.12953e-05
-4.65852e-05
-5.2929e-05
-5.95002e-05
-6.71355e-05
-7.49019e-05
-8.3366e-05
-9.1652e-05
-9.96506e-05
-0.000106479
-0.000111613
-0.000114174
-0.000113684
-0.000109704
9.35374e-05
9.64932e-05
9.69568e-05
9.5359e-05
9.17261e-05
8.68162e-05
8.07109e-05
7.41742e-05
6.72256e-05
6.04538e-05
5.37886e-05
4.76139e-05
4.17978e-05
3.65645e-05
3.17536e-05
2.74863e-05
2.35949e-05
2.0138e-05
1.6959e-05
1.40803e-05
1.13704e-05
8.82651e-06
6.35493e-06
3.94002e-06
1.52614e-06
-9.01453e-07
-3.37725e-06
-5.89535e-06
-8.53661e-06
-1.11588e-05
-1.40363e-05
-1.68382e-05
-2.00585e-05
-2.31297e-05
-2.68182e-05
-3.03609e-05
-3.46462e-05
-3.88838e-05
-4.38828e-05
-4.88676e-05
-5.45653e-05
-6.01615e-05
-6.60755e-05
-7.16239e-05
-7.67992e-05
-8.09591e-05
-8.38673e-05
-8.49577e-05
-8.4048e-05
-8.0877e-05
6.80169e-05
7.02923e-05
7.09162e-05
7.01846e-05
6.80226e-05
6.49623e-05
6.09581e-05
5.65792e-05
5.1766e-05
4.69918e-05
4.21668e-05
3.76247e-05
3.32532e-05
2.92611e-05
2.55266e-05
2.21693e-05
1.90664e-05
1.62797e-05
1.36954e-05
1.13413e-05
9.12011e-06
7.03715e-06
5.02114e-06
3.0637e-06
1.11976e-06
-8.22402e-07
-2.79432e-06
-4.78383e-06
-6.88582e-06
-8.932e-06
-1.12513e-05
-1.34444e-05
-1.59966e-05
-1.84086e-05
-2.13052e-05
-2.40613e-05
-2.73609e-05
-3.05618e-05
-3.4318e-05
-3.79271e-05
-4.2001e-05
-4.58874e-05
-4.99017e-05
-5.35374e-05
-5.68323e-05
-5.93438e-05
-6.0975e-05
-6.13612e-05
-6.04484e-05
-5.80783e-05
4.62675e-05
4.78784e-05
4.84359e-05
4.81405e-05
4.68952e-05
4.50607e-05
4.25525e-05
3.9768e-05
3.66251e-05
3.34694e-05
3.02145e-05
2.71158e-05
2.40843e-05
2.12871e-05
1.86355e-05
1.62293e-05
1.39825e-05
1.19505e-05
1.00519e-05
8.31497e-06
6.67175e-06
5.1307e-06
3.64131e-06
2.20008e-06
7.7432e-07
-6.43708e-07
-2.07978e-06
-3.51833e-06
-5.04701e-06
-6.51947e-06
-8.19527e-06
-9.77975e-06
-1.1615e-05
-1.3348e-05
-1.54126e-05
-1.73745e-05
-1.9736e-05
-2.19371e-05
-2.4536e-05
-2.69693e-05
-2.96872e-05
-3.22281e-05
-3.48145e-05
-3.70889e-05
-3.91115e-05
-4.0577e-05
-4.14657e-05
-4.15448e-05
-4.08047e-05
-3.91571e-05
2.69217e-05
2.78783e-05
2.82477e-05
2.81457e-05
2.75007e-05
2.6522e-05
2.51416e-05
2.35946e-05
2.18172e-05
2.00192e-05
1.81396e-05
1.63381e-05
1.45566e-05
1.29023e-05
1.13205e-05
9.87687e-06
8.5195e-06
7.28651e-06
6.13028e-06
5.06942e-06
4.06384e-06
3.12052e-06
2.20926e-06
1.32928e-06
4.60159e-07
-4.01886e-07
-1.27418e-06
-2.14393e-06
-3.07192e-06
-3.95848e-06
-4.96877e-06
-5.9269e-06
-7.02495e-06
-8.06154e-06
-9.27631e-06
-1.03872e-05
-1.19783e-05
-1.3205e-05
-1.47078e-05
-1.61016e-05
-1.76498e-05
-1.90809e-05
-2.05181e-05
-2.17659e-05
-2.28564e-05
-2.36181e-05
-2.40722e-05
-2.40609e-05
-2.36051e-05
-2.26468e-05
8.91966e-06
9.23105e-06
9.3514e-06
9.31903e-06
9.1076e-06
8.7884e-06
8.33524e-06
7.82864e-06
7.24386e-06
6.65307e-06
6.03284e-06
5.43853e-06
4.84865e-06
4.30077e-06
3.77544e-06
3.29567e-06
2.8438e-06
2.43275e-06
2.04664e-06
1.69179e-06
1.35525e-06
1.03924e-06
7.34201e-07
4.39628e-07
1.49218e-07
-1.38423e-07
-4.2975e-07
-7.1788e-07
-1.02876e-06
-1.32197e-06
-1.65379e-06
-1.96958e-06
-2.3362e-06
-2.67891e-06
-3.08533e-06
-3.47278e-06
-3.95663e-06
-4.38207e-06
-4.88633e-06
-5.34965e-06
-5.86656e-06
-6.34046e-06
-6.82059e-06
-7.23066e-06
-7.59561e-06
-7.85368e-06
-7.98566e-06
-7.97833e-06
-7.82429e-06
-7.511e-06
)
;

boundaryField
{
    inlet_water
    {
        type            fixedFluxPressure;
        gradient        nonuniform List<scalar> 
25
(
4011.5
4011.61
4011.66
4011.51
4011.1
4010.37
4009.27
4007.77
4005.87
4003.56
4000.89
3997.91
3994.68
3991.27
3987.72
3984.04
3980.24
3976.75
3973.57
3970.51
3967.58
3964.78
3962.08
3959.45
3957.05
)
;
        value           nonuniform List<scalar> 
25
(
490.611
490.574
490.521
490.471
490.442
490.449
490.5
490.602
490.757
490.964
491.217
491.509
491.829
492.165
492.505
492.836
493.149
493.44
493.707
493.952
494.176
494.379
494.564
494.729
494.879
)
;
    }
    inlet_air
    {
        type            fixedFluxPressure;
        gradient        nonuniform List<scalar> 
35
(
-1.39825
-0.0397045
-0.0395885
-0.035578
-0.0344489
-0.0323823
-0.0341117
-0.0284384
-0.0264891
-0.0244316
-0.0224568
-0.0205491
-0.0187543
-0.0171719
-0.0155184
-0.0141271
-0.0128663
-0.011728
-0.0107025
-0.00978046
-0.00895278
-0.00821077
-0.00754647
-0.00695258
-0.00642489
-0.0044048
-0.00262828
-0.00170049
-0.00115874
-0.000819184
-0.00058707
-0.000414634
-0.000277232
-0.000159253
-5.15718e-05
)
;
        value           nonuniform List<scalar> 
35
(
-0.00153238
0.00307325
0.0030068
0.00282835
0.00255751
0.00229617
0.00204134
0.00185052
0.00166878
0.00151317
0.00137734
0.00125865
0.00115444
0.00106215
0.000981244
0.000908807
0.000844241
0.000786428
0.000734512
0.000687769
0.00064559
0.000607455
0.000572921
0.000541685
0.000513434
0.000403912
0.000289111
0.000213832
0.000161182
0.000122118
9.15707e-05
6.66279e-05
4.53388e-05
2.63882e-05
8.74689e-06
)
;
    }
    outlet_water
    {
        type            fixedFluxPressure;
        gradient        nonuniform List<scalar> 
25
(
-4013.18
-4013.3
-4013.37
-4013.26
-4012.9
-4012.22
-4011.18
-4009.73
-4007.88
-4005.6
-4002.95
-3999.98
-3996.76
-3993.37
-3989.86
-3986.29
-3982.61
-3979.09
-3975.73
-3972.49
-3969.41
-3966.44
-3963.57
-3960.82
-3957.34
)
;
        value           nonuniform List<scalar> 
25
(
-827.003
-826.966
-826.912
-826.861
-826.831
-826.836
-826.885
-826.985
-827.137
-827.34
-827.589
-827.876
-828.191
-828.521
-828.855
-829.18
-829.487
-829.769
-830.027
-830.262
-830.476
-830.669
-830.842
-830.996
-831.139
)
;
    }
    outlet_air
    {
        type            fixedFluxPressure;
        gradient        nonuniform List<scalar> 
35
(
1.05901
0.0384871
0.0381933
0.0378464
0.0367356
0.0351499
0.0360206
0.0309461
0.0287448
0.026532
0.0243727
0.0223123
0.0203806
0.0186009
0.016954
0.0154443
0.0140755
0.0128569
0.0117169
0.0107217
0.00982757
0.00902599
0.00830872
0.00767374
0.00710892
0.00493828
0.00297148
0.00191238
0.00129302
0.000900009
0.000639181
0.000444334
0.000294391
0.000167167
5.42615e-05
)
;
        value           nonuniform List<scalar> 
35
(
0.000176847
-0.00326415
-0.00317812
-0.00294373
-0.00265562
-0.00237264
-0.00210975
-0.00190031
-0.00170995
-0.00154487
-0.00140119
-0.00127564
-0.00116548
-0.00106839
-0.000982588
-0.000906466
-0.000838695
-0.000777956
-0.000723752
-0.000674878
-0.000630972
-0.000591387
-0.000555647
-0.000523356
-0.00049431
-0.000382127
-0.000267372
-0.00019378
-0.000143244
-0.000106689
-7.87357e-05
-5.65897e-05
-3.81709e-05
-2.20868e-05
-7.32923e-06
)
;
    }
    lowerWall
    {
        type            fixedFluxPressure;
        gradient        uniform 0;
        value           nonuniform List<scalar> 
50
(
477.173
451.776
426.202
400.38
374.366
348.211
321.952
295.617
269.226
242.795
216.334
189.853
163.358
136.853
110.342
83.8262
57.3079
30.7879
4.26715
-22.254
-48.7753
-75.2966
-101.818
-128.34
-154.862
-181.385
-207.908
-234.432
-260.957
-287.482
-314.007
-340.532
-367.056
-393.578
-420.099
-446.617
-473.131
-499.639
-526.139
-552.625
-579.091
-605.53
-631.928
-658.272
-684.54
-710.705
-736.729
-762.561
-788.151
-813.559
)
;
    }
    atmosphere
    {
        type            totalPressure;
        rho             rho;
        psi             none;
        gamma           1;
        p0              uniform 0;
        value           nonuniform List<scalar> 
50
(
0
0
0
0
0
0
0
0
0
0
0
0
0
0
0
0
0
0
0
0
0
0
0
0
0
0
0
0
0
0
0
0
0
0
0
0
0
0
0
0
0
0
0
0
-1.0828e-12
-2.0304e-13
-2.58946e-11
-1.98652e-11
-1.06841e-10
-8.50483e-11
)
;
    }
    defaultFaces
    {
        type            empty;
    }
}


// ************************************************************************* //
