/*--------------------------------*- C++ -*----------------------------------*\
  =========                 |
  \\      /  F ield         | OpenFOAM: The Open Source CFD Toolbox
   \\    /   O peration     | Website:  https://openfoam.org
    \\  /    A nd           | Version:  8
     \\/     M anipulation  |
\*---------------------------------------------------------------------------*/
FoamFile
{
    version     2.0;
    format      ascii;
    class       surfaceScalarField;
    location    "14939";
    object      phi;
}
// * * * * * * * * * * * * * * * * * * * * * * * * * * * * * * * * * * * * * //

dimensions      [0 3 -1 0 0 0 0];

internalField   nonuniform List<scalar> 
5890
(
3.44669e-06
8.62499e-11
3.44669e-06
-6.01161e-13
3.44671e-06
-1.80228e-11
3.44674e-06
-2.01827e-11
3.44677e-06
-2.82812e-11
3.4468e-06
-3.37963e-11
3.44684e-06
-3.60236e-11
3.44688e-06
-3.62977e-11
3.44691e-06
-3.55581e-11
3.44695e-06
-3.49718e-11
3.44699e-06
-3.50297e-11
3.44702e-06
-3.57457e-11
3.44706e-06
-3.68067e-11
3.4471e-06
-3.79085e-11
3.44714e-06
-3.88421e-11
3.44718e-06
-3.95634e-11
3.44722e-06
-4.00913e-11
3.44726e-06
-4.04413e-11
3.4473e-06
-4.05467e-11
3.44734e-06
-4.02387e-11
3.44738e-06
-3.92302e-11
3.44741e-06
-3.71295e-11
3.44745e-06
-3.34811e-11
3.44747e-06
-2.78634e-11
3.44749e-06
-2.00381e-11
3.4475e-06
-1.01209e-11
3.4475e-06
1.30013e-12
3.44749e-06
1.31202e-11
3.44747e-06
2.39249e-11
3.44743e-06
3.22909e-11
3.4474e-06
3.70489e-11
3.44736e-06
3.7632e-11
3.44733e-06
3.42539e-11
3.4473e-06
2.81337e-11
3.44728e-06
2.11875e-11
3.44726e-06
1.54154e-11
3.44725e-06
1.22987e-11
3.44724e-06
1.24799e-11
3.44722e-06
1.57458e-11
3.4472e-06
2.12608e-11
3.44717e-06
2.79683e-11
3.44713e-06
3.47282e-11
3.44709e-06
4.08171e-11
3.44704e-06
4.50133e-11
3.44699e-06
4.75674e-11
3.44695e-06
4.50762e-11
3.4469e-06
4.24739e-11
3.44687e-06
2.40955e-11
3.44684e-06
3.39682e-11
-7.68247e-11
9.9761e-06
2.18452e-10
9.97607e-06
3.65653e-11
9.97608e-06
-3.0669e-11
9.97612e-06
-5.16966e-11
9.97617e-06
-8.18099e-11
9.97625e-06
-1.04209e-10
9.97633e-06
-1.15521e-10
9.97641e-06
-1.19827e-10
9.9765e-06
-1.2096e-10
9.97659e-06
-1.22506e-10
9.97668e-06
-1.26074e-10
9.97677e-06
-1.31472e-10
9.97688e-06
-1.3763e-10
9.97698e-06
-1.43487e-10
9.97709e-06
-1.48439e-10
9.9772e-06
-1.52365e-10
9.97732e-06
-1.55352e-10
9.97744e-06
-1.57389e-10
9.97755e-06
-1.58152e-10
9.97767e-06
-1.56918e-10
9.97778e-06
-1.52541e-10
9.97789e-06
-1.43517e-10
9.97798e-06
-1.28188e-10
9.97806e-06
-1.05136e-10
9.97812e-06
-7.37518e-11
9.97814e-06
-3.48276e-11
9.97813e-06
9.04424e-12
9.97809e-06
5.3521e-11
9.97802e-06
9.32688e-11
9.97793e-06
1.23105e-10
9.97783e-06
1.39043e-10
9.97773e-06
1.39458e-10
9.97764e-06
1.2574e-10
9.97756e-06
1.02751e-10
9.97751e-06
7.75554e-11
9.97746e-06
5.72192e-11
9.97743e-06
4.67464e-11
9.97739e-06
4.81029e-11
9.97735e-06
6.02614e-11
9.97729e-06
8.01885e-11
9.97721e-06
1.04053e-10
9.97712e-06
1.28089e-10
9.97701e-06
1.49317e-10
9.97689e-06
1.64435e-10
9.97676e-06
1.71777e-10
9.97664e-06
1.64602e-10
9.97653e-06
1.46986e-10
9.97646e-06
9.39839e-11
9.9764e-06
8.63729e-11
-1.82643e-10
1.61253e-05
3.96499e-10
1.61252e-05
1.34043e-10
1.61251e-05
-5.71555e-12
1.61252e-05
-6.78446e-11
1.61252e-05
-1.33946e-10
1.61253e-05
-1.84596e-10
1.61254e-05
-2.13471e-10
1.61255e-05
-2.28072e-10
1.61256e-05
-2.36444e-10
1.61257e-05
-2.45471e-10
1.61259e-05
-2.58144e-10
1.6126e-05
-2.73884e-10
1.61262e-05
-2.90477e-10
1.61263e-05
-3.05812e-10
1.61265e-05
-3.18761e-10
1.61267e-05
-3.29148e-10
1.61269e-05
-3.37161e-10
1.61271e-05
-3.42715e-10
1.61272e-05
-3.45041e-10
1.61274e-05
-3.42509e-10
1.61276e-05
-3.32612e-10
1.61278e-05
-3.12137e-10
1.61279e-05
-2.77639e-10
1.6128e-05
-2.26313e-10
1.61281e-05
-1.57203e-10
1.61282e-05
-7.2406e-11
1.61282e-05
2.21917e-11
1.61281e-05
1.17138e-10
1.6128e-05
2.01078e-10
1.61278e-05
2.63206e-10
1.61277e-05
2.9548e-10
1.61275e-05
2.9497e-10
1.61274e-05
2.65204e-10
1.61273e-05
2.16718e-10
1.61272e-05
1.64304e-10
1.61271e-05
1.2246e-10
1.61271e-05
1.01249e-10
1.6127e-05
1.04417e-10
1.61269e-05
1.29631e-10
1.61269e-05
1.70586e-10
1.61267e-05
2.19391e-10
1.61266e-05
2.68529e-10
1.61264e-05
3.11613e-10
1.61262e-05
3.42677e-10
1.61261e-05
3.56215e-10
1.61259e-05
3.42796e-10
1.61257e-05
2.98839e-10
1.61256e-05
1.99161e-10
1.61256e-05
1.31698e-10
-3.23071e-10
2.18765e-05
6.16819e-10
2.18764e-05
2.97444e-10
2.18763e-05
7.66851e-11
2.18763e-05
-4.74639e-11
2.18763e-05
-1.64127e-10
2.18764e-05
-2.54397e-10
2.18765e-05
-3.10273e-10
2.18766e-05
-3.4288e-10
2.18767e-05
-3.65306e-10
2.18769e-05
-3.88387e-10
2.1877e-05
-4.167e-10
2.18772e-05
-4.49152e-10
2.18774e-05
-4.82098e-10
2.18776e-05
-5.12128e-10
2.18778e-05
-5.37492e-10
2.18781e-05
-5.57966e-10
2.18783e-05
-5.73879e-10
2.18785e-05
-5.85053e-10
2.18788e-05
-5.90136e-10
2.1879e-05
-5.86326e-10
2.18793e-05
-5.69377e-10
2.18795e-05
-5.33914e-10
2.18797e-05
-4.74276e-10
2.18798e-05
-3.8599e-10
2.18799e-05
-2.67782e-10
2.188e-05
-1.23538e-10
2.188e-05
3.65637e-11
2.18799e-05
1.96563e-10
2.18798e-05
3.37419e-10
2.18796e-05
4.41228e-10
2.18794e-05
4.94878e-10
2.18792e-05
4.9387e-10
2.1879e-05
4.44479e-10
2.18789e-05
3.64363e-10
2.18788e-05
2.77964e-10
2.18787e-05
2.09046e-10
2.18786e-05
1.7401e-10
2.18785e-05
1.78859e-10
2.18784e-05
2.19698e-10
2.18783e-05
2.862e-10
2.18782e-05
3.65472e-10
2.1878e-05
4.45362e-10
2.18778e-05
5.15254e-10
2.18776e-05
5.65906e-10
2.18773e-05
5.86851e-10
2.18771e-05
5.65553e-10
2.18769e-05
4.8701e-10
2.18768e-05
3.28667e-10
2.18767e-05
1.60677e-10
-5.002e-10
2.72144e-05
8.71381e-10
2.72142e-05
5.21359e-10
2.72141e-05
2.22935e-10
2.7214e-05
2.13823e-11
2.7214e-05
-1.59264e-10
2.7214e-05
-3.00017e-10
2.72141e-05
-3.92392e-10
2.72142e-05
-4.511e-10
2.72144e-05
-4.9469e-10
2.72145e-05
-5.3846e-10
2.72147e-05
-5.88817e-10
2.72149e-05
-6.4414e-10
2.72151e-05
-6.99163e-10
2.72153e-05
-7.48966e-10
2.72156e-05
-7.91058e-10
2.72159e-05
-8.25158e-10
2.72161e-05
-8.51784e-10
2.72164e-05
-8.70683e-10
2.72167e-05
-8.79864e-10
2.7217e-05
-8.75202e-10
2.72173e-05
-8.50473e-10
2.72176e-05
-7.97855e-10
2.72178e-05
-7.09173e-10
2.7218e-05
-5.78067e-10
2.72181e-05
-4.02903e-10
2.72182e-05
-1.8959e-10
2.72182e-05
4.68173e-11
2.72181e-05
2.8295e-10
2.72179e-05
4.90937e-10
2.72177e-05
6.4465e-10
2.72175e-05
7.25032e-10
2.72173e-05
7.25583e-10
2.72171e-05
6.5547e-10
2.72169e-05
5.40264e-10
2.72167e-05
4.15315e-10
2.72166e-05
3.15044e-10
2.72165e-05
2.63304e-10
2.72165e-05
2.68952e-10
2.72163e-05
3.26545e-10
2.72162e-05
4.21317e-10
2.7216e-05
5.34729e-10
2.72158e-05
6.49313e-10
2.72156e-05
7.49611e-10
2.72153e-05
8.22538e-10
2.72151e-05
8.5201e-10
2.72148e-05
8.21548e-10
2.72146e-05
7.02582e-10
2.72144e-05
4.75223e-10
2.72144e-05
1.71155e-10
-7.10308e-10
3.21264e-05
1.14989e-09
3.21262e-05
7.93371e-10
3.2126e-05
4.28115e-10
3.21259e-05
1.40931e-10
3.21258e-05
-1.14152e-10
3.21258e-05
-3.14823e-10
3.21259e-05
-4.52369e-10
3.2126e-05
-5.4472e-10
3.21261e-05
-6.15948e-10
3.21263e-05
-6.86186e-10
3.21264e-05
-7.63987e-10
3.21266e-05
-8.47327e-10
3.21269e-05
-9.29237e-10
3.21271e-05
-1.00312e-09
3.21274e-05
-1.06561e-09
3.21277e-05
-1.11633e-09
3.2128e-05
-1.15604e-09
3.21283e-05
-1.18448e-09
3.21286e-05
-1.19904e-09
3.21289e-05
-1.19425e-09
3.21293e-05
-1.16181e-09
3.21296e-05
-1.09132e-09
3.21298e-05
-9.71933e-10
3.213e-05
-7.95216e-10
3.21302e-05
-5.59033e-10
3.21303e-05
-2.71279e-10
3.21303e-05
4.7967e-11
3.21302e-05
3.67553e-10
3.213e-05
6.50149e-10
3.21298e-05
8.60649e-10
3.21296e-05
9.73297e-10
3.21293e-05
9.78994e-10
3.21291e-05
8.89476e-10
3.21289e-05
7.38365e-10
3.21287e-05
5.72548e-10
3.21286e-05
4.38043e-10
3.21285e-05
3.67121e-10
3.21284e-05
3.72187e-10
3.21283e-05
4.46542e-10
3.21281e-05
5.70867e-10
3.21279e-05
7.20604e-10
3.21277e-05
8.72475e-10
3.21274e-05
1.00574e-09
3.21272e-05
1.10295e-09
3.21269e-05
1.14206e-09
3.21266e-05
1.10169e-09
3.21264e-05
9.38437e-10
3.21262e-05
6.33876e-10
3.21262e-05
1.65095e-10
-9.45941e-10
3.66037e-05
1.44127e-09
3.66034e-05
1.09763e-09
3.66031e-05
6.79407e-10
3.66029e-05
3.04935e-10
3.66029e-05
-3.09556e-11
3.66028e-05
-2.98614e-10
3.66029e-05
-4.88358e-10
3.6603e-05
-6.20562e-10
3.66031e-05
-7.24555e-10
3.66032e-05
-8.25523e-10
3.66034e-05
-9.34514e-10
3.66036e-05
-1.04936e-09
3.66038e-05
-1.16144e-09
3.66041e-05
-1.26238e-09
3.66044e-05
-1.3478e-09
3.66047e-05
-1.4172e-09
3.6605e-05
-1.47159e-09
3.66053e-05
-1.51081e-09
3.66056e-05
-1.53175e-09
3.6606e-05
-1.52766e-09
3.66063e-05
-1.48824e-09
3.66066e-05
-1.40051e-09
3.66069e-05
-1.25087e-09
3.66071e-05
-1.02872e-09
3.66073e-05
-7.31178e-10
3.66074e-05
-3.67844e-10
3.66074e-05
3.64317e-11
3.66073e-05
4.42835e-10
3.66072e-05
8.04455e-10
3.6607e-05
1.07685e-09
3.66067e-05
1.22698e-09
3.66064e-05
1.24245e-09
3.66062e-05
1.13686e-09
3.6606e-05
9.51456e-10
3.66058e-05
7.4468e-10
3.66057e-05
5.7464e-10
3.66055e-05
4.82768e-10
3.66054e-05
4.85758e-10
3.66053e-05
5.76154e-10
3.66051e-05
7.30244e-10
3.66049e-05
9.17334e-10
3.66047e-05
1.10803e-09
3.66044e-05
1.276e-09
3.66041e-05
1.39905e-09
3.66038e-05
1.4489e-09
3.66035e-05
1.3985e-09
3.66033e-05
1.18875e-09
3.66031e-05
8.00919e-10
3.66031e-05
1.46133e-10
-1.19773e-09
4.0641e-05
1.73463e-09
4.06407e-05
1.41752e-09
4.06404e-05
9.5969e-10
4.06402e-05
5.0108e-10
4.06401e-05
8.2241e-11
4.064e-05
-2.56492e-10
4.06401e-05
-5.03158e-10
4.06401e-05
-6.795e-10
4.06402e-05
-8.19536e-10
4.06403e-05
-9.53545e-10
4.06405e-05
-1.09539e-09
4.06407e-05
-1.24314e-09
4.06409e-05
-1.38672e-09
4.06412e-05
-1.51595e-09
4.06415e-05
-1.62535e-09
4.06418e-05
-1.7142e-09
4.06421e-05
-1.78384e-09
4.06424e-05
-1.8343e-09
4.06427e-05
-1.86215e-09
4.06431e-05
-1.85953e-09
4.06434e-05
-1.8143e-09
4.06437e-05
-1.71104e-09
4.0644e-05
-1.53347e-09
4.06442e-05
-1.26869e-09
4.06444e-05
-9.12838e-10
4.06445e-05
-4.76738e-10
4.06445e-05
1.05645e-11
4.06445e-05
5.03144e-10
4.06443e-05
9.44862e-10
4.06441e-05
1.28197e-09
4.06439e-05
1.47382e-09
4.06436e-05
1.50402e-09
4.06434e-05
1.38707e-09
4.06431e-05
1.17098e-09
4.0643e-05
9.25246e-10
4.06428e-05
7.20071e-10
4.06427e-05
6.06515e-10
4.06426e-05
6.06234e-10
4.06424e-05
7.11632e-10
4.06423e-05
8.94991e-10
4.06421e-05
1.1196e-09
4.06418e-05
1.34984e-09
4.06415e-05
1.5536e-09
4.06412e-05
1.70367e-09
4.06409e-05
1.76542e-09
4.06406e-05
1.7054e-09
4.06403e-05
1.44837e-09
4.06402e-05
9.72987e-10
4.06402e-05
1.17837e-10
-1.45592e-09
4.42372e-05
2.01982e-09
4.42369e-05
1.73729e-09
4.42366e-05
1.25049e-09
4.42364e-05
7.13725e-10
4.42363e-05
2.13475e-10
4.42362e-05
-1.9724e-10
4.42362e-05
-5.02837e-10
4.42363e-05
-7.25266e-10
4.42364e-05
-9.02455e-10
4.42365e-05
-1.06963e-09
4.42366e-05
-1.24374e-09
4.42368e-05
-1.4235e-09
4.4237e-05
-1.5977e-09
4.42373e-05
-1.75447e-09
4.42375e-05
-1.88718e-09
4.42378e-05
-1.99484e-09
4.42381e-05
-2.07912e-09
4.42384e-05
-2.1404e-09
4.42387e-05
-2.1751e-09
4.4239e-05
-2.17453e-09
4.42394e-05
-2.12494e-09
4.42397e-05
-2.00868e-09
4.42399e-05
-1.80697e-09
4.42402e-05
-1.50457e-09
4.42403e-05
-1.09635e-09
4.42405e-05
-5.9378e-10
4.42405e-05
-2.92998e-11
4.42405e-05
5.44946e-10
4.42403e-05
1.06435e-09
4.42402e-05
1.46628e-09
4.42399e-05
1.70244e-09
4.42397e-05
1.75185e-09
4.42394e-05
1.6289e-09
4.42392e-05
1.38716e-09
4.4239e-05
1.10626e-09
4.42389e-05
8.68054e-10
4.42388e-05
7.33337e-10
4.42386e-05
7.29238e-10
4.42385e-05
8.48662e-10
4.42383e-05
1.06042e-09
4.42381e-05
1.32209e-09
4.42379e-05
1.59194e-09
4.42376e-05
1.83205e-09
4.42373e-05
2.01002e-09
4.4237e-05
2.08484e-09
4.42367e-05
2.01613e-09
4.42364e-05
1.7122e-09
4.42362e-05
1.14641e-09
4.42363e-05
8.26841e-11
-1.71138e-09
4.73949e-05
2.28779e-09
4.73946e-05
2.04293e-09
4.73943e-05
1.53411e-09
4.73941e-05
9.26445e-10
4.7394e-05
3.49209e-10
4.73939e-05
-1.31351e-10
4.73939e-05
-4.95016e-10
4.73939e-05
-7.62928e-10
4.7394e-05
-9.76062e-10
4.73941e-05
-1.1743e-09
4.73942e-05
-1.37782e-09
4.73944e-05
-1.58643e-09
4.73946e-05
-1.78819e-09
4.73948e-05
-1.96974e-09
4.7395e-05
-2.12336e-09
4.73953e-05
-2.24774e-09
4.73956e-05
-2.3449e-09
4.73958e-05
-2.41569e-09
4.73961e-05
-2.45661e-09
4.73964e-05
-2.45841e-09
4.73967e-05
-2.40604e-09
4.7397e-05
-2.27995e-09
4.73972e-05
-2.05903e-09
4.73974e-05
-1.72577e-09
4.73976e-05
-1.27346e-09
4.73977e-05
-7.13646e-10
4.73978e-05
-8.11917e-11
4.73978e-05
5.66655e-10
4.73977e-05
1.15789e-09
4.73975e-05
1.62179e-09
4.73973e-05
1.90267e-09
4.73971e-05
1.97462e-09
4.73969e-05
1.85086e-09
4.73967e-05
1.5893e-09
4.73965e-05
1.27839e-09
4.73964e-05
1.01081e-09
4.73962e-05
8.568e-10
4.73961e-05
8.49219e-10
4.7396e-05
9.8204e-10
4.73958e-05
1.22121e-09
4.73956e-05
1.51907e-09
4.73954e-05
1.82805e-09
4.73951e-05
2.10456e-09
4.73948e-05
2.31102e-09
4.73945e-05
2.40007e-09
4.73942e-05
2.32399e-09
4.73939e-05
1.97459e-09
4.73937e-05
1.3167e-09
4.73938e-05
4.17479e-11
-1.95616e-09
5.01194e-05
2.53073e-09
5.01191e-05
2.32239e-09
5.01189e-05
1.79477e-09
5.01187e-05
1.12398e-09
5.01186e-05
4.76474e-10
5.01185e-05
-6.90184e-11
5.01185e-05
-4.87036e-10
5.01185e-05
-7.97226e-10
5.01186e-05
-1.04278e-09
5.01187e-05
-1.26784e-09
5.01188e-05
-1.49586e-09
5.0119e-05
-1.72812e-09
5.01191e-05
-1.95239e-09
5.01193e-05
-2.15417e-09
5.01195e-05
-2.32471e-09
5.01197e-05
-2.46244e-09
5.01199e-05
-2.56972e-09
5.01202e-05
-2.64798e-09
5.01204e-05
-2.69404e-09
5.01207e-05
-2.69835e-09
5.01209e-05
-2.64493e-09
5.01211e-05
-2.51266e-09
5.01213e-05
-2.27835e-09
5.01215e-05
-1.92231e-09
5.01217e-05
-1.43605e-09
5.01218e-05
-8.30562e-10
5.01219e-05
-1.42129e-10
5.01219e-05
5.68142e-10
5.01218e-05
1.22217e-09
5.01217e-05
1.7422e-09
5.01215e-05
2.06572e-09
5.01213e-05
2.16179e-09
5.01212e-05
2.04166e-09
5.0121e-05
1.76621e-09
5.01208e-05
1.43132e-09
5.01207e-05
1.13926e-09
5.01206e-05
9.69079e-10
5.01205e-05
9.59309e-10
5.01204e-05
1.10539e-09
5.01202e-05
1.37101e-09
5.012e-05
1.70388e-09
5.01198e-05
2.05101e-09
5.01195e-05
2.36349e-09
5.01192e-05
2.5987e-09
5.01189e-05
2.7031e-09
5.01186e-05
2.62133e-09
5.01184e-05
2.22884e-09
5.01182e-05
1.47836e-09
5.01183e-05
-4.91336e-12
-2.18349e-09
5.24185e-05
2.74203e-09
5.24182e-05
2.56531e-09
5.2418e-05
2.01925e-09
5.24179e-05
1.29374e-09
5.24178e-05
5.8474e-10
5.24177e-05
-1.8203e-11
5.24177e-05
-4.84139e-10
5.24177e-05
-8.30881e-10
5.24178e-05
-1.10312e-09
5.24179e-05
-1.34887e-09
5.2418e-05
-1.59475e-09
5.24181e-05
-1.84384e-09
5.24182e-05
-2.08405e-09
5.24184e-05
-2.30007e-09
5.24185e-05
-2.48236e-09
5.24187e-05
-2.6291e-09
5.24189e-05
-2.74304e-09
5.2419e-05
-2.82629e-09
5.24192e-05
-2.87615e-09
5.24194e-05
-2.8831e-09
5.24196e-05
-2.83058e-09
5.24198e-05
-2.69624e-09
5.242e-05
-2.45513e-09
5.24201e-05
-2.08546e-09
5.24203e-05
-1.57682e-09
5.24204e-05
-9.39058e-10
5.24204e-05
-2.08893e-10
5.24205e-05
5.50027e-10
5.24204e-05
1.25499e-09
5.24203e-05
1.82249e-09
5.24202e-05
2.18404e-09
5.24201e-05
2.30382e-09
5.24199e-05
2.19047e-09
5.24198e-05
1.90665e-09
5.24197e-05
1.55412e-09
5.24196e-05
1.24332e-09
5.24195e-05
1.06108e-09
5.24194e-05
1.05125e-09
5.24193e-05
1.21093e-09
5.24191e-05
1.50206e-09
5.2419e-05
1.86841e-09
5.24188e-05
2.2522e-09
5.24185e-05
2.59967e-09
5.24183e-05
2.86351e-09
5.2418e-05
2.98433e-09
5.24177e-05
2.89905e-09
5.24175e-05
2.46703e-09
5.24173e-05
1.62534e-09
5.24174e-05
-5.68751e-11
-2.38702e-09
5.43008e-05
2.91589e-09
5.43006e-05
2.76253e-09
5.43004e-05
2.1973e-09
5.43003e-05
1.42695e-09
5.43002e-05
6.67426e-10
5.43002e-05
1.69976e-11
5.43002e-05
-4.87896e-10
5.43002e-05
-8.63105e-10
5.43003e-05
-1.15435e-09
5.43003e-05
-1.41311e-09
5.43004e-05
-1.66901e-09
5.43005e-05
-1.92709e-09
5.43006e-05
-2.17576e-09
5.43007e-05
-2.39924e-09
5.43008e-05
-2.58741e-09
5.43009e-05
-2.73831e-09
5.4301e-05
-2.85516e-09
5.43011e-05
-2.94078e-09
5.43013e-05
-2.99317e-09
5.43014e-05
-3.00312e-09
5.43015e-05
-2.95381e-09
5.43016e-05
-2.82205e-09
5.43017e-05
-2.58142e-09
5.43019e-05
-2.20822e-09
5.4302e-05
-1.68992e-09
5.43021e-05
-1.03473e-09
5.43021e-05
-2.78858e-10
5.43022e-05
5.12861e-10
5.43022e-05
1.25459e-09
5.43021e-05
1.8585e-09
5.43021e-05
2.25114e-09
5.4302e-05
2.39219e-09
5.43019e-05
2.28727e-09
5.43018e-05
1.99977e-09
5.43017e-05
1.63579e-09
5.43017e-05
1.31232e-09
5.43016e-05
1.12273e-09
5.43015e-05
1.11548e-09
5.43014e-05
1.2893e-09
5.43013e-05
1.60486e-09
5.43012e-05
2.00266e-09
5.4301e-05
2.42092e-09
5.43008e-05
2.80177e-09
5.43006e-05
3.09379e-09
5.43004e-05
3.23231e-09
5.43001e-05
3.1466e-09
5.42999e-05
2.68059e-09
5.42998e-05
1.75253e-09
5.42998e-05
-1.10628e-10
-2.55974e-09
5.57764e-05
3.04713e-09
5.57763e-05
2.90599e-09
5.57761e-05
2.32268e-09
5.5776e-05
1.5199e-09
5.5776e-05
7.23095e-10
5.5776e-05
3.75215e-11
5.5776e-05
-4.95134e-10
5.5776e-05
-8.887e-10
5.5776e-05
-1.18975e-09
5.57761e-05
-1.45291e-09
5.57761e-05
-1.71052e-09
5.57762e-05
-1.96958e-09
5.57762e-05
-2.21916e-09
5.57763e-05
-2.44328e-09
5.57763e-05
-2.63147e-09
5.57763e-05
-2.78177e-09
5.57764e-05
-2.89791e-09
5.57764e-05
-2.98356e-09
5.57765e-05
-3.03757e-09
5.57765e-05
-3.05128e-09
5.57766e-05
-3.00801e-09
5.57766e-05
-2.88406e-09
5.57767e-05
-2.6519e-09
5.57768e-05
-2.28603e-09
5.57769e-05
-1.77172e-09
5.57769e-05
-1.11503e-09
5.5777e-05
-3.50762e-10
5.57771e-05
4.56418e-10
5.57771e-05
1.2191e-09
5.57771e-05
1.84657e-09
5.57771e-05
2.26158e-09
5.57771e-05
2.41982e-09
5.57771e-05
2.32359e-09
5.5777e-05
2.03608e-09
5.5777e-05
1.66625e-09
5.5777e-05
1.33602e-09
5.57769e-05
1.14379e-09
5.57769e-05
1.14177e-09
5.57769e-05
1.33007e-09
5.57768e-05
1.66842e-09
5.57767e-05
2.09485e-09
5.57766e-05
2.54449e-09
5.57764e-05
2.95642e-09
5.57763e-05
3.27601e-09
5.5776e-05
3.43429e-09
5.57758e-05
3.3533e-09
5.57757e-05
2.86267e-09
5.57755e-05
1.85931e-09
5.57756e-05
-1.56677e-10
-2.69336e-09
5.68627e-05
3.13231e-09
5.68626e-05
2.99101e-09
5.68626e-05
2.39543e-09
5.68625e-05
1.57507e-09
5.68625e-05
7.55888e-10
5.68625e-05
4.92877e-11
5.68625e-05
-4.98423e-10
5.68625e-05
-8.99035e-10
5.68625e-05
-1.2001e-09
5.68625e-05
-1.45912e-09
5.68625e-05
-1.71077e-09
5.68625e-05
-1.96371e-09
5.68625e-05
-2.20761e-09
5.68625e-05
-2.42644e-09
5.68624e-05
-2.60954e-09
5.68624e-05
-2.75514e-09
5.68624e-05
-2.86759e-09
5.68624e-05
-2.9515e-09
5.68623e-05
-3.00672e-09
5.68623e-05
-3.02544e-09
5.68623e-05
-2.99142e-09
5.68623e-05
-2.88088e-09
5.68623e-05
-2.66551e-09
5.68623e-05
-2.3182e-09
5.68624e-05
-1.8219e-09
5.68624e-05
-1.18004e-09
5.68625e-05
-4.25095e-10
5.68626e-05
3.79693e-10
5.68627e-05
1.14695e-09
5.68627e-05
1.7845e-09
5.68628e-05
2.21251e-09
5.68628e-05
2.38309e-09
5.68628e-05
2.29497e-09
5.68629e-05
2.01023e-09
5.68629e-05
1.63938e-09
5.68629e-05
1.3076e-09
5.68629e-05
1.11686e-09
5.6863e-05
1.12207e-09
5.6863e-05
1.32438e-09
5.6863e-05
1.68291e-09
5.68629e-05
2.13404e-09
5.68629e-05
2.61099e-09
5.68628e-05
3.05108e-09
5.68626e-05
3.39781e-09
5.68625e-05
3.57952e-09
5.68623e-05
3.51189e-09
5.68622e-05
3.01233e-09
5.68621e-05
1.95362e-09
5.68621e-05
-1.79206e-10
-2.78021e-09
5.76019e-05
3.17337e-09
5.76019e-05
3.0214e-09
5.76019e-05
2.42394e-09
5.76019e-05
1.60104e-09
5.76018e-05
7.74317e-10
5.76018e-05
6.07091e-11
5.76018e-05
-4.89496e-10
5.76018e-05
-8.86535e-10
5.76018e-05
-1.17898e-09
5.76018e-05
-1.42694e-09
5.76017e-05
-1.66684e-09
5.76017e-05
-1.90854e-09
5.76016e-05
-2.14207e-09
5.76015e-05
-2.35136e-09
5.76014e-05
-2.52575e-09
5.76013e-05
-2.66376e-09
5.76012e-05
-2.77048e-09
5.76011e-05
-2.85156e-09
5.7601e-05
-2.90801e-09
5.7601e-05
-2.93309e-09
5.76009e-05
-2.91136e-09
5.76008e-05
-2.81938e-09
5.76008e-05
-2.62841e-09
5.76008e-05
-2.30997e-09
5.76008e-05
-1.8446e-09
5.76008e-05
-1.23266e-09
5.76009e-05
-5.03399e-10
5.7601e-05
2.82527e-10
5.76011e-05
1.03923e-09
5.76012e-05
1.67458e-09
5.76013e-05
2.10723e-09
5.76014e-05
2.28593e-09
5.76015e-05
2.20547e-09
5.76016e-05
1.92596e-09
5.76017e-05
1.55821e-09
5.76018e-05
1.2292e-09
5.76018e-05
1.04304e-09
5.76019e-05
1.05636e-09
5.7602e-05
1.27109e-09
5.7602e-05
1.64608e-09
5.7602e-05
2.11701e-09
5.7602e-05
2.61643e-09
5.7602e-05
3.08146e-09
5.76019e-05
3.45525e-09
5.76018e-05
3.66564e-09
5.76017e-05
3.62328e-09
5.76016e-05
3.13674e-09
5.76015e-05
2.05023e-09
5.76015e-05
-1.63362e-10
-2.81837e-09
5.80799e-05
3.18036e-09
5.808e-05
3.01161e-09
5.808e-05
2.42267e-09
5.80799e-05
1.60947e-09
5.80799e-05
7.87619e-10
5.80799e-05
7.83757e-11
5.80799e-05
-4.64701e-10
5.80799e-05
-8.50746e-10
5.80798e-05
-1.1291e-09
5.80797e-05
-1.362e-09
5.80797e-05
-1.58705e-09
5.80796e-05
-1.81476e-09
5.80795e-05
-2.03538e-09
5.80793e-05
-2.23281e-09
5.80792e-05
-2.3965e-09
5.80791e-05
-2.52538e-09
5.80789e-05
-2.62534e-09
5.80788e-05
-2.7031e-09
5.80786e-05
-2.76088e-09
5.80785e-05
-2.79321e-09
5.80784e-05
-2.78577e-09
5.80783e-05
-2.71582e-09
5.80782e-05
-2.55457e-09
5.80782e-05
-2.27243e-09
5.80782e-05
-1.84761e-09
5.80782e-05
-1.27709e-09
5.80783e-05
-5.86164e-10
5.80784e-05
1.68167e-10
5.80785e-05
9.02492e-10
5.80787e-05
1.52636e-09
5.80788e-05
1.95771e-09
5.8079e-05
2.14212e-09
5.80791e-05
2.06993e-09
5.80792e-05
1.79848e-09
5.80794e-05
1.43779e-09
5.80795e-05
1.11519e-09
5.80796e-05
9.35775e-10
5.80797e-05
9.57136e-10
5.80798e-05
1.18187e-09
5.80799e-05
1.56912e-09
5.80799e-05
2.05477e-09
5.808e-05
2.57187e-09
5.808e-05
3.05864e-09
5.808e-05
3.45926e-09
5.80799e-05
3.70301e-09
5.80799e-05
3.697e-09
5.80798e-05
3.24472e-09
5.80796e-05
2.15706e-09
5.80796e-05
-1.07347e-10
-2.8142e-09
5.84194e-05
3.16746e-09
5.84195e-05
2.98037e-09
5.84195e-05
2.40615e-09
5.84195e-05
1.61127e-09
5.84195e-05
8.02684e-10
5.84195e-05
1.04411e-10
5.84194e-05
-4.27052e-10
5.84194e-05
-7.99629e-10
5.84193e-05
-1.06268e-09
5.84192e-05
-1.27986e-09
5.84191e-05
-1.48935e-09
5.8419e-05
-1.70216e-09
5.84189e-05
-1.90886e-09
5.84187e-05
-2.09355e-09
5.84186e-05
-2.24588e-09
5.84184e-05
-2.36523e-09
5.84183e-05
-2.45821e-09
5.84181e-05
-2.53251e-09
5.84179e-05
-2.59158e-09
5.84178e-05
-2.63124e-09
5.84176e-05
-2.63848e-09
5.84175e-05
-2.59155e-09
5.84174e-05
-2.46192e-09
5.84173e-05
-2.2192e-09
5.84173e-05
-1.8395e-09
5.84174e-05
-1.31641e-09
5.84175e-05
-6.71008e-10
5.84176e-05
4.40926e-11
5.84177e-05
7.48842e-10
5.84179e-05
1.35556e-09
5.84181e-05
1.78227e-09
5.84183e-05
1.97168e-09
5.84184e-05
1.90952e-09
5.84186e-05
1.64976e-09
5.84187e-05
1.30038e-09
5.84188e-05
9.87803e-10
5.8419e-05
8.16977e-10
5.84191e-05
8.46042e-10
5.84192e-05
1.07846e-09
5.84193e-05
1.47429e-09
5.84193e-05
1.97051e-09
5.84194e-05
2.50146e-09
5.84195e-05
3.0071e-09
5.84195e-05
3.43316e-09
5.84195e-05
3.711e-09
5.84194e-05
3.74498e-09
5.84193e-05
3.3352e-09
5.84192e-05
2.26037e-09
5.84192e-05
-2.59557e-11
-2.7772e-09
5.86976e-05
3.14255e-09
5.86976e-05
2.9373e-09
5.86977e-05
2.38166e-09
5.86977e-05
1.61191e-09
5.86977e-05
8.23055e-10
5.86976e-05
1.40156e-10
5.86976e-05
-3.77767e-10
5.86975e-05
-7.36827e-10
5.86974e-05
-9.85467e-10
5.86973e-05
-1.18785e-09
5.86972e-05
-1.38223e-09
5.86971e-05
-1.58008e-09
5.8697e-05
-1.77256e-09
5.86968e-05
-1.94424e-09
5.86967e-05
-2.08517e-09
5.86965e-05
-2.19511e-09
5.86963e-05
-2.28125e-09
5.86961e-05
-2.35213e-09
5.8696e-05
-2.41231e-09
5.86958e-05
-2.45899e-09
5.86956e-05
-2.48054e-09
5.86955e-05
-2.45642e-09
5.86954e-05
-2.3587e-09
5.86953e-05
-2.15656e-09
5.86953e-05
-1.82428e-09
5.86953e-05
-1.35225e-09
5.86954e-05
-7.57079e-10
5.86956e-05
-8.6662e-11
5.86957e-05
5.83471e-10
5.86959e-05
1.16907e-09
5.86961e-05
1.58911e-09
5.86963e-05
1.78378e-09
5.86965e-05
1.73415e-09
5.86966e-05
1.49023e-09
5.86968e-05
1.15673e-09
5.86969e-05
8.57765e-10
5.8697e-05
6.97186e-10
5.86971e-05
7.33367e-10
5.86972e-05
9.70989e-10
5.86973e-05
1.37183e-09
5.86974e-05
1.87479e-09
5.86975e-05
2.41613e-09
5.86976e-05
2.93791e-09
5.86976e-05
3.38753e-09
5.86977e-05
3.69846e-09
5.86976e-05
3.77277e-09
5.86975e-05
3.40829e-09
5.86975e-05
2.35509e-09
5.86973e-05
7.61228e-11
-2.7111e-09
5.89358e-05
3.10797e-09
5.89358e-05
2.88472e-09
5.89358e-05
2.35171e-09
5.89358e-05
1.61368e-09
5.89358e-05
8.51037e-10
5.89358e-05
1.87937e-10
5.89357e-05
-3.14713e-10
5.89356e-05
-6.60539e-10
5.89355e-05
-8.96012e-10
5.89354e-05
-1.08486e-09
5.89353e-05
-1.26485e-09
5.89352e-05
-1.44794e-09
5.8935e-05
-1.62613e-09
5.89349e-05
-1.78479e-09
5.89347e-05
-1.91444e-09
5.89345e-05
-2.01523e-09
5.89343e-05
-2.09476e-09
5.89342e-05
-2.16228e-09
5.8934e-05
-2.22339e-09
5.89338e-05
-2.27669e-09
5.89336e-05
-2.31212e-09
5.89335e-05
-2.31059e-09
5.89334e-05
-2.24513e-09
5.89333e-05
-2.08486e-09
5.89333e-05
-1.80258e-09
5.89333e-05
-1.38553e-09
5.89334e-05
-8.45681e-10
5.89335e-05
-2.25551e-10
5.89337e-05
4.04731e-10
5.89339e-05
9.65435e-10
5.89341e-05
1.37723e-09
5.89343e-05
1.57798e-09
5.89345e-05
1.54393e-09
5.89347e-05
1.32043e-09
5.89348e-05
1.00758e-09
5.8935e-05
7.25723e-10
5.89351e-05
5.76678e-10
5.89352e-05
6.18826e-10
5.89353e-05
8.58533e-10
5.89354e-05
1.26019e-09
5.89355e-05
1.76558e-09
5.89356e-05
2.31356e-09
5.89357e-05
2.84868e-09
5.89358e-05
3.32022e-09
5.89358e-05
3.66401e-09
5.89358e-05
3.78063e-09
5.89358e-05
3.46776e-09
5.89357e-05
2.44909e-09
5.89355e-05
2.06313e-10
-2.61351e-09
5.91341e-05
3.06578e-09
5.91341e-05
2.82489e-09
5.91342e-05
2.3194e-09
5.91341e-05
1.61988e-09
5.91341e-05
8.89886e-10
5.9134e-05
2.50766e-10
5.9134e-05
-2.35347e-10
5.91339e-05
-5.68908e-10
5.91338e-05
-7.93013e-10
5.91337e-05
-9.69972e-10
5.91335e-05
-1.1366e-09
5.91334e-05
-1.30535e-09
5.91332e-05
-1.46941e-09
5.91331e-05
-1.61521e-09
5.91329e-05
-1.73391e-09
5.91327e-05
-1.82596e-09
5.91325e-05
-1.89921e-09
5.91323e-05
-1.96344e-09
5.91321e-05
-2.02526e-09
5.91319e-05
-2.08471e-09
5.91317e-05
-2.13349e-09
5.91316e-05
-2.15429e-09
5.91314e-05
-2.12146e-09
5.91314e-05
-2.00448e-09
5.91313e-05
-1.77501e-09
5.91314e-05
-1.41725e-09
5.91315e-05
-9.3819e-10
5.91316e-05
-3.74226e-10
5.91318e-05
2.1081e-10
5.9132e-05
7.43062e-10
5.91323e-05
1.14554e-09
5.91325e-05
1.35382e-09
5.91327e-05
1.3391e-09
5.91329e-05
1.14121e-09
5.9133e-05
8.54086e-10
5.91332e-05
5.9275e-10
5.91333e-05
4.56068e-10
5.91334e-05
5.0232e-10
5.91335e-05
7.40166e-10
5.91336e-05
1.1377e-09
5.91338e-05
1.64062e-09
5.91339e-05
2.19116e-09
5.9134e-05
2.73673e-09
5.91341e-05
3.22874e-09
5.91341e-05
3.60586e-09
5.91342e-05
3.76814e-09
5.91341e-05
3.51626e-09
5.9134e-05
2.54882e-09
5.91338e-05
3.75307e-10
-2.47921e-09
5.92926e-05
3.01785e-09
5.92927e-05
2.76012e-09
5.92927e-05
2.28838e-09
5.92927e-05
1.63475e-09
5.92926e-05
9.43841e-10
5.92925e-05
3.32328e-10
5.92924e-05
-1.3668e-10
5.92923e-05
-4.601e-10
5.92922e-05
-6.7534e-10
5.92921e-05
-8.42513e-10
5.9292e-05
-9.9709e-10
5.92918e-05
-1.15213e-09
5.92916e-05
-1.30238e-09
5.92915e-05
-1.43567e-09
5.92913e-05
-1.54394e-09
5.92911e-05
-1.62781e-09
5.92909e-05
-1.6952e-09
5.92907e-05
-1.75626e-09
5.92904e-05
-1.81852e-09
5.92902e-05
-1.88355e-09
5.92901e-05
-1.94505e-09
5.92899e-05
-1.9878e-09
5.92898e-05
-1.98796e-09
5.92897e-05
-1.91583e-09
5.92896e-05
-1.74226e-09
5.92897e-05
-1.44848e-09
5.92898e-05
-1.03611e-09
5.92899e-05
-5.34507e-10
5.92901e-05
-2.94269e-13
5.92904e-05
5.00183e-10
5.92906e-05
8.92881e-10
5.92909e-05
1.11088e-09
5.92911e-05
1.12006e-09
5.92913e-05
9.53775e-10
5.92914e-05
6.97867e-10
5.92916e-05
4.6037e-10
5.92917e-05
3.3632e-10
5.92918e-05
3.83928e-10
5.92919e-05
6.14962e-10
5.92921e-05
1.00251e-09
5.92922e-05
1.49743e-09
5.92924e-05
2.04607e-09
5.92925e-05
2.59908e-09
5.92926e-05
3.11027e-09
5.92927e-05
3.52168e-09
5.92927e-05
3.73419e-09
5.92927e-05
3.55542e-09
5.92926e-05
2.66011e-09
5.92924e-05
5.97023e-10
-2.29964e-09
5.94115e-05
2.9657e-09
5.94115e-05
2.69256e-09
5.94116e-05
2.2628e-09
5.94115e-05
1.66345e-09
5.94115e-05
1.0181e-09
5.94113e-05
4.36969e-10
5.94112e-05
-1.55213e-11
5.94111e-05
-3.32397e-10
5.9411e-05
-5.42114e-10
5.94108e-05
-7.02111e-10
5.94107e-05
-8.4622e-10
5.94105e-05
-9.88323e-10
5.94103e-05
-1.12521e-09
5.94101e-05
-1.24653e-09
5.94099e-05
-1.34507e-09
5.94097e-05
-1.42152e-09
5.94095e-05
-1.48357e-09
5.94093e-05
-1.54156e-09
5.94091e-05
-1.60391e-09
5.94089e-05
-1.67382e-09
5.94087e-05
-1.74723e-09
5.94085e-05
-1.81145e-09
5.94084e-05
-1.84493e-09
5.94083e-05
-1.8193e-09
5.94082e-05
-1.70501e-09
5.94083e-05
-1.48036e-09
5.94084e-05
-1.14111e-09
5.94085e-05
-7.08595e-10
5.94088e-05
-2.30538e-10
5.9409e-05
2.3489e-10
5.94093e-05
6.17982e-10
5.94096e-05
8.48716e-10
5.94098e-05
8.87425e-10
5.941e-05
7.59715e-10
5.94102e-05
5.41058e-10
5.94103e-05
3.30614e-10
5.94104e-05
2.18789e-10
5.94105e-05
2.63936e-10
5.94107e-05
4.81994e-10
5.94108e-05
8.52618e-10
5.9411e-05
1.33326e-09
5.94111e-05
1.87513e-09
5.94113e-05
2.43248e-09
5.94115e-05
2.96165e-09
5.94116e-05
3.40874e-09
5.94116e-05
3.67697e-09
5.94116e-05
3.58603e-09
5.94115e-05
2.78884e-09
5.94112e-05
8.89414e-10
-2.06199e-09
5.94907e-05
2.91083e-09
5.94908e-05
2.62417e-09
5.94908e-05
2.24768e-09
5.94907e-05
1.71229e-09
5.94906e-05
1.11896e-09
5.94905e-05
5.70529e-10
5.94904e-05
1.30388e-10
5.94902e-05
-1.83715e-10
5.94901e-05
-3.92796e-10
5.94899e-05
-5.48733e-10
5.94898e-05
-6.84211e-10
5.94896e-05
-8.14241e-10
5.94894e-05
-9.38303e-10
5.94892e-05
-1.04832e-09
5.9489e-05
-1.13804e-09
5.94888e-05
-1.20798e-09
5.94886e-05
-1.26532e-09
5.94883e-05
-1.32035e-09
5.94881e-05
-1.38233e-09
5.94879e-05
-1.45624e-09
5.94877e-05
-1.54057e-09
5.94875e-05
-1.62562e-09
5.94874e-05
-1.69267e-09
5.94872e-05
-1.71527e-09
5.94872e-05
-1.6639e-09
5.94872e-05
-1.51411e-09
5.94874e-05
-1.25502e-09
5.94875e-05
-8.98922e-10
5.94878e-05
-4.82768e-10
5.94881e-05
-5.39672e-11
5.94884e-05
3.19065e-10
5.94887e-05
5.66867e-10
5.94889e-05
6.41947e-10
5.94891e-05
5.6109e-10
5.94893e-05
3.86383e-10
5.94894e-05
2.06095e-10
5.94895e-05
1.05268e-10
5.94896e-05
1.42885e-10
5.94898e-05
3.40283e-10
5.94899e-05
6.85771e-10
5.94901e-05
1.14503e-09
5.94903e-05
1.67484e-09
5.94905e-05
2.23326e-09
5.94907e-05
2.77929e-09
5.94908e-05
3.26368e-09
5.94909e-05
3.5936e-09
5.94909e-05
3.60763e-09
5.94908e-05
2.94094e-09
5.94904e-05
1.27592e-09
-1.74823e-09
5.95304e-05
2.85677e-09
5.95305e-05
2.55921e-09
5.95305e-05
2.25143e-09
5.95304e-05
1.79054e-09
5.95303e-05
1.25507e-09
5.95301e-05
7.38904e-10
5.95299e-05
3.07344e-10
5.95297e-05
-1.35775e-11
5.95296e-05
-2.26899e-10
5.95294e-05
-3.82671e-10
5.95292e-05
-5.11641e-10
5.95291e-05
-6.30497e-10
5.95289e-05
-7.42292e-10
5.95287e-05
-8.41813e-10
5.95284e-05
-9.23829e-10
5.95282e-05
-9.88357e-10
5.9528e-05
-1.04171e-09
5.95278e-05
-1.09387e-09
5.95275e-05
-1.1549e-09
5.95273e-05
-1.23172e-09
5.95271e-05
-1.32574e-09
5.95269e-05
-1.43075e-09
5.95267e-05
-1.53155e-09
5.95266e-05
-1.6042e-09
5.95266e-05
-1.61973e-09
5.95266e-05
-1.5509e-09
5.95268e-05
-1.37954e-09
5.9527e-05
-1.1074e-09
5.95272e-05
-7.59266e-10
5.95276e-05
-3.71347e-10
5.95279e-05
-3.53269e-12
5.95282e-05
2.64634e-10
5.95284e-05
3.84739e-10
5.95286e-05
3.60682e-10
5.95288e-05
2.37275e-10
5.95289e-05
9.01694e-11
5.9529e-05
-2.17942e-12
5.95291e-05
2.1531e-11
5.95293e-05
1.88674e-10
5.95295e-05
4.99422e-10
5.95297e-05
9.29296e-10
5.95299e-05
1.44121e-09
5.95302e-05
1.99722e-09
5.95304e-05
2.55879e-09
5.95306e-05
3.08211e-09
5.95307e-05
3.47924e-09
5.95307e-05
3.61748e-09
5.95305e-05
3.11462e-09
5.953e-05
1.79179e-09
-1.33786e-09
5.95307e-05
2.78641e-09
5.95308e-05
2.52972e-09
5.95307e-05
2.31189e-09
5.95305e-05
1.94351e-09
5.95303e-05
1.47244e-09
5.95301e-05
9.82635e-10
5.95298e-05
5.44895e-10
5.95296e-05
1.86589e-10
5.95295e-05
-5.73508e-11
5.95293e-05
-2.1529e-10
5.95291e-05
-3.38491e-10
5.95289e-05
-4.46281e-10
5.95288e-05
-5.45609e-10
5.95285e-05
-6.34452e-10
5.95283e-05
-7.08801e-10
5.95281e-05
-7.68187e-10
5.95279e-05
-8.17935e-10
5.95277e-05
-8.67588e-10
5.95274e-05
-9.27858e-10
5.95272e-05
-1.00754e-09
5.9527e-05
-1.11088e-09
5.95268e-05
-1.23515e-09
5.95266e-05
-1.36868e-09
5.95265e-05
-1.49026e-09
5.95265e-05
-1.57181e-09
5.95265e-05
-1.58365e-09
5.95266e-05
-1.50059e-09
5.95268e-05
-1.31385e-09
5.95271e-05
-1.03561e-09
5.95274e-05
-6.89605e-10
5.95278e-05
-3.5031e-10
5.95281e-05
-7.10047e-11
5.95284e-05
1.1486e-10
5.95286e-05
1.67136e-10
5.95287e-05
1.07261e-10
5.95288e-05
-6.23057e-12
5.95289e-05
-9.93377e-11
5.9529e-05
-1.06949e-10
5.95292e-05
8.88337e-12
5.95294e-05
2.6488e-10
5.95297e-05
6.49636e-10
5.953e-05
1.1334e-09
5.95303e-05
1.6824e-09
5.95306e-05
2.26037e-09
5.95309e-05
2.8318e-09
5.95311e-05
3.31717e-09
5.9531e-05
3.63562e-09
5.95308e-05
3.38212e-09
5.953e-05
2.51935e-09
-7.77368e-10
3.05097e-05
2.33411e-09
3.05105e-05
1.7166e-09
3.05114e-05
1.37326e-09
3.05128e-05
5.77229e-10
3.05141e-05
1.48143e-10
3.05151e-05
-1.52955e-11
3.05157e-05
-1.65591e-11
3.05158e-05
9.18348e-12
3.05161e-05
-3.35237e-10
3.0517e-05
-1.04479e-09
3.05186e-05
-1.99805e-09
3.05209e-05
-2.72577e-09
3.05231e-05
-2.79005e-09
3.05245e-05
-1.98609e-09
3.05243e-05
-5.27267e-10
3.05224e-05
1.13546e-09
3.05187e-05
2.86901e-09
3.05135e-05
4.37043e-09
3.05073e-05
5.28559e-09
3.05008e-05
5.42692e-09
3.04949e-05
4.77963e-09
3.04902e-05
3.47962e-09
3.04871e-05
1.76387e-09
3.04857e-05
-1.28191e-10
3.04859e-05
-1.74459e-09
3.04876e-05
-3.25402e-09
3.04905e-05
-4.41975e-09
3.04943e-05
-5.07723e-09
3.04984e-05
-5.16146e-09
3.05024e-05
-4.69071e-09
3.05059e-05
-3.81563e-09
3.05085e-05
-2.72444e-09
3.05102e-05
-1.61151e-09
3.05111e-05
-7.0092e-10
3.05114e-05
-1.45501e-10
3.05113e-05
1.14373e-11
3.05113e-05
-1.05886e-10
3.05115e-05
-3.12416e-10
3.05121e-05
-5.07949e-10
3.05129e-05
-5.42525e-10
3.05139e-05
-4.09739e-10
3.05151e-05
-2.20146e-11
3.05164e-05
4.11965e-10
3.05175e-05
1.06704e-09
3.05188e-05
1.61797e-09
3.05198e-05
2.25644e-09
3.05206e-05
2.89591e-09
3.05213e-05
2.65961e-09
3.05192e-05
4.59789e-09
1.9481e-09
1.20503e-05
2.78002e-10
1.20568e-05
-4.72547e-09
1.20655e-05
-7.33157e-09
1.20748e-05
-8.69797e-09
1.20822e-05
-7.24359e-09
1.20872e-05
-5.04907e-09
1.20907e-05
-3.48394e-09
1.20932e-05
-2.52864e-09
1.20956e-05
-2.70083e-09
1.20979e-05
-3.34472e-09
1.21e-05
-4.17582e-09
1.21018e-05
-4.49714e-09
1.21029e-05
-3.91434e-09
1.21031e-05
-2.19907e-09
1.21022e-05
4.2728e-10
1.20999e-05
3.42933e-09
1.20965e-05
6.23027e-09
1.20925e-05
8.42515e-09
1.20881e-05
9.61783e-09
1.2084e-05
9.54586e-09
1.20806e-05
8.25273e-09
1.2078e-05
5.99836e-09
1.20766e-05
3.17238e-09
1.20762e-05
2.49599e-10
1.2077e-05
-2.4486e-09
1.20784e-05
-4.6568e-09
1.20803e-05
-6.33541e-09
1.20825e-05
-7.27772e-09
1.20847e-05
-7.39531e-09
1.20868e-05
-6.73712e-09
1.20884e-05
-5.50656e-09
1.20897e-05
-3.96309e-09
1.20905e-05
-2.38956e-09
1.20908e-05
-1.08011e-09
1.20909e-05
-2.51083e-10
1.20909e-05
7.25518e-11
1.20908e-05
-1.66241e-11
1.20908e-05
-2.85088e-10
1.20908e-05
-5.92931e-10
1.2091e-05
-6.75436e-10
1.20913e-05
-7.01095e-10
1.20915e-05
-2.54173e-10
1.20919e-05
-6.77077e-12
1.20922e-05
8.17687e-10
1.20925e-05
1.27018e-09
1.20929e-05
1.84578e-09
1.20925e-05
3.29672e-09
1.20941e-05
1.08509e-09
1.20918e-05
6.94088e-09
6.34627e-09
3.75323e-06
-1.18464e-08
3.77509e-06
-2.65804e-08
3.78966e-06
-2.19019e-08
3.79849e-06
-1.75295e-08
3.8037e-06
-1.24608e-08
3.80711e-06
-8.45513e-09
3.80971e-06
-6.08159e-09
3.81168e-06
-4.49897e-09
3.8134e-06
-4.42412e-09
3.81466e-06
-4.60003e-09
3.81557e-06
-5.09024e-09
3.81602e-06
-4.94388e-09
3.81605e-06
-3.9505e-09
3.8157e-06
-1.84592e-09
3.81506e-06
1.07105e-09
3.81421e-06
4.27313e-09
3.81314e-06
7.29973e-09
3.812e-06
9.57286e-09
3.81091e-06
1.07025e-08
3.80997e-06
1.04913e-08
3.8092e-06
9.01481e-09
3.80865e-06
6.54676e-09
3.80833e-06
3.50069e-09
3.80827e-06
3.05858e-10
3.80833e-06
-2.50687e-09
3.80862e-06
-4.9435e-09
3.80902e-06
-6.73735e-09
3.80947e-06
-7.73331e-09
3.80994e-06
-7.86124e-09
3.81038e-06
-7.17921e-09
3.81077e-06
-5.89711e-09
3.8111e-06
-4.28901e-09
3.81136e-06
-2.65149e-09
3.81155e-06
-1.27158e-09
3.81167e-06
-3.66388e-10
3.81171e-06
3.19304e-11
3.81169e-06
-3.6613e-13
3.81159e-06
-1.83211e-10
3.8115e-06
-5.01238e-10
3.81133e-06
-5.04682e-10
3.81126e-06
-6.32828e-10
3.81099e-06
1.43924e-11
3.81091e-06
7.584e-11
3.8105e-06
1.22143e-09
3.81008e-06
1.69635e-09
3.80967e-06
2.25209e-09
3.80745e-06
5.51532e-09
3.80828e-06
2.57902e-10
3.79454e-06
2.06877e-08
2.33512e-08
9.34156e-07
-3.41888e-08
9.62463e-07
-5.4888e-08
9.71665e-07
-3.1106e-08
9.76786e-07
-2.26508e-08
9.7935e-07
-1.5026e-08
9.81358e-07
-1.04636e-08
9.82846e-07
-7.56981e-09
9.83963e-07
-5.61682e-09
9.84809e-07
-5.26985e-09
9.85342e-07
-5.13278e-09
9.85581e-07
-5.32933e-09
9.85568e-07
-4.93086e-09
9.85419e-07
-3.80132e-09
9.85243e-07
-1.67007e-09
9.85033e-07
1.28041e-09
9.84856e-07
4.45016e-09
9.84864e-07
7.29201e-09
9.8503e-07
9.40715e-09
9.85285e-07
1.04471e-08
9.85569e-07
1.0207e-08
9.85812e-07
8.7722e-09
9.85964e-07
6.3949e-09
9.86002e-07
3.46277e-09
9.85886e-07
4.2152e-10
9.85801e-07
-2.42166e-09
9.85617e-07
-4.76027e-09
9.85392e-07
-6.51182e-09
9.8515e-07
-7.49144e-09
9.84923e-07
-7.6345e-09
9.84744e-07
-6.99996e-09
9.84634e-07
-5.7876e-09
9.84597e-07
-4.2513e-09
9.84626e-07
-2.6809e-09
9.84699e-07
-1.34434e-09
9.84781e-07
-4.49128e-10
9.84814e-07
-1.12265e-12
9.84792e-07
2.19678e-11
9.84693e-07
-8.3644e-11
9.84536e-07
-3.45103e-10
9.84264e-07
-2.32397e-10
9.83992e-07
-3.60676e-10
9.83542e-07
4.63907e-10
9.83083e-07
5.35661e-10
9.82375e-07
1.92997e-09
9.81279e-07
2.79299e-09
9.80032e-07
3.5e-09
9.76342e-07
9.20636e-09
9.73253e-07
3.34899e-09
9.48304e-07
4.56377e-08
4.86329e-08
1.79889e-07
-5.46182e-08
2.01139e-07
-7.61391e-08
2.05219e-07
-3.51872e-08
2.08858e-07
-2.62911e-08
2.10234e-07
-1.64027e-08
2.11568e-07
-1.1799e-08
2.12362e-07
-8.36436e-09
2.13084e-07
-6.33915e-09
2.1351e-07
-5.69522e-09
2.13718e-07
-5.3413e-09
2.13698e-07
-5.30919e-09
2.13514e-07
-4.74708e-09
2.1324e-07
-3.52718e-09
2.12988e-07
-1.41838e-09
2.12947e-07
1.32126e-09
2.13159e-07
4.23889e-09
2.13509e-07
6.94202e-09
2.14017e-07
8.89894e-09
2.14612e-07
9.85216e-09
2.15201e-07
9.61794e-09
2.15686e-07
8.28737e-09
2.16003e-07
6.07737e-09
2.16121e-07
3.3447e-09
2.16085e-07
4.57456e-10
2.15835e-07
-2.17183e-09
2.15512e-07
-4.43729e-09
2.15106e-07
-6.1056e-09
2.14661e-07
-7.04662e-09
2.14232e-07
-7.20529e-09
2.13869e-07
-6.63716e-09
2.13606e-07
-5.52477e-09
2.13458e-07
-4.10276e-09
2.13418e-07
-2.64105e-09
2.13451e-07
-1.37721e-09
2.1351e-07
-5.08828e-10
2.1355e-07
-4.08089e-11
2.13525e-07
4.69808e-11
2.13404e-07
3.74603e-11
2.1321e-07
-1.5138e-10
2.12924e-07
5.3915e-11
2.12563e-07
6.48298e-13
2.12107e-07
9.19642e-10
2.11465e-07
1.17775e-09
2.10728e-07
2.66721e-09
2.09318e-07
4.20376e-09
2.07778e-07
5.04112e-09
2.03628e-07
1.33578e-08
1.97921e-07
9.05787e-09
1.7637e-07
6.71905e-08
6.86598e-08
1.64569e-08
-7.11501e-08
3.11781e-08
-9.08614e-08
3.31523e-08
-3.7163e-08
3.59383e-08
-2.90782e-08
3.68008e-08
-1.72661e-08
3.79132e-08
-1.29121e-08
3.84638e-08
-8.91545e-09
3.90182e-08
-6.89396e-09
3.92759e-08
-5.95313e-09
3.93959e-08
-5.46149e-09
3.92982e-08
-5.21154e-09
3.91117e-08
-4.56062e-09
3.88853e-08
-3.30078e-09
3.87766e-08
-1.30967e-09
3.87593e-08
1.33853e-09
3.89112e-08
4.08692e-09
3.92826e-08
6.57062e-09
3.98009e-08
8.38067e-09
4.03884e-08
9.26463e-09
4.09634e-08
9.04291e-09
4.14446e-08
7.8061e-09
4.17679e-08
5.75406e-09
4.1905e-08
3.20755e-09
4.18352e-08
5.27207e-10
4.16601e-08
-1.9967e-09
4.13384e-08
-4.1156e-09
4.09271e-08
-5.6944e-09
4.04734e-08
-6.59295e-09
4.00285e-08
-6.7604e-09
3.96426e-08
-6.25129e-09
3.93539e-08
-5.23611e-09
3.91736e-08
-3.92242e-09
3.90961e-08
-2.56363e-09
3.90973e-08
-1.37838e-09
3.91297e-08
-5.4121e-10
3.91352e-08
-4.63987e-11
3.90928e-08
8.93531e-11
3.89834e-08
1.46868e-10
3.87847e-08
4.73953e-11
3.85139e-08
3.24749e-10
3.81249e-08
3.89748e-10
3.77061e-08
1.33861e-09
3.70088e-08
1.87546e-09
3.63274e-08
3.34919e-09
3.48548e-08
5.67723e-09
3.3356e-08
6.54102e-09
2.94143e-08
1.73009e-08
2.40376e-08
1.44364e-08
1.1608e-08
7.96216e-08
8.03666e-08
-1.98399e-09
-7.46463e-08
-1.04225e-10
-9.27422e-08
8.58354e-10
-3.81271e-08
3.07851e-09
-3.12994e-08
3.78586e-09
-1.79744e-08
4.75737e-09
-1.38844e-08
5.1894e-09
-9.34808e-09
5.66625e-09
-7.37124e-09
5.83805e-09
-6.12521e-09
5.91363e-09
-5.53725e-09
5.79135e-09
-5.08936e-09
5.59722e-09
-4.36655e-09
5.36071e-09
-3.06431e-09
5.20547e-09
-1.15445e-09
5.23214e-09
1.31184e-09
5.46171e-09
3.85733e-09
5.83406e-09
6.19824e-09
6.33304e-09
7.88167e-09
6.89271e-09
8.70493e-09
7.43306e-09
8.50252e-09
7.88055e-09
7.35859e-09
8.1827e-09
5.45188e-09
8.30664e-09
3.08357e-09
8.27041e-09
5.63413e-10
8.06013e-09
-1.78646e-09
7.74503e-09
-3.80052e-09
7.34756e-09
-5.29696e-09
6.9117e-09
-6.15712e-09
6.48697e-09
-6.33568e-09
6.11554e-09
-5.87989e-09
5.83333e-09
-4.95392e-09
5.65443e-09
-3.74354e-09
5.56958e-09
-2.4788e-09
5.55366e-09
-1.36247e-09
5.56644e-09
-5.54008e-10
5.5753e-09
-5.52656e-11
5.5238e-09
1.40854e-10
5.40966e-09
2.61022e-10
5.20535e-09
2.51733e-10
4.95544e-09
5.74724e-10
4.56324e-09
7.82099e-10
4.18306e-09
1.71905e-09
3.48119e-09
2.57778e-09
2.86187e-09
3.96919e-09
1.42573e-09
7.11432e-09
6.08763e-11
7.90706e-09
-3.4239e-09
2.07871e-08
-7.85476e-09
1.88691e-08
-1.31064e-08
8.48749e-08
8.48232e-08
-3.50832e-09
-7.53011e-08
-4.46434e-09
-9.17874e-08
-3.85629e-09
-3.87367e-08
-2.10647e-09
-3.30503e-08
-1.54077e-09
-1.85411e-08
-6.72641e-10
-1.47534e-08
-2.93446e-10
-9.72791e-09
1.3909e-10
-7.80425e-09
2.75348e-10
-6.26179e-09
3.37151e-10
-5.59926e-09
2.14934e-10
-4.96727e-09
4.29172e-11
-4.19461e-09
-1.39539e-10
-2.8819e-09
-2.40653e-10
-1.05337e-09
-2.27759e-10
1.29892e-09
-5.4192e-11
3.68373e-09
2.86825e-10
5.8572e-09
7.47197e-10
7.42126e-09
1.26344e-09
8.18865e-09
1.76301e-09
8.00292e-09
2.17818e-09
6.94338e-09
2.46089e-09
5.16914e-09
2.58427e-09
2.96017e-09
2.54048e-09
6.07171e-10
2.36889e-09
-1.6149e-09
2.07684e-09
-3.50849e-09
1.70403e-09
-4.92417e-09
1.29382e-09
-5.74694e-09
8.92885e-10
-5.93477e-09
5.4163e-10
-5.52865e-09
2.71293e-10
-4.6836e-09
9.43096e-11
-3.56658e-09
4.86713e-12
-2.38937e-09
-2.2907e-11
-1.33471e-09
-2.76738e-11
-5.49247e-10
-4.4628e-11
-3.831e-11
-1.05156e-10
2.01393e-10
-2.12228e-10
3.6812e-10
-4.12644e-10
4.52202e-10
-6.47547e-10
8.09727e-10
-1.03164e-09
1.16638e-09
-1.39319e-09
2.08091e-09
-2.06917e-09
3.25427e-09
-2.66609e-09
4.56685e-09
-3.99699e-09
8.44623e-09
-5.2935e-09
9.20481e-09
-8.2427e-09
2.37378e-08
-1.18392e-08
2.24676e-08
-1.42512e-08
8.72884e-08
8.67261e-08
-2.36044e-09
-7.49313e-08
-4.20355e-09
-8.99454e-08
-3.86251e-09
-3.90793e-08
-2.52287e-09
-3.43911e-08
-2.06791e-09
-1.89971e-08
-1.32346e-09
-1.54987e-08
-1.00681e-09
-1.00452e-08
-6.27513e-10
-8.18406e-09
-5.12825e-10
-6.37684e-09
-4.60612e-10
-5.65172e-09
-5.75002e-10
-4.85304e-09
-7.31787e-10
-4.03793e-09
-9.19665e-10
-2.69409e-09
-1.02952e-09
-9.43563e-10
-9.88491e-10
1.25785e-09
-7.94395e-10
3.4896e-09
-4.68674e-10
5.53145e-09
-3.42006e-11
6.98676e-09
4.46183e-10
7.70824e-09
9.10952e-10
7.53812e-09
1.2966e-09
6.5577e-09
1.55835e-09
4.90736e-09
1.67141e-09
2.84707e-09
1.63464e-09
6.43913e-10
1.46221e-09
-1.44249e-09
1.18638e-09
-3.23268e-09
8.35652e-10
-4.57347e-09
4.49449e-10
-5.36076e-09
7.05958e-11
-5.55594e-09
-2.60621e-10
-5.19745e-09
-5.20114e-10
-4.42413e-09
-6.95298e-10
-3.39141e-09
-7.90979e-10
-2.2937e-09
-8.27551e-10
-1.29814e-09
-8.40608e-10
-5.36187e-10
-8.55839e-10
-2.30676e-11
-9.21493e-10
2.67069e-10
-1.03357e-09
4.80238e-10
-1.22861e-09
6.47318e-10
-1.45711e-09
1.03836e-09
-1.82426e-09
1.53375e-09
-2.17537e-09
2.43237e-09
-2.81663e-09
3.89609e-09
-3.39276e-09
5.14378e-09
-4.6188e-09
9.67332e-09
-5.82579e-09
1.04131e-08
-8.29047e-09
2.62041e-08
-1.12257e-08
2.54047e-08
-1.18693e-08
8.79337e-08
8.70365e-08
-1.42531e-09
-7.43304e-08
-3.35281e-09
-8.80191e-08
-3.22751e-09
-3.92062e-08
-2.25149e-09
-3.53683e-08
-1.9045e-09
-1.93451e-08
-1.26983e-09
-1.61342e-08
-1.00108e-09
-1.03147e-08
-6.6896e-10
-8.51673e-09
-5.76851e-10
-6.46935e-09
-5.35439e-10
-5.6934e-09
-6.45946e-10
-4.74271e-09
-7.88436e-10
-3.89556e-09
-9.43845e-10
-2.53876e-09
-1.01943e-09
-8.68039e-10
-1.00274e-09
1.24111e-09
-8.36581e-10
3.3234e-09
-5.33893e-10
5.22872e-09
-1.29692e-10
6.58252e-09
3.1912e-10
7.25939e-09
7.53156e-10
7.10405e-09
1.11479e-09
6.19604e-09
1.36241e-09
4.6597e-09
1.47097e-09
2.73848e-09
1.44129e-09
6.73562e-10
1.28577e-09
-1.287e-09
1.02719e-09
-2.97413e-09
6.97466e-10
-4.24377e-09
3.3354e-10
-4.99685e-09
-2.46917e-11
-5.19773e-09
-3.39829e-10
-4.88233e-09
-5.89355e-10
-4.17462e-09
-7.61051e-10
-3.21972e-09
-8.60032e-10
-2.19473e-09
-9.05441e-10
-1.25273e-09
-9.27967e-10
-5.13654e-10
-9.61465e-10
1.04508e-11
-1.02672e-09
3.32363e-10
-1.13558e-09
5.8915e-10
-1.3249e-09
8.36743e-10
-1.54561e-09
1.25923e-09
-1.89784e-09
1.88623e-09
-2.23597e-09
2.7709e-09
-2.84247e-09
4.50319e-09
-3.39226e-09
5.6944e-09
-4.50907e-09
1.07912e-08
-5.61554e-09
1.15209e-08
-7.62888e-09
2.82189e-08
-9.98815e-09
2.77659e-08
-9.28407e-09
8.72313e-08
8.61242e-08
-9.30556e-10
-7.40066e-08
-2.43539e-09
-8.65155e-08
-2.51087e-09
-3.91322e-08
-1.87302e-09
-3.60073e-08
-1.63355e-09
-1.95856e-08
-1.12076e-09
-1.66479e-08
-9.06093e-10
-1.05301e-08
-6.21758e-10
-8.80163e-09
-5.49179e-10
-6.54235e-09
-5.16262e-10
-5.72662e-09
-6.18872e-10
-4.64031e-09
-7.46834e-10
-3.76774e-09
-8.94977e-10
-2.39072e-09
-9.74977e-10
-7.88111e-10
-9.3379e-10
1.19987e-09
-7.66346e-10
3.15591e-09
-4.83215e-10
4.94555e-09
-1.07526e-10
6.20679e-09
3.08944e-10
6.84288e-09
7.11926e-10
6.70103e-09
1.04801e-09
5.85992e-09
1.27802e-09
4.42966e-09
1.38027e-09
2.63621e-09
1.34889e-09
7.04908e-10
1.20294e-09
-1.14107e-09
9.6185e-10
-2.73306e-09
6.52882e-10
-3.93483e-09
3.10832e-10
-4.65482e-09
-2.71318e-11
-4.85978e-09
-3.26907e-10
-4.58258e-09
-5.66997e-10
-3.93454e-09
-7.36007e-10
-3.05072e-09
-8.38244e-10
-2.09249e-09
-8.90076e-10
-1.2009e-09
-9.21472e-10
-4.82243e-10
-9.53713e-10
4.27206e-11
-1.0271e-09
4.05797e-10
-1.13706e-09
6.99189e-10
-1.32041e-09
1.02021e-09
-1.53254e-09
1.47154e-09
-1.8689e-09
2.22288e-09
-2.19279e-09
3.09523e-09
-2.76299e-09
5.07403e-09
-3.28364e-09
6.21593e-09
-4.29011e-09
1.17988e-08
-5.29232e-09
1.25244e-08
-6.89269e-09
2.98209e-08
-8.75261e-09
2.96278e-08
-6.9648e-09
8.54452e-08
8.42348e-08
-5.06917e-10
-7.39999e-08
-1.55759e-09
-8.54659e-08
-1.82002e-09
-3.88713e-08
-1.48839e-09
-3.63401e-08
-1.34713e-09
-1.9728e-08
-9.46181e-10
-1.70498e-08
-7.81077e-10
-1.0696e-08
-5.44321e-10
-9.03898e-09
-4.9465e-10
-6.59248e-09
-4.75779e-10
-5.74581e-09
-5.79419e-10
-4.53689e-09
-7.0091e-10
-3.64641e-09
-8.31352e-10
-2.26039e-09
-8.90026e-10
-7.2952e-10
-8.63903e-10
1.17368e-09
-7.09804e-10
3.00176e-09
-4.43628e-10
4.67933e-09
-9.16642e-11
5.85479e-09
2.97745e-10
6.45344e-09
6.74608e-10
6.32413e-09
9.89424e-10
5.54507e-09
1.20594e-09
4.2131e-09
1.30263e-09
2.53949e-09
1.2786e-09
7.28901e-10
1.14174e-09
-1.00424e-09
9.14184e-10
-2.50552e-09
6.2326e-10
-3.64392e-09
3.00928e-10
-4.33251e-09
-1.84991e-11
-4.54037e-09
-3.03565e-10
-4.29753e-09
-5.34134e-10
-3.70398e-09
-6.99552e-10
-2.88531e-09
-8.03794e-10
-1.98825e-09
-8.62216e-10
-1.14246e-09
-9.00803e-10
-4.43636e-10
-9.44243e-10
8.61998e-11
-1.01657e-09
4.78185e-10
-1.12505e-09
8.07758e-10
-1.30256e-09
1.19785e-09
-1.50626e-09
1.67546e-09
-1.82627e-09
2.54321e-09
-2.13495e-09
3.40438e-09
-2.66639e-09
5.60614e-09
-3.15436e-09
6.70479e-09
-4.04799e-09
1.26936e-08
-4.94105e-09
1.34188e-08
-6.1686e-09
3.105e-08
-7.59038e-09
3.10515e-08
-4.99927e-09
8.28557e-08
8.16286e-08
4.90107e-11
-7.4208e-08
-6.76192e-10
-8.47419e-08
-1.14462e-09
-3.84044e-08
-1.10745e-09
-3.63784e-08
-1.06901e-09
-1.97674e-08
-7.82631e-10
-1.73371e-08
-6.67877e-10
-1.08115e-08
-4.78492e-10
-9.22898e-09
-4.47534e-10
-6.62391e-09
-4.3756e-10
-5.75612e-09
-5.34479e-10
-4.44022e-09
-6.43489e-10
-3.53757e-09
-7.6381e-10
-2.14019e-09
-8.21096e-10
-6.72328e-10
-7.8476e-10
1.13727e-09
-6.37995e-10
2.85493e-09
-3.9123e-10
4.43251e-09
-6.50964e-11
5.5286e-09
2.95906e-10
6.09239e-09
6.46049e-10
5.97394e-09
9.39253e-10
5.25183e-09
1.14133e-09
4.01099e-09
1.23261e-09
2.44818e-09
1.20778e-09
7.53697e-10
1.08117e-09
-8.77648e-10
8.6892e-10
-2.2933e-09
5.95641e-10
-3.37067e-09
2.91936e-10
-4.02882e-09
-1.02543e-11
-4.2382e-09
-2.81587e-10
-4.02621e-09
-5.03351e-10
-3.48223e-09
-6.65595e-10
-2.72307e-09
-7.71702e-10
-1.88214e-09
-8.34792e-10
-1.07936e-09
-8.79406e-10
-3.98994e-10
-9.25499e-10
1.3234e-10
-1.00221e-09
5.54968e-10
-1.10944e-09
9.15089e-10
-1.28063e-09
1.36919e-09
-1.47557e-09
1.87064e-09
-1.77851e-09
2.84648e-09
-2.07129e-09
3.69767e-09
-2.563e-09
6.09854e-09
-3.01649e-09
7.1592e-09
-3.7981e-09
1.34763e-08
-4.58106e-09
1.42031e-08
-5.47716e-09
3.19476e-08
-6.51676e-09
3.20929e-08
-3.60172e-09
7.99423e-08
7.87586e-08
3.87092e-09
-7.15149e-08
2.76197e-10
-8.11483e-08
-4.63629e-10
-3.7666e-08
-7.29178e-10
-3.61139e-08
-7.85302e-10
-1.97123e-08
-6.05531e-10
-1.75177e-08
-5.37226e-10
-1.08806e-08
-3.93561e-10
-9.37327e-09
-3.84675e-10
-6.63329e-09
-3.90545e-10
-5.75062e-09
-4.91421e-10
-4.33961e-09
-5.98691e-10
-3.43049e-09
-7.09018e-10
-2.03e-09
-7.55627e-10
-6.25824e-10
-7.24483e-10
1.10605e-09
-5.84639e-10
2.71502e-09
-3.51678e-10
4.1995e-09
-4.59758e-11
5.22285e-09
2.91172e-10
5.7552e-09
6.17853e-10
5.64722e-09
8.91513e-10
4.97813e-09
1.08064e-09
3.82184e-09
1.16647e-09
2.36231e-09
1.14594e-09
7.742e-10
1.02641e-09
-7.5814e-10
8.26519e-10
-2.09343e-09
5.69468e-10
-3.11363e-09
2.83188e-10
-3.74256e-09
-2.83053e-12
-3.95219e-09
-2.61023e-10
-3.76803e-09
-4.74152e-10
-3.2691e-09
-6.32762e-10
-2.56446e-09
-7.39848e-10
-1.77505e-09
-8.07556e-10
-1.01163e-09
-8.58088e-10
-3.48428e-10
-9.09092e-10
1.83401e-10
-9.86398e-10
6.32353e-10
-1.09184e-09
1.02066e-09
-1.25652e-09
1.53403e-09
-1.44264e-09
2.05702e-09
-1.72802e-09
3.13222e-09
-2.00416e-09
3.97434e-09
-2.45491e-09
6.55e-09
-2.87192e-09
7.57715e-09
-3.54349e-09
1.4149e-08
-4.21721e-09
1.48782e-08
-4.82271e-09
3.25546e-08
-5.53936e-09
3.28115e-08
-2.96746e-09
7.7372e-08
7.62579e-08
5.85519e-09
-6.76381e-08
1.12288e-09
-7.64171e-08
1.64382e-10
-3.67089e-08
-3.65296e-10
-3.55853e-08
-5.15179e-10
-1.95635e-08
-4.41057e-10
-1.75928e-08
-4.19929e-10
-1.09025e-08
-3.22146e-10
-9.47169e-09
-3.31576e-10
-6.62438e-09
-3.47404e-10
-5.73517e-09
-4.43515e-10
-4.24379e-09
-5.41283e-10
-3.33293e-09
-6.42655e-10
-1.92878e-09
-6.85608e-10
-5.82987e-10
-6.53489e-10
1.07384e-09
-5.2436e-10
2.58582e-09
-3.08939e-10
3.98402e-09
-2.52932e-11
4.93915e-09
2.87926e-10
5.44194e-09
5.92097e-10
5.343e-09
8.47366e-10
4.72282e-09
1.02417e-09
3.64499e-09
1.10481e-09
2.28164e-09
1.08495e-09
7.94028e-10
9.73788e-10
-6.46998e-10
7.86314e-10
-1.90598e-09
5.44426e-10
-2.87177e-09
2.74413e-10
-3.47257e-09
3.5472e-12
-3.68134e-09
-2.42321e-10
-3.52217e-09
-4.47284e-10
-3.06415e-09
-6.02404e-10
-2.40933e-09
-7.10237e-10
-1.6672e-09
-7.81312e-10
-9.4053e-10
-8.3575e-10
-2.9395e-10
-8.90536e-10
2.38252e-10
-9.6912e-10
7.11025e-10
-1.07251e-09
1.12418e-09
-1.23039e-09
1.6921e-09
-1.40752e-09
2.23443e-09
-1.67493e-09
3.40002e-09
-1.93388e-09
4.23383e-09
-2.34321e-09
6.96006e-09
-2.72262e-09
7.9575e-09
-3.2871e-09
1.47146e-08
-3.85358e-09
1.54459e-08
-4.19979e-09
3.29023e-08
-4.63587e-09
3.32493e-08
-2.47884e-09
7.52166e-08
7.41806e-08
6.97272e-09
-6.33389e-08
1.87885e-09
-7.13243e-08
7.46647e-10
-3.5578e-08
-1.22922e-11
-3.48275e-08
-2.46753e-10
-1.933e-08
-2.68582e-10
-1.75718e-08
-2.9011e-10
-1.08817e-08
-2.35027e-10
-9.52741e-09
-2.64794e-10
-6.59514e-09
-2.96647e-10
-5.7037e-09
-3.98065e-10
-4.14267e-09
-4.96977e-10
-3.23424e-09
-5.92764e-10
-1.83316e-09
-6.30501e-10
-5.45376e-10
-5.98426e-10
1.04167e-09
-4.74139e-10
2.46145e-09
-2.71493e-10
3.78131e-09
-6.58741e-12
4.67419e-09
2.84912e-10
5.15039e-09
5.68149e-10
5.05972e-09
8.06165e-10
4.48477e-09
9.7132e-10
3.4798e-09
1.04695e-09
2.20598e-09
1.02906e-09
8.11889e-10
9.24545e-10
-5.42503e-10
7.48266e-10
-1.72972e-09
5.20523e-10
-2.64404e-09
2.65733e-10
-3.21779e-09
9.32204e-12
-3.42494e-09
-2.25085e-10
-3.28777e-09
-4.22159e-10
-2.86707e-09
-5.73588e-10
-2.2579e-09
-6.81562e-10
-1.55921e-09
-7.55572e-10
-8.66489e-10
-8.14194e-10
-2.35282e-10
-8.71638e-10
2.95769e-10
-9.50585e-10
7.90069e-10
-1.05158e-09
1.22532e-09
-1.20241e-09
1.84312e-09
-1.37043e-09
2.40274e-09
-1.61959e-09
3.64958e-09
-1.86093e-09
4.47574e-09
-2.2288e-09
7.32865e-09
-2.56991e-09
8.29955e-09
-3.03111e-09
1.51769e-08
-3.49341e-09
1.59095e-08
-3.60238e-09
3.30126e-08
-3.78588e-09
3.34346e-08
-2.02945e-09
7.34616e-08
7.25053e-08
7.70112e-09
-5.89153e-08
2.54644e-09
-6.61706e-08
1.27446e-09
-3.43073e-08
3.20147e-10
-3.38742e-08
6.95578e-12
-1.90178e-08
-1.06692e-10
-1.7459e-08
-1.71206e-10
-1.0818e-08
-1.59251e-10
-9.54e-09
-2.07101e-10
-6.54783e-09
-2.50499e-10
-5.66071e-09
-3.49634e-10
-4.04385e-09
-4.4202e-10
-3.14208e-09
-5.30881e-10
-1.74447e-09
-5.65823e-10
-5.1057e-10
-5.3695e-10
1.0127e-09
-4.23485e-10
2.3479e-09
-2.35406e-10
3.59316e-09
1.06741e-11
4.42804e-09
2.82163e-10
4.87885e-09
5.45834e-10
4.796e-09
7.67703e-10
4.26286e-09
9.21909e-10
3.32556e-09
9.92698e-10
2.13516e-09
9.76007e-10
8.28551e-10
8.78e-10
-4.44519e-10
7.12239e-10
-1.56399e-09
4.97694e-10
-2.42951e-09
2.57135e-10
-2.97725e-09
1.42233e-11
-3.18204e-09
-2.09294e-10
-3.06425e-09
-3.9882e-10
-2.67755e-09
-5.46574e-10
-2.11013e-09
-6.54397e-10
-1.45137e-09
-7.30645e-10
-7.90205e-10
-7.92085e-10
-1.73791e-10
-8.51946e-10
3.55712e-10
-9.30914e-10
8.69144e-10
-1.02922e-09
1.32379e-09
-1.1728e-09
1.98691e-09
-1.33159e-09
2.56184e-09
-1.56235e-09
3.88074e-09
-1.78578e-09
4.69975e-09
-2.11248e-09
7.65608e-09
-2.41503e-09
8.60304e-09
-2.77746e-09
1.55404e-08
-3.13952e-09
1.62728e-08
-3.03065e-09
3.29051e-08
-2.98032e-09
3.33859e-08
-1.53259e-09
7.20154e-08
7.11471e-08
8.22432e-09
-5.44937e-08
3.13277e-09
-6.10801e-08
1.74986e-09
-3.29255e-08
6.36125e-10
-3.27614e-08
2.55315e-10
-1.86379e-08
5.68525e-11
-1.72614e-08
-4.58187e-11
-1.07161e-08
-7.29966e-11
-9.51346e-09
-1.39124e-10
-6.48224e-09
-1.97545e-10
-5.6027e-09
-3.02107e-10
-3.93961e-09
-3.97265e-10
-3.04716e-09
-4.82916e-10
-1.65901e-09
-5.15339e-10
-4.7829e-10
-4.85472e-10
9.8272e-10
-3.77236e-10
2.23957e-09
-2.01707e-10
3.41756e-09
2.70296e-11
4.19924e-09
2.79804e-10
4.62603e-09
5.25194e-10
4.55056e-09
7.31901e-10
4.05612e-09
8.75752e-10
3.18167e-09
9.4189e-10
2.06899e-09
9.26244e-10
8.44168e-10
8.34136e-10
-3.52435e-10
6.78133e-10
-1.408e-09
4.75904e-10
-2.2273e-09
2.4866e-10
-2.75002e-09
1.84022e-11
-2.95179e-09
-1.94775e-10
-2.85108e-09
-3.77034e-10
-2.49529e-09
-5.21041e-10
-1.96611e-09
-6.28312e-10
-1.34407e-09
-7.06245e-10
-7.1223e-10
-7.70252e-10
-1.09727e-10
-8.31733e-10
4.17281e-10
-9.10247e-10
9.47772e-10
-1.00555e-09
1.41926e-09
-1.14172e-09
2.1233e-09
-1.29119e-09
2.71163e-09
-1.50351e-09
4.09347e-09
-1.70885e-09
4.90568e-09
-1.99502e-09
7.94297e-09
-2.25919e-09
8.86813e-09
-2.52796e-09
1.58103e-08
-2.79418e-09
1.65403e-08
-2.46014e-09
3.25724e-08
-2.13926e-09
3.30667e-08
1.55004e-09
6.83275e-08
6.75647e-08
8.60568e-09
-5.01439e-08
3.64344e-09
-5.61188e-08
2.17494e-09
-3.14582e-08
9.32748e-10
-3.15201e-08
4.88803e-10
-1.81948e-08
2.11088e-10
-1.69845e-08
7.14814e-11
-1.05773e-08
5.32012e-12
-9.44792e-09
-7.82604e-11
-6.39921e-09
-1.49269e-10
-5.5321e-09
-2.53922e-10
-3.8353e-09
-3.45558e-10
-2.95578e-09
-4.26581e-10
-1.57818e-09
-4.57559e-10
-4.47463e-10
-4.32276e-10
9.57321e-10
-3.33144e-10
2.14034e-09
-1.69963e-10
3.2543e-09
4.25055e-11
3.9867e-09
2.77658e-10
4.39082e-09
5.05953e-10
4.32221e-09
6.98461e-10
3.86357e-09
8.32558e-10
3.04753e-09
8.94231e-10
2.00728e-09
8.79433e-10
8.58935e-10
7.92767e-10
-2.65791e-10
6.45835e-10
-1.26109e-09
4.551e-10
-2.03658e-09
2.40315e-10
-2.53525e-09
2.19337e-11
-2.73342e-09
-1.81438e-10
-2.64771e-09
-3.56712e-10
-2.32001e-09
-4.9696e-10
-1.82585e-09
-6.03391e-10
-1.23762e-09
-6.82527e-10
-6.33049e-10
-7.48331e-10
-4.38606e-11
-8.11001e-10
4.80046e-10
-8.88736e-10
1.02563e-09
-9.8069e-10
1.5114e-09
-1.10937e-09
2.25221e-09
-1.24946e-09
2.85206e-09
-1.4434e-09
4.28783e-09
-1.63059e-09
5.09346e-09
-1.87718e-09
8.19027e-09
-2.10351e-09
9.09536e-09
-2.28453e-09
1.59923e-08
-2.46092e-09
1.67178e-08
-1.94099e-09
3.20538e-08
-1.41116e-09
3.25384e-08
2.9818e-09
6.39359e-08
6.32942e-08
8.87094e-09
-4.59153e-08
4.08365e-09
-5.13324e-08
2.55228e-09
-2.99279e-08
1.20977e-09
-3.01785e-08
7.10676e-10
-1.76966e-08
3.63128e-10
-1.66377e-08
1.9021e-10
-1.04051e-08
8.81334e-11
-9.34646e-09
-1.08566e-11
-6.30077e-09
-9.57745e-11
-5.4476e-09
-2.05723e-10
-3.72569e-09
-3.00973e-10
-2.86078e-09
-3.80067e-10
-1.49928e-09
-4.10163e-10
-4.17524e-10
-3.84738e-10
9.31776e-10
-2.91752e-10
2.04725e-09
-1.40151e-10
3.10262e-09
5.70896e-11
3.78939e-09
2.7573e-10
4.17212e-09
4.88031e-10
4.10986e-09
6.67212e-10
3.68435e-09
7.92113e-10
2.92259e-09
8.49502e-10
1.94986e-09
8.35383e-10
8.73024e-10
7.53711e-10
-1.84141e-10
6.15206e-10
-1.12261e-09
4.35201e-10
-1.85659e-09
2.32079e-10
-2.33214e-09
2.48527e-11
-2.5262e-09
-1.69219e-10
-2.45364e-09
-3.37771e-10
-2.15145e-09
-4.74238e-10
-1.68936e-09
-5.79546e-10
-1.13228e-09
-6.59413e-10
-5.53133e-10
-7.26595e-10
2.33873e-11
-7.89895e-10
5.43446e-10
-8.6663e-10
1.10249e-09
-9.54752e-10
1.59971e-09
-1.07598e-09
2.37367e-09
-1.20665e-09
2.98306e-09
-1.38237e-09
4.46397e-09
-1.55145e-09
5.26313e-09
-1.75966e-09
8.39919e-09
-1.94901e-09
9.2856e-09
-2.04867e-09
1.60929e-08
-2.14178e-09
1.68121e-08
-1.4669e-09
3.13801e-08
-7.71991e-10
3.1845e-08
3.6572e-09
5.9508e-08
5.89873e-08
9.03204e-09
-4.185e-08
4.45845e-09
-4.67597e-08
2.88462e-09
-2.83551e-08
1.46661e-09
-2.87614e-08
9.18407e-10
-1.71492e-08
5.07711e-10
-1.62278e-08
3.02762e-10
-1.02009e-08
1.65724e-10
-9.21003e-09
5.13386e-11
-6.18692e-09
-4.67286e-11
-5.34995e-09
-1.58564e-10
-3.61419e-09
-2.52777e-10
-2.76683e-09
-3.2924e-10
-1.42302e-09
-3.59195e-10
-3.87729e-10
-3.38073e-10
9.10532e-10
-2.52851e-10
1.96193e-09
-1.12308e-10
2.962e-09
7.06283e-11
3.60638e-09
2.73784e-10
3.96891e-09
4.71125e-10
3.91247e-09
6.37815e-10
3.51761e-09
7.54047e-10
2.80632e-09
8.07335e-10
1.89655e-09
7.93735e-10
8.86595e-10
7.16665e-10
-1.07093e-10
5.85995e-10
-9.91959e-10
4.16007e-10
-1.68662e-09
2.23805e-10
-2.13994e-09
2.70602e-11
-2.32946e-09
-1.58193e-10
-2.26838e-09
-3.20278e-10
-1.98935e-09
-4.52967e-10
-1.55665e-09
-5.56916e-10
-1.0283e-09
-6.37126e-10
-4.7287e-10
-7.05189e-10
9.15188e-11
-7.68643e-10
6.07005e-10
-8.44356e-10
1.17833e-09
-9.28111e-10
1.68365e-09
-1.04194e-09
2.48774e-09
-1.16315e-09
3.10461e-09
-1.32091e-09
4.62215e-09
-1.47199e-09
5.4148e-09
-1.64323e-09
8.5711e-09
-1.79668e-09
9.43991e-09
-1.82162e-09
1.61188e-08
-1.83833e-09
1.68299e-08
-1.0384e-09
3.05813e-08
-2.12986e-10
3.1021e-08
4.06857e-09
5.52277e-08
5.48221e-08
9.10712e-09
-3.79779e-08
4.77358e-09
-4.24271e-08
3.17505e-09
-2.67576e-08
1.7033e-09
-2.72906e-08
1.11279e-09
-1.65597e-08
6.46839e-10
-1.57627e-08
4.12724e-10
-9.96757e-09
2.44515e-10
-9.04252e-09
1.16248e-10
-6.05926e-09
5.18453e-12
-5.23937e-09
-1.11835e-10
-3.49756e-09
-2.10129e-10
-2.66883e-09
-2.85646e-10
-1.34774e-09
-3.15746e-10
-3.57816e-10
-2.95811e-10
8.90453e-10
-2.16903e-10
1.8829e-09
-8.68518e-11
2.83186e-09
8.26777e-11
3.43677e-09
2.71342e-10
3.78018e-09
4.54692e-10
3.72905e-09
6.09676e-10
3.36258e-09
7.17752e-10
2.69819e-09
7.67126e-10
1.84713e-09
7.53944e-10
8.99743e-10
6.81101e-10
-3.42765e-11
5.57691e-10
-8.68572e-10
3.97054e-10
-1.526e-09
2.15074e-10
-1.95797e-09
2.81748e-11
-2.14256e-09
-1.48721e-10
-2.09148e-09
-3.04598e-10
-1.83346e-09
-4.33532e-10
-1.42769e-09
-5.3593e-10
-9.25857e-10
-6.16142e-10
-3.92593e-10
-6.84692e-10
1.60155e-10
-7.47825e-10
6.70267e-10
-8.22089e-10
1.25276e-09
-9.01728e-10
1.76352e-09
-1.00801e-09
2.59431e-09
-1.11969e-09
3.2167e-09
-1.25978e-09
4.76274e-09
-1.39303e-09
5.54873e-09
-1.52877e-09
8.70765e-09
-1.64755e-09
9.55968e-09
-1.6044e-09
1.60768e-08
-1.55166e-09
1.67783e-08
-6.53375e-10
2.96843e-08
2.70996e-10
3.00982e-08
4.35766e-09
5.11425e-08
5.08467e-08
9.12107e-09
-3.431e-08
5.03455e-09
-3.83417e-08
3.42633e-09
-2.51506e-08
1.92006e-09
-2.57854e-08
1.29295e-09
-1.59336e-08
7.78483e-10
-1.52491e-08
5.16885e-10
-9.70686e-09
3.18586e-10
-8.84497e-09
1.75895e-10
-5.91723e-09
5.23231e-11
-5.11632e-09
-6.82589e-11
-3.3774e-09
-1.67501e-10
-2.56992e-09
-2.41762e-10
-1.27373e-09
-2.72678e-10
-3.27107e-10
-2.56519e-10
8.74133e-10
-1.84568e-10
1.81081e-09
-6.44127e-11
2.71159e-09
9.25287e-11
3.27973e-09
2.67629e-10
3.605e-09
4.37916e-10
3.55869e-09
5.81952e-10
3.21848e-09
6.82357e-10
2.59773e-09
7.28005e-10
1.80144e-09
7.15114e-10
9.12594e-10
6.4615e-10
3.46554e-11
5.29526e-10
-7.51976e-10
3.77621e-10
-1.37411e-09
2.05208e-10
-1.78558e-09
2.7546e-11
-1.96491e-09
-1.41439e-10
-1.9225e-09
-2.91377e-10
-1.68351e-09
-4.16612e-10
-1.30243e-09
-5.17322e-10
-8.25105e-10
-5.97243e-10
-3.12604e-10
-6.65957e-10
2.28959e-10
-7.28547e-10
7.32989e-10
-8.00937e-10
1.32531e-09
-8.76536e-10
1.83936e-09
-9.75296e-10
2.69338e-09
-1.07724e-09
3.31907e-09
-1.19996e-09
4.88599e-09
-1.31547e-09
5.66495e-09
-1.41716e-09
8.81018e-09
-1.50243e-09
9.64597e-09
-1.39768e-09
1.59732e-08
-1.28232e-09
1.66643e-08
-3.09958e-10
2.87134e-08
6.87236e-10
2.91027e-08
4.55697e-09
4.72743e-08
4.70827e-08
9.08565e-09
-3.08466e-08
5.24333e-09
-3.44997e-08
3.64027e-09
-2.35479e-08
2.11826e-09
-2.42637e-08
1.46059e-09
-1.52763e-08
9.04412e-10
-1.46933e-08
6.1762e-10
-9.42035e-09
3.91692e-10
-8.61929e-09
2.35275e-10
-5.76102e-09
9.96907e-11
-4.98091e-09
-2.55955e-11
-3.25225e-09
-1.29002e-10
-2.46663e-09
-2.03572e-10
-1.19925e-09
-2.35615e-10
-2.95134e-10
-2.21578e-10
8.6004e-10
-1.55933e-10
1.74512e-09
-4.50607e-11
2.60068e-09
1.00069e-10
3.13456e-09
2.62478e-10
3.44256e-09
4.20551e-10
3.40059e-09
5.54333e-10
3.08468e-09
6.47561e-10
2.50449e-09
6.89679e-10
1.75931e-09
6.77008e-10
9.25248e-10
6.11708e-10
9.99417e-11
5.01357e-10
-6.41636e-10
3.57586e-10
-1.23035e-09
1.94115e-10
-1.62211e-09
2.51061e-11
-1.7959e-09
-1.36383e-10
-1.76101e-09
-2.80643e-10
-1.53925e-09
-4.02236e-10
-1.18083e-09
-5.01152e-10
-7.26176e-10
-5.80606e-10
-2.3313e-10
-6.4919e-10
2.97573e-10
-7.10943e-10
7.94782e-10
-7.81127e-10
1.39556e-09
-8.52557e-10
1.91087e-09
-9.44032e-10
2.78495e-09
-1.03573e-09
3.4109e-09
-1.14119e-09
4.99162e-09
-1.23893e-09
5.76292e-09
-1.30772e-09
8.87924e-09
-1.36055e-09
9.69913e-09
-1.20053e-09
1.58135e-08
-1.02956e-09
1.64937e-08
-8.07802e-12
2.76924e-08
1.03864e-09
2.80565e-08
4.67293e-09
4.36405e-08
4.35459e-08
6.51317e-08
-1.12614e-08
4.3789e-08
-1.31578e-08
3.257e-08
-1.23295e-08
2.14955e-08
-1.31898e-08
1.58229e-08
-9.60417e-09
1.06487e-08
-9.51965e-09
7.76646e-09
-6.53854e-09
5.24721e-09
-6.10042e-09
3.58437e-09
-4.0985e-09
2.18092e-09
-3.57771e-09
1.17161e-09
-2.24315e-09
3.5224e-10
-1.64742e-09
-2.33404e-10
-6.13736e-10
-5.61632e-10
3.29884e-11
-5.78399e-10
8.76719e-10
-2.97916e-10
1.46456e-09
2.5135e-10
2.05135e-09
9.87559e-10
2.3983e-09
1.82474e-09
2.60533e-09
2.64589e-09
2.57939e-09
3.34148e-09
2.38905e-09
3.82276e-09
2.02317e-09
4.0284e-09
1.55363e-09
3.93397e-09
1.01964e-09
3.54754e-09
4.86351e-10
2.90297e-09
2.91643e-12
2.06644e-09
-3.93842e-10
1.10769e-09
-6.63365e-10
1.00139e-10
-7.8836e-10
-8.83612e-10
-7.77259e-10
-1.78986e-09
-6.32996e-10
-2.58385e-09
-3.86827e-10
-3.26048e-09
-4.95115e-11
-3.82469e-09
3.31118e-10
-4.32382e-09
7.96764e-10
-4.75455e-09
1.2256e-09
-5.19619e-09
1.83731e-09
-5.59818e-09
2.31302e-09
-6.02908e-09
3.21606e-09
-6.39538e-09
3.77749e-09
-6.65149e-09
5.24809e-09
-6.80223e-09
5.9141e-09
-6.31321e-09
8.39076e-09
-5.70557e-09
9.09211e-09
-3.01862e-09
1.31273e-08
-2.42096e-10
1.3718e-08
8.10262e-09
1.93485e-08
1.64679e-08
1.96921e-08
3.6291e-08
2.38184e-08
2.42244e-08
5.32676e-08
2.94427e-10
4.08986e-08
-7.89558e-10
3.24846e-08
-3.91616e-09
2.40418e-08
-4.74772e-09
1.883e-08
-4.39295e-09
1.38909e-08
-4.58104e-09
1.07785e-08
-3.42669e-09
7.95299e-09
-3.27527e-09
6.04785e-09
-2.19368e-09
4.35152e-09
-1.88164e-09
3.12174e-09
-1.01357e-09
2.09491e-09
-6.20752e-10
1.40623e-09
7.4814e-11
9.40802e-10
4.9831e-10
7.56878e-10
1.06055e-09
7.85073e-10
1.43629e-09
1.01811e-09
1.81824e-09
1.38662e-09
2.02972e-09
1.82946e-09
2.16244e-09
2.2703e-09
2.1385e-09
2.64308e-09
2.01622e-09
2.88821e-09
1.778e-09
2.96479e-09
1.47701e-09
2.85393e-09
1.13047e-09
2.5569e-09
7.83345e-10
2.09607e-09
4.63724e-10
1.49933e-09
2.0287e-10
8.15163e-10
2.07907e-11
9.52134e-11
-6.84207e-11
-6.17201e-10
-6.48476e-11
-1.28807e-09
3.78758e-11
-1.88786e-09
2.12979e-10
-2.41458e-09
4.77241e-10
-2.85023e-09
7.66805e-10
-3.22167e-09
1.16827e-09
-3.51833e-09
1.52236e-09
-3.76185e-09
2.08096e-09
-3.93605e-09
2.4874e-09
-4.00792e-09
3.28817e-09
-3.98981e-09
3.7597e-09
-3.68196e-09
4.94066e-09
-3.24891e-09
5.48157e-09
-2.0432e-09
7.18566e-09
-7.13699e-10
7.76332e-09
2.42561e-09
9.98876e-09
5.63416e-09
1.05104e-08
1.24028e-08
1.25809e-08
1.9135e-08
1.2961e-08
3.07296e-08
1.22248e-08
1.28354e-08
4.21673e-08
6.73476e-09
3.53638e-08
6.01327e-09
2.95118e-08
1.93526e-09
2.35786e-08
1.18497e-09
1.92658e-08
-8.07303e-11
1.5091e-08
-4.06678e-10
1.21612e-08
-4.9719e-10
9.42598e-09
-5.40389e-10
7.48249e-09
-2.50438e-10
5.7326e-09
-1.31947e-10
4.47491e-09
2.43957e-10
3.39839e-09
4.55645e-10
2.64499e-09
8.28112e-10
2.06777e-09
1.07546e-09
1.73239e-09
1.39586e-09
1.55808e-09
1.61053e-09
1.55079e-09
1.82548e-09
1.6472e-09
1.93327e-09
1.81445e-09
1.99513e-09
1.99457e-09
1.95833e-09
2.14714e-09
1.86361e-09
2.23092e-09
1.69418e-09
2.21955e-09
1.48834e-09
2.09732e-09
1.25266e-09
1.86228e-09
1.01836e-09
1.52411e-09
8.01865e-10
1.10202e-09
6.24941e-10
6.2157e-10
5.01217e-10
1.10252e-10
4.42884e-10
-4.01343e-10
4.46739e-10
-8.90962e-10
5.27494e-10
-1.3323e-09
6.54321e-10
-1.72115e-09
8.66115e-10
-2.03986e-09
1.08555e-09
-2.28884e-09
1.4173e-09
-2.46358e-09
1.69718e-09
-2.53948e-09
2.15698e-09
-2.54088e-09
2.48895e-09
-2.35911e-09
3.10662e-09
-2.09251e-09
3.49339e-09
-1.44939e-09
4.29791e-09
-7.09498e-10
4.74212e-09
7.73659e-10
5.70305e-09
2.35417e-09
6.18344e-09
5.25687e-09
7.08679e-09
8.22285e-09
7.54517e-09
1.31451e-08
7.65952e-09
1.80643e-08
8.04264e-09
2.46301e-08
5.66e-09
6.29382e-09
3.38544e-08
1.07847e-08
2.96343e-08
1.02329e-08
2.5497e-08
6.07206e-09
2.12989e-08
5.38273e-09
1.78977e-08
3.32002e-09
1.45849e-08
2.90583e-09
1.20635e-08
2.02397e-09
9.68968e-09
1.83323e-09
7.90854e-09
1.53053e-09
6.28311e-09
1.49335e-09
5.07006e-09
1.45691e-09
4.01163e-09
1.514e-09
3.2489e-09
1.59078e-09
2.63308e-09
1.69123e-09
2.23144e-09
1.79746e-09
1.95387e-09
1.88805e-09
1.81882e-09
1.96049e-09
1.76163e-09
1.99042e-09
1.77078e-09
1.98594e-09
1.79841e-09
1.93067e-09
1.82255e-09
1.83943e-09
1.81035e-09
1.70634e-09
1.74601e-09
1.55266e-09
1.61597e-09
1.38266e-09
1.41809e-09
1.21622e-09
1.15608e-09
1.06384e-09
8.41632e-10
9.3937e-10
4.90898e-10
8.51931e-10
1.22772e-10
8.10994e-10
-2.43017e-10
8.12518e-10
-5.91406e-10
8.75876e-10
-9.03426e-10
9.66341e-10
-1.16859e-09
1.13129e-09
-1.37811e-09
1.29509e-09
-1.51273e-09
1.55195e-09
-1.58609e-09
1.7706e-09
-1.53993e-09
2.1109e-09
-1.42945e-09
2.37859e-09
-1.11318e-09
2.79052e-09
-7.28808e-10
3.10924e-09
1.7235e-11
3.55216e-09
8.34107e-10
3.92561e-09
2.24488e-09
4.29271e-09
3.73937e-09
4.68946e-09
6.11167e-09
4.71504e-09
8.55552e-09
5.10194e-09
1.2034e-08
4.18175e-09
1.55496e-08
4.52777e-09
1.95785e-08
1.63176e-09
2.22792e-09
2.64744e-08
1.32827e-08
2.39062e-08
1.28008e-08
2.108e-08
8.8979e-09
1.82213e-08
8.2411e-09
1.56655e-08
5.87561e-09
1.3167e-08
5.40413e-09
1.11183e-08
4.0725e-09
9.17561e-09
3.77578e-09
7.64226e-09
3.06377e-09
6.23237e-09
2.90316e-09
5.1451e-09
2.54412e-09
4.18179e-09
2.47726e-09
3.46033e-09
2.3122e-09
2.85478e-09
2.29675e-09
2.42702e-09
2.22519e-09
2.09605e-09
2.219e-09
1.88608e-09
2.17043e-09
1.73911e-09
2.13737e-09
1.65421e-09
2.07082e-09
1.59106e-09
1.9938e-09
1.53941e-09
1.89105e-09
1.47261e-09
1.77312e-09
1.38177e-09
1.64347e-09
1.25483e-09
1.50958e-09
1.09002e-09
1.381e-09
8.87956e-10
1.26588e-09
6.55245e-10
1.17206e-09
4.01005e-10
1.10615e-09
1.37189e-10
1.0748e-09
-1.23745e-10
1.07344e-09
-3.6717e-10
1.11929e-09
-5.84266e-10
1.18343e-09
-7.56334e-10
1.30336e-09
-8.86896e-10
1.42567e-09
-9.40697e-10
1.60577e-09
-9.46897e-10
1.77684e-09
-8.29453e-10
1.99352e-09
-6.62166e-10
2.21139e-09
-2.96768e-10
2.42525e-09
1.18772e-10
2.69387e-09
8.38436e-10
2.83271e-09
1.62127e-09
3.14304e-09
2.82697e-09
3.08734e-09
4.1012e-09
3.4156e-09
5.89611e-09
2.92056e-09
7.75249e-09
3.24603e-09
1.00488e-08
1.88599e-09
1.2386e-08
2.19106e-09
1.46249e-08
-6.06566e-10
-7.21794e-11
2.02675e-08
1.48008e-08
1.87282e-08
1.43399e-08
1.68108e-08
1.08151e-08
1.48772e-08
1.01746e-08
1.3003e-08
7.74966e-09
1.11713e-08
7.23563e-09
9.5763e-09
5.66741e-09
8.06246e-09
5.28953e-09
6.81255e-09
4.3136e-09
5.65997e-09
4.05569e-09
4.73921e-09
3.46485e-09
3.91814e-09
3.2983e-09
3.28346e-09
2.94686e-09
2.74102e-09
2.83917e-09
2.33958e-09
2.62661e-09
2.01339e-09
2.54517e-09
1.78317e-09
2.40064e-09
1.60345e-09
2.31707e-09
1.47819e-09
2.19606e-09
1.37453e-09
2.09744e-09
1.28831e-09
1.97726e-09
1.19826e-09
1.86314e-09
1.09974e-09
1.74197e-09
9.8253e-10
1.62677e-09
8.45664e-10
1.51785e-09
6.88494e-10
1.42304e-09
5.1484e-10
1.3457e-09
3.30724e-10
1.29026e-09
1.44593e-10
1.26092e-09
-3.77235e-11
1.25575e-09
-2.0052e-10
1.28209e-09
-3.45317e-10
1.32823e-09
-4.46785e-10
1.40483e-09
-5.19486e-10
1.49838e-09
-5.18926e-10
1.60523e-09
-4.84603e-10
1.74255e-09
-3.37225e-10
1.8462e-09
-1.53567e-10
2.0278e-09
1.97591e-10
2.07419e-09
5.91863e-10
2.29973e-09
1.21233e-09
2.21241e-09
1.88752e-09
2.46806e-09
2.84755e-09
2.12754e-09
3.86458e-09
2.39885e-09
5.17747e-09
1.60797e-09
6.54091e-09
1.88293e-09
8.05721e-09
3.70043e-10
9.60764e-09
6.41019e-10
1.08697e-08
-1.86826e-09
-1.39543e-09
1.48832e-08
1.57169e-08
1.39693e-08
1.52537e-08
1.27083e-08
1.20759e-08
1.14435e-08
1.14392e-08
1.01312e-08
9.06191e-09
8.85179e-09
8.51491e-09
7.679e-09
6.84012e-09
6.56477e-09
6.4037e-09
5.60881e-09
5.26951e-09
4.72466e-09
4.9398e-09
3.99756e-09
4.19192e-09
3.34478e-09
3.95106e-09
2.82624e-09
3.46538e-09
2.37671e-09
3.28869e-09
2.03223e-09
2.97108e-09
1.74504e-09
2.83236e-09
1.53234e-09
2.61333e-09
1.35825e-09
2.49115e-09
1.22812e-09
2.32617e-09
1.1174e-09
2.20815e-09
1.0249e-09
2.06975e-09
9.34586e-10
1.95344e-09
8.44047e-10
1.8325e-09
7.45165e-10
1.72564e-09
6.37402e-10
1.6256e-09
5.19474e-10
1.54095e-09
3.93667e-10
1.4715e-09
2.63208e-10
1.42071e-09
1.34541e-10
1.38958e-09
9.62578e-12
1.38066e-09
-9.64438e-11
1.38816e-09
-1.90532e-10
1.42232e-09
-2.45966e-10
1.46027e-09
-2.82857e-10
1.53529e-09
-2.566e-10
1.579e-09
-2.07954e-10
1.69393e-09
-6.54253e-11
1.70371e-09
1.0282e-10
1.85961e-09
3.9897e-10
1.77811e-09
7.30279e-10
1.96851e-09
1.22017e-09
1.72264e-09
1.75167e-09
1.93671e-09
2.46247e-09
1.41691e-09
3.2154e-09
1.64611e-09
4.12185e-09
7.01738e-10
5.06633e-09
9.38681e-10
6.03282e-09
-5.96192e-10
7.02951e-09
-3.55392e-10
7.75302e-09
-2.59149e-09
-2.17187e-09
1.02368e-08
1.62576e-08
9.70421e-09
1.57862e-08
8.90749e-09
1.28725e-08
8.11215e-09
1.22344e-08
7.24499e-09
9.929e-09
6.40147e-09
9.35837e-09
5.59871e-09
7.64284e-09
4.83706e-09
7.16531e-09
4.16445e-09
5.94209e-09
3.54248e-09
5.56175e-09
3.0188e-09
4.71558e-09
2.54782e-09
4.42204e-09
2.16565e-09
3.84754e-09
1.83215e-09
3.62218e-09
1.57023e-09
3.23299e-09
1.3481e-09
3.05449e-09
1.17728e-09
2.78415e-09
1.03488e-09
2.63354e-09
9.24992e-10
2.43606e-09
8.30432e-10
2.3027e-09
7.51028e-10
2.14915e-09
6.75699e-10
2.02876e-09
6.03343e-10
1.90485e-09
5.28179e-10
1.8008e-09
4.50311e-10
1.70346e-09
3.68147e-10
1.62311e-09
2.82798e-10
1.55684e-09
1.96017e-10
1.50748e-09
1.12651e-10
1.47294e-09
3.27651e-11
1.46054e-09
-3.20882e-11
1.45301e-09
-8.94248e-11
1.47966e-09
-1.15793e-10
1.48665e-09
-1.31268e-10
1.55077e-09
-9.79949e-11
1.54574e-09
-5.04608e-11
1.64642e-09
6.47778e-11
1.5885e-09
2.00427e-10
1.724e-09
4.21704e-10
1.55689e-09
6.70611e-10
1.71967e-09
1.02235e-09
1.37098e-09
1.40525e-09
1.5539e-09
1.89557e-09
9.26709e-10
2.41719e-09
1.12462e-09
3.01112e-09
1.07959e-10
3.63334e-09
3.16611e-10
4.2326e-09
-1.19528e-09
4.85299e-09
-9.7561e-10
5.27128e-09
-3.00958e-09
-2.62523e-09
5.94184e-09
1.65338e-08
5.67375e-09
1.60542e-08
5.2412e-09
1.3305e-08
4.81258e-09
1.2663e-08
4.32536e-09
1.04162e-08
3.852e-09
9.83169e-09
3.38834e-09
8.10648e-09
2.94808e-09
7.60554e-09
2.55083e-09
6.33932e-09
2.18276e-09
5.92981e-09
1.86802e-09
5.03031e-09
1.58403e-09
4.70602e-09
1.35058e-09
4.081e-09
1.14609e-09
3.82666e-09
9.83505e-10
3.39558e-09
8.4486e-10
3.19313e-09
7.36772e-10
2.89223e-09
6.45272e-10
2.72503e-09
5.73208e-10
2.50812e-09
5.10873e-10
2.36504e-09
4.58449e-10
2.20157e-09
4.09428e-10
2.07778e-09
3.63079e-10
1.95119e-09
3.1605e-10
1.84782e-09
2.6854e-10
1.75097e-09
2.19384e-10
1.67226e-09
1.6922e-10
1.607e-09
1.18899e-10
1.5578e-09
7.16012e-11
1.52024e-09
2.66826e-11
1.50546e-09
-8.31874e-12
1.48801e-09
-3.9323e-11
1.51067e-09
-5.0641e-11
1.49797e-09
-5.62147e-11
1.55635e-09
-3.17414e-11
1.52128e-09
3.95729e-13
1.61429e-09
7.37594e-11
1.51516e-09
1.59261e-10
1.63852e-09
2.93879e-10
1.4223e-09
4.44301e-10
1.56929e-09
6.51549e-10
1.16378e-09
8.76003e-10
1.3295e-09
1.15626e-09
6.46523e-10
1.4541e-09
8.26852e-10
1.78602e-09
-2.23886e-10
2.13551e-09
-3.27899e-11
2.45349e-09
-1.51315e-09
2.78735e-09
-1.30937e-09
2.99455e-09
-3.21669e-09
-2.85696e-09
2.08327e-09
1.99087e-09
1.84235e-09
1.69418e-09
1.52564e-09
1.36197e-09
1.20103e-09
1.04881e-09
9.10728e-10
7.83349e-10
6.73257e-10
5.74191e-10
4.91677e-10
4.19018e-10
3.60107e-10
3.09364e-10
2.68872e-10
2.34341e-10
2.06642e-10
1.82475e-10
1.61822e-10
1.42548e-10
1.24159e-10
1.05784e-10
8.72509e-11
6.84356e-11
4.99227e-11
3.15496e-11
1.50817e-11
-6.89905e-13
-1.24794e-11
-2.26055e-11
-2.61757e-11
-2.72983e-11
-1.83313e-11
-6.10166e-12
1.99417e-11
5.05816e-11
9.85263e-11
1.5244e-10
2.25801e-10
3.05742e-10
4.03012e-10
5.06598e-10
6.17889e-10
7.33351e-10
8.40949e-10
9.5205e-10
1.02219e-09
)
;

boundaryField
{
    inlet_water
    {
        type            calculated;
        value           nonuniform List<scalar> 
25
(
-3.44677e-06
-9.97624e-06
-1.61254e-05
-2.18768e-05
-2.72147e-05
-3.21267e-05
-3.6604e-05
-4.06413e-05
-4.42375e-05
-4.73952e-05
-5.01197e-05
-5.24187e-05
-5.4301e-05
-5.57765e-05
-5.68628e-05
-5.7602e-05
-5.80799e-05
-5.84194e-05
-5.86976e-05
-5.89357e-05
-5.9134e-05
-5.92925e-05
-5.94114e-05
-5.94907e-05
-5.95303e-05
)
;
    }
    inlet_air
    {
        type            calculated;
        value           nonuniform List<scalar> 
35
(
-5.95307e-05
-3.05092e-05
-1.20483e-05
-3.74109e-06
-9.11806e-07
-1.59457e-07
7.5751e-11
5.48022e-09
4.16281e-09
1.99006e-09
8.23735e-10
6.05862e-10
4.99332e-10
1.58178e-10
-6.56496e-09
-9.73304e-09
-1.12729e-08
-1.21256e-08
-1.26468e-08
-1.29564e-08
-1.31004e-08
-1.30981e-08
-1.29801e-08
-1.27899e-08
-1.25494e-08
-8.47179e-08
-6.48244e-08
-4.86085e-08
-3.79049e-08
-2.89729e-08
-2.17859e-08
-1.57996e-08
-1.07776e-08
-6.2181e-09
-2.17785e-09
)
;
    }
    outlet_water
    {
        type            calculated;
        value           nonuniform List<scalar> 
25
(
3.44691e-06
9.97651e-06
1.61257e-05
2.18769e-05
2.72147e-05
3.21264e-05
3.66034e-05
4.06405e-05
4.42365e-05
4.7394e-05
5.01185e-05
5.24176e-05
5.43e-05
5.57757e-05
5.68622e-05
5.76015e-05
5.80796e-05
5.84191e-05
5.86973e-05
5.89354e-05
5.91337e-05
5.92922e-05
5.94109e-05
5.94901e-05
5.95296e-05
)
;
    }
    outlet_air
    {
        type            calculated;
        value           nonuniform List<scalar> 
35
(
5.95295e-05
3.05165e-05
1.20873e-05
3.77751e-06
9.23014e-07
1.5634e-07
-9.94737e-11
-1.7563e-08
-1.61538e-08
-1.2179e-08
-8.37097e-09
-5.07459e-09
-2.39203e-09
-7.30682e-10
-4.65705e-10
-4.00482e-10
-3.5311e-10
-1.73369e-10
5.13346e-09
7.25328e-09
7.96496e-09
8.23464e-09
8.33406e-09
8.32212e-09
8.2102e-09
5.56133e-08
4.21192e-08
3.11721e-08
2.36448e-08
1.69252e-08
1.21932e-08
8.52959e-09
5.72472e-09
3.22632e-09
1.09838e-09
)
;
    }
    lowerWall
    {
        type            calculated;
        value           uniform 0;
    }
    atmosphere
    {
        type            calculated;
        value           nonuniform List<scalar> 
50
(
1.66283e-08
1.61466e-08
1.34535e-08
1.28111e-08
1.05847e-08
9.99535e-09
8.26741e-09
7.75776e-09
6.47739e-09
6.05719e-09
5.1404e-09
4.80508e-09
4.16351e-09
3.89932e-09
3.45449e-09
3.24388e-09
2.93273e-09
2.75956e-09
2.53582e-09
2.3892e-09
2.22222e-09
2.09705e-09
1.96958e-09
1.8662e-09
1.7695e-09
1.69108e-09
1.62551e-09
1.57618e-09
1.5367e-09
1.52123e-09
1.4998e-09
1.52079e-09
1.50154e-09
1.55748e-09
1.51231e-09
1.60207e-09
1.48912e-09
1.60789e-09
1.37437e-09
1.51538e-09
1.09044e-09
1.24958e-09
5.49275e-10
7.23291e-10
-3.35149e-10
-1.48223e-10
-1.62072e-09
-1.42044e-09
-3.28679e-09
-2.93314e-09
)
;
    }
    defaultFaces
    {
        type            empty;
        value           nonuniform List<scalar> 0();
    }
}


// ************************************************************************* //
