/*--------------------------------*- C++ -*----------------------------------*\
  =========                 |
  \\      /  F ield         | OpenFOAM: The Open Source CFD Toolbox
   \\    /   O peration     | Website:  https://openfoam.org
    \\  /    A nd           | Version:  8
     \\/     M anipulation  |
\*---------------------------------------------------------------------------*/
FoamFile
{
    version     2.0;
    format      ascii;
    class       volVectorField;
    location    "14939";
    object      U;
}
// * * * * * * * * * * * * * * * * * * * * * * * * * * * * * * * * * * * * * //

dimensions      [0 1 -1 0 0 0 0];

internalField   nonuniform List<vector> 
3000
(
(0.0767819 0 1.4565e-07)
(0.0767806 0 -2.71091e-08)
(0.076781 0 -3.17215e-08)
(0.0767815 0 -2.52462e-08)
(0.0767821 0 -3.24725e-08)
(0.0767829 0 -3.51715e-08)
(0.0767837 0 -3.51325e-08)
(0.0767846 0 -3.36039e-08)
(0.0767854 0 -3.08535e-08)
(0.0767862 0 -2.82944e-08)
(0.076787 0 -2.6386e-08)
(0.0767878 0 -2.53253e-08)
(0.0767886 0 -2.48292e-08)
(0.0767894 0 -2.46402e-08)
(0.0767903 0 -2.44861e-08)
(0.0767912 0 -2.4309e-08)
(0.0767921 0 -2.41104e-08)
(0.076793 0 -2.39547e-08)
(0.0767939 0 -2.38476e-08)
(0.0767948 0 -2.37414e-08)
(0.0767957 0 -2.34919e-08)
(0.0767965 0 -2.28629e-08)
(0.0767973 0 -2.1518e-08)
(0.076798 0 -1.90631e-08)
(0.0767986 0 -1.51377e-08)
(0.0767989 0 -9.55349e-09)
(0.076799 0 -2.60681e-09)
(0.0767988 0 5.33999e-09)
(0.0767984 0 1.33494e-08)
(0.0767978 0 2.02602e-08)
(0.076797 0 2.49974e-08)
(0.0767961 0 2.68282e-08)
(0.0767953 0 2.54444e-08)
(0.0767946 0 2.14371e-08)
(0.076794 0 1.61676e-08)
(0.0767937 0 1.12939e-08)
(0.0767934 0 8.21886e-09)
(0.0767931 0 7.70984e-09)
(0.0767928 0 9.81775e-09)
(0.0767924 0 1.39131e-08)
(0.0767918 0 1.92288e-08)
(0.0767911 0 2.4545e-08)
(0.0767902 0 2.97786e-08)
(0.0767892 0 3.27193e-08)
(0.0767881 0 3.6575e-08)
(0.076787 0 3.20841e-08)
(0.0767859 0 3.90138e-08)
(0.0767853 0 8.10308e-09)
(0.0767842 0 5.60759e-08)
(0.076785 0 -1.39117e-07)
(0.222236 0 6.24885e-07)
(0.222234 0 2.20979e-08)
(0.222234 0 -1.36665e-07)
(0.222234 0 -1.6424e-07)
(0.222235 0 -2.32763e-07)
(0.222237 0 -2.81702e-07)
(0.222238 0 -3.02641e-07)
(0.22224 0 -3.06744e-07)
(0.222242 0 -3.0265e-07)
(0.222244 0 -2.99794e-07)
(0.222246 0 -3.02333e-07)
(0.222248 0 -3.10156e-07)
(0.22225 0 -3.20633e-07)
(0.222253 0 -3.31165e-07)
(0.222255 0 -3.40083e-07)
(0.222258 0 -3.47032e-07)
(0.22226 0 -3.52188e-07)
(0.222263 0 -3.55624e-07)
(0.222265 0 -3.567e-07)
(0.222268 0 -3.53872e-07)
(0.222271 0 -3.44585e-07)
(0.222273 0 -3.25394e-07)
(0.222275 0 -2.92368e-07)
(0.222277 0 -2.41958e-07)
(0.222279 0 -1.72314e-07)
(0.22228 0 -8.47313e-08)
(0.22228 0 1.53151e-08)
(0.222279 0 1.18393e-07)
(0.222278 0 2.11578e-07)
(0.222276 0 2.8291e-07)
(0.222274 0 3.2254e-07)
(0.222272 0 3.25929e-07)
(0.22227 0 2.9546e-07)
(0.222268 0 2.42016e-07)
(0.222266 0 1.82209e-07)
(0.222265 0 1.33105e-07)
(0.222264 0 1.07134e-07)
(0.222264 0 1.09505e-07)
(0.222263 0 1.3813e-07)
(0.222262 0 1.85804e-07)
(0.22226 0 2.43379e-07)
(0.222258 0 3.01433e-07)
(0.222256 0 3.5321e-07)
(0.222253 0 3.89598e-07)
(0.22225 0 4.09432e-07)
(0.222248 0 3.90668e-07)
(0.222245 0 3.58416e-07)
(0.222243 0 2.18517e-07)
(0.222241 0 2.60979e-07)
(0.222243 0 -5.40308e-07)
(0.35922 0 1.30577e-06)
(0.359215 0 3.05301e-07)
(0.359214 0 -1.37384e-07)
(0.359215 0 -2.97922e-07)
(0.359215 0 -4.95151e-07)
(0.359217 0 -6.44459e-07)
(0.359219 0 -7.23407e-07)
(0.359221 0 -7.57367e-07)
(0.359224 0 -7.71526e-07)
(0.359227 0 -7.8829e-07)
(0.359229 0 -8.17552e-07)
(0.359233 0 -8.57755e-07)
(0.359236 0 -9.0196e-07)
(0.359239 0 -9.4343e-07)
(0.359243 0 -9.7845e-07)
(0.359247 0 -1.00635e-06)
(0.359251 0 -1.02769e-06)
(0.359255 0 -1.04228e-06)
(0.359259 0 -1.04787e-06)
(0.359263 0 -1.03954e-06)
(0.359267 0 -1.00967e-06)
(0.359271 0 -9.4834e-07)
(0.359275 0 -8.44802e-07)
(0.359278 0 -6.90079e-07)
(0.35928 0 -4.80734e-07)
(0.359282 0 -2.22724e-07)
(0.359282 0 6.66136e-08)
(0.359281 0 3.59236e-07)
(0.359279 0 6.18402e-07)
(0.359276 0 8.11145e-07)
(0.359273 0 9.12122e-07)
(0.359269 0 9.11639e-07)
(0.359266 0 8.19831e-07)
(0.359263 0 6.69029e-07)
(0.359261 0 5.05319e-07)
(0.359259 0 3.74256e-07)
(0.359258 0 3.07729e-07)
(0.359257 0 3.1787e-07)
(0.359256 0 3.97533e-07)
(0.359254 0 5.26905e-07)
(0.359251 0 6.81159e-07)
(0.359249 0 8.36356e-07)
(0.359245 0 9.72756e-07)
(0.359241 0 1.07047e-06)
(0.359237 0 1.11508e-06)
(0.359233 0 1.07083e-06)
(0.359229 0 9.43889e-07)
(0.359226 0 6.18525e-07)
(0.359223 0 4.97135e-07)
(0.359226 0 -1.0761e-06)
(0.487341 0 2.19967e-06)
(0.487334 0 8.86083e-07)
(0.487332 0 8.73784e-08)
(0.487331 0 -3.07487e-07)
(0.487331 0 -6.98217e-07)
(0.487332 0 -9.99127e-07)
(0.487334 0 -1.17692e-06)
(0.487337 0 -1.27296e-06)
(0.487339 0 -1.33367e-06)
(0.487342 0 -1.39781e-06)
(0.487346 0 -1.48188e-06)
(0.487349 0 -1.58219e-06)
(0.487354 0 -1.68596e-06)
(0.487358 0 -1.78115e-06)
(0.487363 0 -1.86152e-06)
(0.487368 0 -1.92617e-06)
(0.487373 0 -1.9762e-06)
(0.487378 0 -2.011e-06)
(0.487384 0 -2.02593e-06)
(0.487389 0 -2.01133e-06)
(0.487395 0 -1.95248e-06)
(0.4874 0 -1.83067e-06)
(0.487405 0 -1.62605e-06)
(0.487409 0 -1.32276e-06)
(0.487412 0 -9.15961e-07)
(0.487413 0 -4.188e-07)
(0.487414 0 1.33867e-07)
(0.487413 0 6.88092e-07)
(0.48741 0 1.17579e-06)
(0.487407 0 1.53493e-06)
(0.487402 0 1.71968e-06)
(0.487398 0 1.71416e-06)
(0.487394 0 1.53992e-06)
(0.48739 0 1.25863e-06)
(0.487387 0 9.55871e-07)
(0.487385 0 7.15001e-07)
(0.487383 0 5.93524e-07)
(0.487382 0 6.12463e-07)
(0.48738 0 7.57929e-07)
(0.487378 0 9.93479e-07)
(0.487375 0 1.2737e-06)
(0.487371 0 1.55568e-06)
(0.487367 0 1.80237e-06)
(0.487362 0 1.98053e-06)
(0.487357 0 2.05561e-06)
(0.487352 0 1.97922e-06)
(0.487346 0 1.71349e-06)
(0.487343 0 1.15054e-06)
(0.48734 0 6.68519e-07)
(0.487344 0 -1.78461e-06)
(0.606252 0 3.26841e-06)
(0.606244 0 1.75958e-06)
(0.60624 0 5.96636e-07)
(0.606238 0 -1.16485e-07)
(0.606237 0 -7.64852e-07)
(0.606238 0 -1.26764e-06)
(0.606239 0 -1.58737e-06)
(0.606241 0 -1.7818e-06)
(0.606244 0 -1.92118e-06)
(0.606247 0 -2.06318e-06)
(0.606251 0 -2.23187e-06)
(0.606255 0 -2.42109e-06)
(0.60626 0 -2.61113e-06)
(0.606265 0 -2.78366e-06)
(0.60627 0 -2.9294e-06)
(0.606276 0 -3.04725e-06)
(0.606282 0 -3.13905e-06)
(0.606288 0 -3.20375e-06)
(0.606295 0 -3.23393e-06)
(0.606301 0 -3.2142e-06)
(0.606308 0 -3.12141e-06)
(0.606314 0 -2.92638e-06)
(0.606319 0 -2.59857e-06)
(0.606324 0 -2.11415e-06)
(0.606328 0 -1.46682e-06)
(0.60633 0 -6.78516e-07)
(0.606331 0 1.9485e-07)
(0.60633 0 1.06751e-06)
(0.606327 0 1.83454e-06)
(0.606323 0 2.39923e-06)
(0.606318 0 2.69097e-06)
(0.606313 0 2.68602e-06)
(0.606308 0 2.41907e-06)
(0.606303 0 1.98605e-06)
(0.6063 0 1.51911e-06)
(0.606297 0 1.14651e-06)
(0.606295 0 9.56642e-07)
(0.606293 0 9.81775e-07)
(0.606291 0 1.2008e-06)
(0.606288 0 1.55808e-06)
(0.606285 0 1.98414e-06)
(0.606281 0 2.41369e-06)
(0.606276 0 2.78922e-06)
(0.60627 0 3.0616e-06)
(0.606264 0 3.17225e-06)
(0.606259 0 3.0574e-06)
(0.606253 0 2.62197e-06)
(0.606249 0 1.77234e-06)
(0.606245 0 7.5594e-07)
(0.606251 0 -2.65425e-06)
(0.715676 0 4.4693e-06)
(0.715667 0 2.88099e-06)
(0.715662 0 1.39024e-06)
(0.715658 0 3.06001e-07)
(0.715656 0 -6.54755e-07)
(0.715656 0 -1.40566e-06)
(0.715657 0 -1.90877e-06)
(0.715659 0 -2.23737e-06)
(0.715661 0 -2.4866e-06)
(0.715664 0 -2.73499e-06)
(0.715668 0 -3.01545e-06)
(0.715672 0 -3.31957e-06)
(0.715677 0 -3.6201e-06)
(0.715683 0 -3.89154e-06)
(0.715688 0 -4.12101e-06)
(0.715695 0 -4.30712e-06)
(0.715701 0 -4.45265e-06)
(0.715708 0 -4.55633e-06)
(0.715715 0 -4.60785e-06)
(0.715723 0 -4.58574e-06)
(0.71573 0 -4.4577e-06)
(0.715736 0 -4.18315e-06)
(0.715743 0 -3.71986e-06)
(0.715748 0 -3.03509e-06)
(0.715752 0 -2.12072e-06)
(0.715755 0 -1.00783e-06)
(0.715756 0 2.2504e-07)
(0.715755 0 1.45739e-06)
(0.715752 0 2.54344e-06)
(0.715748 0 3.34765e-06)
(0.715743 0 3.77104e-06)
(0.715737 0 3.7797e-06)
(0.715731 0 3.42092e-06)
(0.715726 0 2.82688e-06)
(0.715723 0 2.18045e-06)
(0.715719 0 1.65998e-06)
(0.715717 0 1.38944e-06)
(0.715715 0 1.4153e-06)
(0.715712 0 1.70995e-06)
(0.715709 0 2.1974e-06)
(0.715706 0 2.78189e-06)
(0.715701 0 3.37312e-06)
(0.715696 0 3.89089e-06)
(0.71569 0 4.26769e-06)
(0.715683 0 4.41887e-06)
(0.715677 0 4.26104e-06)
(0.71567 0 3.63493e-06)
(0.715666 0 2.45728e-06)
(0.715662 0 7.62688e-07)
(0.715669 0 -3.65752e-06)
(0.815413 0 5.75343e-06)
(0.815404 0 4.18363e-06)
(0.815398 0 2.42449e-06)
(0.815393 0 9.48731e-07)
(0.815391 0 -3.62567e-07)
(0.81539 0 -1.39925e-06)
(0.81539 0 -2.12155e-06)
(0.815391 0 -2.61575e-06)
(0.815393 0 -3.00135e-06)
(0.815396 0 -3.37914e-06)
(0.8154 0 -3.79234e-06)
(0.815404 0 -4.23121e-06)
(0.815409 0 -4.66087e-06)
(0.815414 0 -5.04801e-06)
(0.81542 0 -5.37554e-06)
(0.815427 0 -5.64157e-06)
(0.815434 0 -5.85001e-06)
(0.815441 0 -5.99976e-06)
(0.815448 0 -6.07795e-06)
(0.815456 0 -6.05715e-06)
(0.815463 0 -5.89583e-06)
(0.81547 0 -5.54179e-06)
(0.815477 0 -4.94059e-06)
(0.815483 0 -4.04993e-06)
(0.815487 0 -2.85899e-06)
(0.81549 0 -1.40725e-06)
(0.815491 0 2.04535e-07)
(0.815491 0 1.82061e-06)
(0.815488 0 3.2526e-06)
(0.815484 0 4.32364e-06)
(0.815478 0 4.90333e-06)
(0.815473 0 4.94464e-06)
(0.815467 0 4.50503e-06)
(0.815462 0 3.75213e-06)
(0.815457 0 2.92093e-06)
(0.815454 0 2.24307e-06)
(0.815451 0 1.88202e-06)
(0.815449 0 1.90172e-06)
(0.815446 0 2.26994e-06)
(0.815443 0 2.89045e-06)
(0.815439 0 3.64018e-06)
(0.815434 0 4.40202e-06)
(0.815428 0 5.07138e-06)
(0.815422 0 5.56039e-06)
(0.815415 0 5.75703e-06)
(0.815408 0 5.55428e-06)
(0.815402 0 4.72443e-06)
(0.815397 0 3.18727e-06)
(0.815393 0 7.03596e-07)
(0.8154 0 -4.75511e-06)
(0.905351 0 7.07057e-06)
(0.905342 0 5.59266e-06)
(0.905335 0 3.62887e-06)
(0.90533 0 1.76739e-06)
(0.905327 0 8.67866e-08)
(0.905325 0 -1.261e-06)
(0.905325 0 -2.22925e-06)
(0.905326 0 -2.913e-06)
(0.905328 0 -3.45417e-06)
(0.90533 0 -3.97637e-06)
(0.905333 0 -4.53473e-06)
(0.905337 0 -5.11959e-06)
(0.905342 0 -5.68903e-06)
(0.905347 0 -6.20163e-06)
(0.905353 0 -6.63554e-06)
(0.90536 0 -6.98808e-06)
(0.905367 0 -7.26447e-06)
(0.905374 0 -7.46427e-06)
(0.905381 0 -7.5727e-06)
(0.905388 0 -7.55698e-06)
(0.905396 0 -7.36684e-06)
(0.905403 0 -6.93878e-06)
(0.90541 0 -6.20619e-06)
(0.905416 0 -5.11674e-06)
(0.90542 0 -3.65574e-06)
(0.905424 0 -1.86934e-06)
(0.905425 0 1.2148e-07)
(0.905425 0 2.12736e-06)
(0.905422 0 3.91782e-06)
(0.905418 0 5.27392e-06)
(0.905413 0 6.03175e-06)
(0.905407 0 6.12792e-06)
(0.905402 0 5.62622e-06)
(0.905396 0 4.72668e-06)
(0.905392 0 3.71522e-06)
(0.905388 0 2.87791e-06)
(0.905385 0 2.42044e-06)
(0.905383 0 2.42755e-06)
(0.90538 0 2.86495e-06)
(0.905377 0 3.6175e-06)
(0.905373 0 4.53481e-06)
(0.905368 0 5.47207e-06)
(0.905362 0 6.29918e-06)
(0.905355 0 6.90638e-06)
(0.905348 0 7.15358e-06)
(0.905341 0 6.90664e-06)
(0.905334 0 5.86668e-06)
(0.90533 0 3.94746e-06)
(0.905326 0 5.95867e-07)
(0.905333 0 -5.9027e-06)
(0.985464 0 8.37268e-06)
(0.985455 0 7.03441e-06)
(0.985448 0 4.92122e-06)
(0.985443 0 2.69652e-06)
(0.985439 0 6.46074e-07)
(0.985437 0 -1.02396e-06)
(0.985436 0 -2.25344e-06)
(0.985437 0 -3.14098e-06)
(0.985438 0 -3.84775e-06)
(0.985441 0 -4.51996e-06)
(0.985443 0 -5.22596e-06)
(0.985447 0 -5.95805e-06)
(0.985452 0 -6.6684e-06)
(0.985457 0 -7.30767e-06)
(0.985462 0 -7.84893e-06)
(0.985468 0 -8.2884e-06)
(0.985475 0 -8.63273e-06)
(0.985481 0 -8.88271e-06)
(0.985488 0 -9.02249e-06)
(0.985495 0 -9.01491e-06)
(0.985502 0 -8.80193e-06)
(0.985509 0 -8.30958e-06)
(0.985516 0 -7.45956e-06)
(0.985521 0 -6.18922e-06)
(0.985526 0 -4.47875e-06)
(0.98553 0 -2.3786e-06)
(0.985531 0 -2.67342e-08)
(0.985531 0 2.35725e-06)
(0.985529 0 4.50324e-06)
(0.985526 0 6.15131e-06)
(0.985521 0 7.10315e-06)
(0.985516 0 7.27608e-06)
(0.98551 0 6.73556e-06)
(0.985505 0 5.70938e-06)
(0.985501 0 4.53099e-06)
(0.985497 0 3.53991e-06)
(0.985494 0 2.98541e-06)
(0.985491 0 2.97572e-06)
(0.985488 0 3.47742e-06)
(0.985485 0 4.35863e-06)
(0.985481 0 5.44262e-06)
(0.985476 0 6.55685e-06)
(0.98547 0 7.54529e-06)
(0.985464 0 8.27526e-06)
(0.985457 0 8.57823e-06)
(0.985449 0 8.29023e-06)
(0.985442 0 7.03955e-06)
(0.985438 0 4.72285e-06)
(0.985434 0 4.54215e-07)
(0.985441 0 -7.057e-06)
(1.05581 0 9.61613e-06)
(1.0558 0 8.44187e-06)
(1.05579 0 6.21913e-06)
(1.05578 0 3.66202e-06)
(1.05578 0 1.25587e-06)
(1.05578 0 -7.33439e-07)
(1.05578 0 -2.22672e-06)
(1.05578 0 -3.32116e-06)
(1.05578 0 -4.19342e-06)
(1.05578 0 -5.0112e-06)
(1.05578 0 -5.85706e-06)
(1.05579 0 -6.7272e-06)
(1.05579 0 -7.56955e-06)
(1.0558 0 -8.3276e-06)
(1.0558 0 -8.96927e-06)
(1.05581 0 -9.48947e-06)
(1.05581 0 -9.89637e-06)
(1.05582 0 -1.01926e-05)
(1.05582 0 -1.03621e-05)
(1.05583 0 -1.03646e-05)
(1.05584 0 -1.01356e-05)
(1.05584 0 -9.59178e-06)
(1.05585 0 -8.64406e-06)
(1.05586 0 -7.21944e-06)
(1.05586 0 -5.29178e-06)
(1.05586 0 -2.91308e-06)
(1.05586 0 -2.34305e-07)
(1.05587 0 2.49937e-06)
(1.05586 0 4.98228e-06)
(1.05586 0 6.91633e-06)
(1.05586 0 8.06931e-06)
(1.05585 0 8.33705e-06)
(1.05585 0 7.78206e-06)
(1.05584 0 6.65416e-06)
(1.05584 0 5.32936e-06)
(1.05583 0 4.19764e-06)
(1.05583 0 3.55145e-06)
(1.05583 0 3.52433e-06)
(1.05583 0 4.08652e-06)
(1.05582 0 5.092e-06)
(1.05582 0 6.33954e-06)
(1.05581 0 7.62972e-06)
(1.05581 0 8.7808e-06)
(1.0558 0 9.63682e-06)
(1.0558 0 1.00008e-05)
(1.05579 0 9.6769e-06)
(1.05578 0 8.21976e-06)
(1.05578 0 5.49569e-06)
(1.05577 0 2.8585e-07)
(1.05578 0 -8.17956e-06)
(1.1165 0 1.07627e-05)
(1.11649 0 9.7569e-06)
(1.11648 0 7.44697e-06)
(1.11648 0 4.59127e-06)
(1.11648 0 1.85473e-06)
(1.11647 0 -4.37696e-07)
(1.11647 0 -2.18464e-06)
(1.11647 0 -3.47748e-06)
(1.11647 0 -4.50464e-06)
(1.11648 0 -5.45373e-06)
(1.11648 0 -6.42188e-06)
(1.11648 0 -7.4111e-06)
(1.11649 0 -8.36705e-06)
(1.11649 0 -9.22724e-06)
(1.11649 0 -9.95481e-06)
(1.1165 0 -1.05433e-05)
(1.1165 0 -1.10025e-05)
(1.11651 0 -1.13372e-05)
(1.11651 0 -1.15324e-05)
(1.11652 0 -1.15458e-05)
(1.11652 0 -1.1308e-05)
(1.11653 0 -1.07279e-05)
(1.11653 0 -9.70659e-06)
(1.11654 0 -8.16099e-06)
(1.11654 0 -6.05755e-06)
(1.11655 0 -3.4471e-06)
(1.11655 0 -4.89243e-07)
(1.11655 0 2.55085e-06)
(1.11655 0 5.33716e-06)
(1.11655 0 7.53771e-06)
(1.11654 0 8.8883e-06)
(1.11654 0 9.26223e-06)
(1.11653 0 8.71484e-06)
(1.11653 0 7.51211e-06)
(1.11653 0 6.06641e-06)
(1.11652 0 4.81351e-06)
(1.11652 0 4.08696e-06)
(1.11652 0 4.04609e-06)
(1.11652 0 4.66701e-06)
(1.11651 0 5.79232e-06)
(1.11651 0 7.19876e-06)
(1.11651 0 8.66165e-06)
(1.1165 0 9.97453e-06)
(1.11649 0 1.09585e-05)
(1.11649 0 1.13885e-05)
(1.11648 0 1.10353e-05)
(1.11647 0 9.38017e-06)
(1.11647 0 6.24364e-06)
(1.11647 0 9.07069e-08)
(1.11647 0 -9.23783e-06)
(1.16771 0 1.17794e-05)
(1.16771 0 1.09297e-05)
(1.1677 0 8.53925e-06)
(1.1677 0 5.42031e-06)
(1.16769 0 2.38802e-06)
(1.16769 0 -1.78839e-07)
(1.16769 0 -2.1576e-06)
(1.16769 0 -3.62908e-06)
(1.16769 0 -4.79055e-06)
(1.1677 0 -5.8477e-06)
(1.1677 0 -6.91208e-06)
(1.1677 0 -7.99317e-06)
(1.1677 0 -9.03636e-06)
(1.16771 0 -9.97476e-06)
(1.16771 0 -1.07674e-05)
(1.16771 0 -1.14067e-05)
(1.16772 0 -1.19039e-05)
(1.16772 0 -1.22667e-05)
(1.16772 0 -1.24818e-05)
(1.16773 0 -1.25065e-05)
(1.16773 0 -1.22678e-05)
(1.16774 0 -1.16683e-05)
(1.16774 0 -1.06007e-05)
(1.16774 0 -8.97221e-06)
(1.16775 0 -6.74111e-06)
(1.16775 0 -3.9544e-06)
(1.16775 0 -7.76267e-07)
(1.16775 0 2.51453e-06)
(1.16775 0 5.55763e-06)
(1.16775 0 7.99227e-06)
(1.16775 0 9.52553e-06)
(1.16775 0 1.00084e-05)
(1.16774 0 9.48579e-06)
(1.16774 0 8.23421e-06)
(1.16774 0 6.69565e-06)
(1.16773 0 5.3457e-06)
(1.16773 0 4.55525e-06)
(1.16773 0 4.50849e-06)
(1.16773 0 5.18875e-06)
(1.16773 0 6.42985e-06)
(1.16772 0 7.98924e-06)
(1.16772 0 9.6194e-06)
(1.16771 0 1.10909e-05)
(1.16771 0 1.22029e-05)
(1.1677 0 1.27033e-05)
(1.1677 0 1.23286e-05)
(1.16769 0 1.04874e-05)
(1.16768 0 6.939e-06)
(1.16768 0 -1.29733e-07)
(1.16769 0 -1.02025e-05)
(1.20964 0 1.26366e-05)
(1.20964 0 1.19156e-05)
(1.20963 0 9.44169e-06)
(1.20963 0 6.09914e-06)
(1.20963 0 2.81516e-06)
(1.20963 0 1.43868e-08)
(1.20963 0 -2.16351e-06)
(1.20963 0 -3.78321e-06)
(1.20963 0 -5.0492e-06)
(1.20963 0 -6.18346e-06)
(1.20963 0 -7.31143e-06)
(1.20963 0 -8.45118e-06)
(1.20964 0 -9.54971e-06)
(1.20964 0 -1.05373e-05)
(1.20964 0 -1.137e-05)
(1.20964 0 -1.20392e-05)
(1.20964 0 -1.2558e-05)
(1.20965 0 -1.29372e-05)
(1.20965 0 -1.31661e-05)
(1.20965 0 -1.32027e-05)
(1.20966 0 -1.29719e-05)
(1.20966 0 -1.2372e-05)
(1.20966 0 -1.12881e-05)
(1.20966 0 -9.61866e-06)
(1.20967 0 -7.31294e-06)
(1.20967 0 -4.41188e-06)
(1.20967 0 -1.08038e-06)
(1.20967 0 2.3954e-06)
(1.20967 0 5.63788e-06)
(1.20967 0 8.26276e-06)
(1.20967 0 9.95275e-06)
(1.20967 0 1.05379e-05)
(1.20967 0 1.00506e-05)
(1.20966 0 8.77298e-06)
(1.20966 0 7.16969e-06)
(1.20966 0 5.74935e-06)
(1.20966 0 4.91504e-06)
(1.20966 0 4.87349e-06)
(1.20966 0 5.61557e-06)
(1.20965 0 6.96844e-06)
(1.20965 0 8.67334e-06)
(1.20965 0 1.04629e-05)
(1.20964 0 1.20873e-05)
(1.20964 0 1.33256e-05)
(1.20963 0 1.39004e-05)
(1.20963 0 1.35135e-05)
(1.20962 0 1.15028e-05)
(1.20962 0 7.55255e-06)
(1.20962 0 -3.69686e-07)
(1.20962 0 -1.10427e-05)
(1.24252 0 1.33089e-05)
(1.24251 0 1.26736e-05)
(1.24251 0 1.01146e-05)
(1.24251 0 6.59783e-06)
(1.2425 0 3.11652e-06)
(1.2425 0 1.31982e-07)
(1.2425 0 -2.19975e-06)
(1.2425 0 -3.92645e-06)
(1.2425 0 -5.25829e-06)
(1.24251 0 -6.43217e-06)
(1.24251 0 -7.58646e-06)
(1.24251 0 -8.74826e-06)
(1.24251 0 -9.86741e-06)
(1.24251 0 -1.08729e-05)
(1.24251 0 -1.17185e-05)
(1.24251 0 -1.23955e-05)
(1.24251 0 -1.29189e-05)
(1.24251 0 -1.3303e-05)
(1.24251 0 -1.35407e-05)
(1.24251 0 -1.35914e-05)
(1.24252 0 -1.33802e-05)
(1.24252 0 -1.28019e-05)
(1.24252 0 -1.17359e-05)
(1.24252 0 -1.00724e-05)
(1.24252 0 -7.75096e-06)
(1.24252 0 -4.80429e-06)
(1.24253 0 -1.39321e-06)
(1.24253 0 2.19317e-06)
(1.24253 0 5.56764e-06)
(1.24253 0 8.32877e-06)
(1.24253 0 1.01397e-05)
(1.24253 0 1.08118e-05)
(1.24253 0 1.03634e-05)
(1.24253 0 9.07788e-06)
(1.24253 0 7.43618e-06)
(1.24253 0 5.97255e-06)
(1.24253 0 5.11608e-06)
(1.24252 0 5.09236e-06)
(1.24252 0 5.89914e-06)
(1.24252 0 7.35866e-06)
(1.24252 0 9.19916e-06)
(1.24252 0 1.11371e-05)
(1.24252 0 1.29062e-05)
(1.24251 0 1.42686e-05)
(1.24251 0 1.49244e-05)
(1.2425 0 1.4542e-05)
(1.2425 0 1.23911e-05)
(1.24249 0 8.06966e-06)
(1.24249 0 -6.04738e-07)
(1.2425 0 -1.17242e-05)
(1.26671 0 1.37876e-05)
(1.26671 0 1.31756e-05)
(1.26671 0 1.05458e-05)
(1.26671 0 6.91708e-06)
(1.26671 0 3.30265e-06)
(1.26671 0 1.90866e-07)
(1.26671 0 -2.23385e-06)
(1.26671 0 -4.01516e-06)
(1.26671 0 -5.36624e-06)
(1.26671 0 -6.53766e-06)
(1.26671 0 -7.67927e-06)
(1.26671 0 -8.82647e-06)
(1.26671 0 -9.93205e-06)
(1.26671 0 -1.09245e-05)
(1.26671 0 -1.17566e-05)
(1.26671 0 -1.24197e-05)
(1.26671 0 -1.29318e-05)
(1.2667 0 -1.33111e-05)
(1.2667 0 -1.35546e-05)
(1.2667 0 -1.36253e-05)
(1.2667 0 -1.34493e-05)
(1.2667 0 -1.29203e-05)
(1.2667 0 -1.19133e-05)
(1.2667 0 -1.03109e-05)
(1.2667 0 -8.04224e-06)
(1.26671 0 -5.12905e-06)
(1.26671 0 -1.7223e-06)
(1.26671 0 1.8913e-06)
(1.26671 0 5.31978e-06)
(1.26671 0 8.15431e-06)
(1.26671 0 1.00433e-05)
(1.26671 0 1.07809e-05)
(1.26671 0 1.037e-05)
(1.26672 0 9.09107e-06)
(1.26672 0 7.43476e-06)
(1.26672 0 5.95369e-06)
(1.26672 0 5.09614e-06)
(1.26672 0 5.10189e-06)
(1.26672 0 5.97415e-06)
(1.26672 0 7.53174e-06)
(1.26672 0 9.49361e-06)
(1.26672 0 1.1565e-05)
(1.26671 0 1.34685e-05)
(1.26671 0 1.4955e-05)
(1.26671 0 1.57086e-05)
(1.26671 0 1.53662e-05)
(1.2667 0 1.3137e-05)
(1.2667 0 8.51567e-06)
(1.2667 0 -7.72604e-07)
(1.2667 0 -1.22217e-05)
(1.28318 0 1.40885e-05)
(1.28318 0 1.34307e-05)
(1.28318 0 1.07658e-05)
(1.28318 0 7.09343e-06)
(1.28318 0 3.41487e-06)
(1.28318 0 2.40245e-07)
(1.28318 0 -2.21385e-06)
(1.28318 0 -3.99582e-06)
(1.28318 0 -5.32078e-06)
(1.28318 0 -6.45175e-06)
(1.28318 0 -7.54789e-06)
(1.28317 0 -8.65091e-06)
(1.28317 0 -9.71566e-06)
(1.28317 0 -1.06704e-05)
(1.28317 0 -1.14675e-05)
(1.28317 0 -1.20997e-05)
(1.28317 0 -1.25882e-05)
(1.28316 0 -1.29559e-05)
(1.28316 0 -1.32049e-05)
(1.28316 0 -1.33029e-05)
(1.28316 0 -1.31791e-05)
(1.28316 0 -1.27281e-05)
(1.28315 0 -1.18223e-05)
(1.28315 0 -1.03374e-05)
(1.28315 0 -8.19172e-06)
(1.28315 0 -5.39318e-06)
(1.28316 0 -2.07794e-06)
(1.28316 0 1.4778e-06)
(1.28316 0 4.88039e-06)
(1.28316 0 7.72445e-06)
(1.28317 0 9.64837e-06)
(1.28317 0 1.04302e-05)
(1.28317 0 1.00549e-05)
(1.28317 0 8.79536e-06)
(1.28317 0 7.14597e-06)
(1.28318 0 5.67029e-06)
(1.28318 0 4.82891e-06)
(1.28318 0 4.87097e-06)
(1.28318 0 5.80359e-06)
(1.28318 0 7.44379e-06)
(1.28318 0 9.5056e-06)
(1.28318 0 1.16889e-05)
(1.28318 0 1.37129e-05)
(1.28318 0 1.53241e-05)
(1.28318 0 1.6201e-05)
(1.28318 0 1.5955e-05)
(1.28317 0 1.37491e-05)
(1.28317 0 8.94755e-06)
(1.28317 0 -7.9182e-07)
(1.28317 0 -1.25308e-05)
(1.29383 0 1.42175e-05)
(1.29383 0 1.34826e-05)
(1.29383 0 1.08282e-05)
(1.29383 0 7.1716e-06)
(1.29383 0 3.48908e-06)
(1.29383 0 3.10067e-07)
(1.29383 0 -2.12782e-06)
(1.29383 0 -3.87383e-06)
(1.29383 0 -5.1456e-06)
(1.29382 0 -6.21644e-06)
(1.29382 0 -7.25188e-06)
(1.29382 0 -8.29744e-06)
(1.29382 0 -9.30913e-06)
(1.29382 0 -1.02151e-05)
(1.29381 0 -1.09679e-05)
(1.29381 0 -1.1562e-05)
(1.29381 0 -1.2022e-05)
(1.2938 0 -1.23757e-05)
(1.2938 0 -1.26304e-05)
(1.2938 0 -1.2759e-05)
(1.29379 0 -1.26954e-05)
(1.29379 0 -1.23364e-05)
(1.29379 0 -1.15538e-05)
(1.29379 0 -1.02177e-05)
(1.29379 0 -8.23588e-06)
(1.29379 0 -5.60192e-06)
(1.29379 0 -2.43611e-06)
(1.29379 0 9.99785e-07)
(1.2938 0 4.32348e-06)
(1.2938 0 7.13199e-06)
(1.2938 0 9.05968e-06)
(1.29381 0 9.87023e-06)
(1.29381 0 9.52989e-06)
(1.29381 0 8.3005e-06)
(1.29381 0 6.67492e-06)
(1.29382 0 5.22091e-06)
(1.29382 0 4.4054e-06)
(1.29382 0 4.48321e-06)
(1.29382 0 5.46436e-06)
(1.29383 0 7.16587e-06)
(1.29383 0 9.30101e-06)
(1.29383 0 1.15698e-05)
(1.29383 0 1.36941e-05)
(1.29383 0 1.54228e-05)
(1.29383 0 1.64378e-05)
(1.29383 0 1.63319e-05)
(1.29383 0 1.42407e-05)
(1.29382 0 9.38374e-06)
(1.29382 0 -6.35246e-07)
(1.29382 0 -1.26391e-05)
(1.30139 0 1.4198e-05)
(1.30139 0 1.33974e-05)
(1.30139 0 1.07909e-05)
(1.30139 0 7.19455e-06)
(1.30139 0 3.54971e-06)
(1.30139 0 4.02411e-07)
(1.30139 0 -1.9978e-06)
(1.30139 0 -3.69309e-06)
(1.30139 0 -4.90299e-06)
(1.30139 0 -5.90837e-06)
(1.30139 0 -6.87862e-06)
(1.30138 0 -7.86204e-06)
(1.30138 0 -8.81592e-06)
(1.30138 0 -9.6689e-06)
(1.30137 0 -1.03743e-05)
(1.30137 0 -1.09284e-05)
(1.30137 0 -1.1359e-05)
(1.30136 0 -1.16981e-05)
(1.30136 0 -1.19583e-05)
(1.30136 0 -1.2118e-05)
(1.30135 0 -1.2116e-05)
(1.30135 0 -1.18528e-05)
(1.30135 0 -1.12005e-05)
(1.30134 0 -1.00252e-05)
(1.30134 0 -8.22499e-06)
(1.30134 0 -5.77937e-06)
(1.30135 0 -2.79229e-06)
(1.30135 0 4.89108e-07)
(1.30135 0 3.70575e-06)
(1.30135 0 6.45374e-06)
(1.30136 0 8.36858e-06)
(1.30136 0 9.20165e-06)
(1.30137 0 8.9003e-06)
(1.30137 0 7.7133e-06)
(1.30137 0 6.1273e-06)
(1.30138 0 4.70878e-06)
(1.30138 0 3.92654e-06)
(1.30138 0 4.03889e-06)
(1.30138 0 5.05908e-06)
(1.30139 0 6.80637e-06)
(1.30139 0 8.99668e-06)
(1.30139 0 1.13336e-05)
(1.30139 0 1.35449e-05)
(1.30139 0 1.53842e-05)
(1.30139 0 1.65397e-05)
(1.30139 0 1.65903e-05)
(1.30139 0 1.46501e-05)
(1.30139 0 9.80716e-06)
(1.30139 0 -3.4034e-07)
(1.30138 0 -1.25071e-05)
(1.30759 0 1.40815e-05)
(1.30759 0 1.3207e-05)
(1.30759 0 1.06816e-05)
(1.30759 0 7.18575e-06)
(1.30759 0 3.61756e-06)
(1.30759 0 5.33514e-07)
(1.30759 0 -1.80825e-06)
(1.30759 0 -3.44022e-06)
(1.30758 0 -4.58105e-06)
(1.30758 0 -5.51635e-06)
(1.30758 0 -6.41694e-06)
(1.30758 0 -7.33304e-06)
(1.30758 0 -8.22366e-06)
(1.30757 0 -9.01876e-06)
(1.30757 0 -9.67294e-06)
(1.30756 0 -1.01844e-05)
(1.30756 0 -1.05838e-05)
(1.30756 0 -1.09074e-05)
(1.30755 0 -1.11731e-05)
(1.30755 0 -1.13652e-05)
(1.30755 0 -1.14285e-05)
(1.30754 0 -1.12684e-05)
(1.30754 0 -1.07588e-05)
(1.30754 0 -9.76298e-06)
(1.30754 0 -8.17027e-06)
(1.30754 0 -5.94518e-06)
(1.30754 0 -3.17251e-06)
(1.30754 0 -7.96254e-08)
(1.30754 0 2.99364e-06)
(1.30755 0 5.65566e-06)
(1.30755 0 7.54459e-06)
(1.30756 0 8.39943e-06)
(1.30756 0 8.14691e-06)
(1.30756 0 7.01953e-06)
(1.30757 0 5.49263e-06)
(1.30757 0 4.12579e-06)
(1.30757 0 3.38529e-06)
(1.30758 0 3.53108e-06)
(1.30758 0 4.58076e-06)
(1.30758 0 6.35914e-06)
(1.30758 0 8.58865e-06)
(1.30758 0 1.09801e-05)
(1.30759 0 1.32701e-05)
(1.30759 0 1.522e-05)
(1.30759 0 1.65281e-05)
(1.30759 0 1.67624e-05)
(1.30759 0 1.50251e-05)
(1.30759 0 1.02679e-05)
(1.30758 0 8.50659e-08)
(1.30758 0 -1.22686e-05)
(1.31289 0 1.39309e-05)
(1.31289 0 1.29783e-05)
(1.31289 0 1.05483e-05)
(1.31289 0 7.18161e-06)
(1.31289 0 3.71797e-06)
(1.31289 0 7.15012e-07)
(1.31289 0 -1.55926e-06)
(1.31289 0 -3.12962e-06)
(1.31289 0 -4.20663e-06)
(1.31289 0 -5.07675e-06)
(1.31288 0 -5.90992e-06)
(1.31288 0 -6.75838e-06)
(1.31288 0 -7.58428e-06)
(1.31288 0 -8.32027e-06)
(1.31287 0 -8.9229e-06)
(1.31287 0 -9.3921e-06)
(1.31286 0 -9.76092e-06)
(1.31286 0 -1.00692e-05)
(1.31286 0 -1.03396e-05)
(1.31285 0 -1.05628e-05)
(1.31285 0 -1.06901e-05)
(1.31284 0 -1.0633e-05)
(1.31284 0 -1.02688e-05)
(1.31284 0 -9.45941e-06)
(1.31284 0 -8.08665e-06)
(1.31284 0 -6.1006e-06)
(1.31284 0 -3.56551e-06)
(1.31284 0 -6.84404e-07)
(1.31284 0 2.21831e-06)
(1.31285 0 4.77612e-06)
(1.31285 0 6.63149e-06)
(1.31286 0 7.51134e-06)
(1.31286 0 7.32105e-06)
(1.31287 0 6.27397e-06)
(1.31287 0 4.82821e-06)
(1.31287 0 3.53007e-06)
(1.31288 0 2.83891e-06)
(1.31288 0 3.01508e-06)
(1.31288 0 4.0826e-06)
(1.31288 0 5.87568e-06)
(1.31289 0 8.12729e-06)
(1.31289 0 1.05584e-05)
(1.31289 0 1.29159e-05)
(1.31289 0 1.49695e-05)
(1.31289 0 1.64276e-05)
(1.31289 0 1.68495e-05)
(1.31289 0 1.53312e-05)
(1.31289 0 1.06991e-05)
(1.31289 0 5.93902e-07)
(1.31289 0 -1.19e-05)
(1.31731 0 1.37589e-05)
(1.31731 0 1.27255e-05)
(1.31731 0 1.04053e-05)
(1.31731 0 7.19364e-06)
(1.31731 0 3.86054e-06)
(1.31731 0 9.55502e-07)
(1.31731 0 -1.24544e-06)
(1.31731 0 -2.75894e-06)
(1.31731 0 -3.78055e-06)
(1.3173 0 -4.59343e-06)
(1.3173 0 -5.3644e-06)
(1.3173 0 -6.14778e-06)
(1.31729 0 -6.91016e-06)
(1.31729 0 -7.58824e-06)
(1.31729 0 -8.14111e-06)
(1.31728 0 -8.57021e-06)
(1.31728 0 -8.91018e-06)
(1.31727 0 -9.20361e-06)
(1.31727 0 -9.4778e-06)
(1.31726 0 -9.72954e-06)
(1.31726 0 -9.91774e-06)
(1.31726 0 -9.96081e-06)
(1.31725 0 -9.74105e-06)
(1.31725 0 -9.12107e-06)
(1.31725 0 -7.97672e-06)
(1.31725 0 -6.24437e-06)
(1.31725 0 -3.96677e-06)
(1.31725 0 -1.32101e-06)
(1.31726 0 1.39215e-06)
(1.31726 0 3.83069e-06)
(1.31727 0 5.64643e-06)
(1.31727 0 6.55595e-06)
(1.31728 0 6.44214e-06)
(1.31728 0 5.49618e-06)
(1.31729 0 4.15271e-06)
(1.31729 0 2.93815e-06)
(1.31729 0 2.3008e-06)
(1.31729 0 2.50061e-06)
(1.3173 0 3.57029e-06)
(1.3173 0 5.35764e-06)
(1.3173 0 7.61047e-06)
(1.31731 0 1.0063e-05)
(1.31731 0 1.24739e-05)
(1.31731 0 1.46219e-05)
(1.31731 0 1.62267e-05)
(1.31731 0 1.68428e-05)
(1.31731 0 1.5571e-05)
(1.31731 0 1.1122e-05)
(1.31731 0 1.23752e-06)
(1.3173 0 -1.13991e-05)
(1.32084 0 1.3558e-05)
(1.32084 0 1.24461e-05)
(1.32084 0 1.02623e-05)
(1.32084 0 7.23918e-06)
(1.32084 0 4.06625e-06)
(1.32084 0 1.27523e-06)
(1.32084 0 -8.55805e-07)
(1.32084 0 -2.31384e-06)
(1.32083 0 -3.28807e-06)
(1.32083 0 -4.05146e-06)
(1.32083 0 -4.76504e-06)
(1.32083 0 -5.48528e-06)
(1.32082 0 -6.18478e-06)
(1.32082 0 -6.80576e-06)
(1.32081 0 -7.31046e-06)
(1.32081 0 -7.70144e-06)
(1.32081 0 -8.01404e-06)
(1.3208 0 -8.29288e-06)
(1.3208 0 -8.56953e-06)
(1.32079 0 -8.84742e-06)
(1.32079 0 -9.09381e-06)
(1.32078 0 -9.23583e-06)
(1.32078 0 -9.16282e-06)
(1.32078 0 -8.7402e-06)
(1.32078 0 -7.83968e-06)
(1.32078 0 -6.38436e-06)
(1.32078 0 -4.39243e-06)
(1.32078 0 -2.01009e-06)
(1.32078 0 5.00959e-07)
(1.32079 0 2.80254e-06)
(1.3208 0 4.569e-06)
(1.3208 0 5.51372e-06)
(1.32081 0 5.49427e-06)
(1.32081 0 4.6751e-06)
(1.32081 0 3.45883e-06)
(1.32082 0 2.34431e-06)
(1.32082 0 1.76405e-06)
(1.32082 0 1.97689e-06)
(1.32083 0 3.02699e-06)
(1.32083 0 4.78214e-06)
(1.32083 0 7.0107e-06)
(1.32084 0 9.46368e-06)
(1.32084 0 1.19137e-05)
(1.32084 0 1.41496e-05)
(1.32084 0 1.59051e-05)
(1.32084 0 1.67355e-05)
(1.32085 0 1.57634e-05)
(1.32084 0 1.15875e-05)
(1.32084 0 2.0857e-06)
(1.32083 0 -1.07143e-05)
(1.32349 0 1.3322e-05)
(1.32349 0 1.21367e-05)
(1.32349 0 1.01366e-05)
(1.32349 0 7.35226e-06)
(1.32349 0 4.37736e-06)
(1.32349 0 1.71477e-06)
(1.32349 0 -3.72658e-07)
(1.32348 0 -1.76741e-06)
(1.32348 0 -2.70341e-06)
(1.32348 0 -3.42564e-06)
(1.32347 0 -4.08618e-06)
(1.32347 0 -4.74395e-06)
(1.32347 0 -5.37979e-06)
(1.32346 0 -5.94351e-06)
(1.32346 0 -6.40116e-06)
(1.32345 0 -6.75576e-06)
(1.32345 0 -7.04223e-06)
(1.32344 0 -7.30631e-06)
(1.32344 0 -7.5837e-06)
(1.32343 0 -7.88522e-06)
(1.32343 0 -8.18805e-06)
(1.32343 0 -8.43038e-06)
(1.32342 0 -8.51144e-06)
(1.32342 0 -8.30219e-06)
(1.32342 0 -7.67221e-06)
(1.32342 0 -6.53108e-06)
(1.32342 0 -4.86783e-06)
(1.32342 0 -2.78944e-06)
(1.32343 0 -5.07316e-07)
(1.32343 0 1.65187e-06)
(1.32344 0 3.3552e-06)
(1.32345 0 4.34275e-06)
(1.32345 0 4.44383e-06)
(1.32346 0 3.78851e-06)
(1.32346 0 2.73382e-06)
(1.32346 0 1.74063e-06)
(1.32347 0 1.21969e-06)
(1.32347 0 1.42864e-06)
(1.32347 0 2.42671e-06)
(1.32347 0 4.11224e-06)
(1.32348 0 6.28284e-06)
(1.32348 0 8.71075e-06)
(1.32348 0 1.11847e-05)
(1.32349 0 1.35051e-05)
(1.32349 0 1.54235e-05)
(1.32349 0 1.65034e-05)
(1.32349 0 1.59176e-05)
(1.32349 0 1.21561e-05)
(1.32349 0 3.27714e-06)
(1.32348 0 -9.72921e-06)
(1.32525 0 1.30535e-05)
(1.32526 0 1.18036e-05)
(1.32526 0 1.00401e-05)
(1.32526 0 7.54474e-06)
(1.32526 0 4.80542e-06)
(1.32525 0 2.29346e-06)
(1.32525 0 2.88136e-07)
(1.32525 0 -1.09608e-06)
(1.32524 0 -2.02619e-06)
(1.32524 0 -2.72476e-06)
(1.32524 0 -3.34186e-06)
(1.32523 0 -3.94162e-06)
(1.32523 0 -4.51647e-06)
(1.32522 0 -5.02613e-06)
(1.32522 0 -5.441e-06)
(1.32521 0 -5.76368e-06)
(1.32521 0 -6.02729e-06)
(1.3252 0 -6.27782e-06)
(1.3252 0 -6.55509e-06)
(1.3252 0 -6.87809e-06)
(1.32519 0 -7.23543e-06)
(1.32519 0 -7.57834e-06)
(1.32518 0 -7.81802e-06)
(1.32518 0 -7.83271e-06)
(1.32518 0 -7.49023e-06)
(1.32518 0 -6.68515e-06)
(1.32518 0 -5.38382e-06)
(1.32518 0 -3.6579e-06)
(1.32519 0 -1.68379e-06)
(1.32519 0 2.66204e-07)
(1.3252 0 1.96325e-06)
(1.32521 0 3.03065e-06)
(1.32521 0 3.2977e-06)
(1.32522 0 2.85318e-06)
(1.32522 0 1.99576e-06)
(1.32522 0 1.13869e-06)
(1.32523 0 6.69106e-07)
(1.32523 0 8.51186e-07)
(1.32523 0 1.76704e-06)
(1.32524 0 3.35204e-06)
(1.32524 0 5.43862e-06)
(1.32524 0 7.82326e-06)
(1.32525 0 1.03117e-05)
(1.32525 0 1.27161e-05)
(1.32526 0 1.48077e-05)
(1.32526 0 1.61643e-05)
(1.32526 0 1.60391e-05)
(1.32526 0 1.28479e-05)
(1.32525 0 5.02068e-06)
(1.32524 0 -8.31585e-06)
(1.32614 0 1.31345e-05)
(1.32614 0 1.18943e-05)
(1.32614 0 1.02047e-05)
(1.32614 0 7.81917e-06)
(1.32614 0 5.17368e-06)
(1.32613 0 2.72992e-06)
(1.32613 0 7.94467e-07)
(1.32613 0 -5.68802e-07)
(1.32612 0 -1.54541e-06)
(1.32612 0 -2.2666e-06)
(1.32612 0 -2.87897e-06)
(1.32611 0 -3.45854e-06)
(1.32611 0 -4.00822e-06)
(1.3261 0 -4.49521e-06)
(1.3261 0 -4.89283e-06)
(1.32609 0 -5.20337e-06)
(1.32609 0 -5.45852e-06)
(1.32608 0 -5.70431e-06)
(1.32608 0 -5.98326e-06)
(1.32607 0 -6.31954e-06)
(1.32607 0 -6.70877e-06)
(1.32606 0 -7.1099e-06)
(1.32606 0 -7.44097e-06)
(1.32606 0 -7.58388e-06)
(1.32605 0 -7.40403e-06)
(1.32605 0 -6.78676e-06)
(1.32606 0 -5.6943e-06)
(1.32606 0 -4.18477e-06)
(1.32607 0 -2.42379e-06)
(1.32607 0 -6.52233e-07)
(1.32608 0 1.00385e-06)
(1.32609 0 2.18609e-06)
(1.32609 0 2.59951e-06)
(1.3261 0 2.2976e-06)
(1.3261 0 1.56058e-06)
(1.3261 0 7.71642e-07)
(1.32611 0 3.25108e-07)
(1.32611 0 4.86807e-07)
(1.32611 0 1.37565e-06)
(1.32612 0 2.92096e-06)
(1.32612 0 4.96589e-06)
(1.32613 0 7.32445e-06)
(1.32613 0 9.81219e-06)
(1.32614 0 1.22466e-05)
(1.32614 0 1.4407e-05)
(1.32614 0 1.58773e-05)
(1.32615 0 1.59434e-05)
(1.32614 0 1.30208e-05)
(1.32614 0 5.87005e-06)
(1.32612 0 -7.5e-06)
(1.32615 0 1.3078e-05)
(1.32615 0 1.1764e-05)
(1.32615 0 1.01206e-05)
(1.32614 0 7.78858e-06)
(1.32614 0 5.19738e-06)
(1.32614 0 2.80479e-06)
(1.32613 0 9.15105e-07)
(1.32612 0 -3.46502e-07)
(1.32612 0 -1.40026e-06)
(1.32612 0 -2.15359e-06)
(1.32611 0 -2.76883e-06)
(1.32611 0 -3.34339e-06)
(1.32611 0 -3.88618e-06)
(1.3261 0 -4.36743e-06)
(1.3261 0 -4.76106e-06)
(1.32609 0 -5.06951e-06)
(1.32609 0 -5.32334e-06)
(1.32608 0 -5.56818e-06)
(1.32608 0 -5.84755e-06)
(1.32607 0 -6.18698e-06)
(1.32607 0 -6.58368e-06)
(1.32606 0 -6.99811e-06)
(1.32606 0 -7.34933e-06)
(1.32605 0 -7.51927e-06)
(1.32605 0 -7.37121e-06)
(1.32605 0 -6.78897e-06)
(1.32605 0 -5.74252e-06)
(1.32606 0 -4.29044e-06)
(1.32606 0 -2.59748e-06)
(1.32607 0 -9.11215e-07)
(1.32608 0 5.49075e-07)
(1.32609 0 1.8217e-06)
(1.32609 0 2.35988e-06)
(1.3261 0 2.13249e-06)
(1.3261 0 1.43626e-06)
(1.3261 0 6.36592e-07)
(1.3261 0 1.74018e-07)
(1.32611 0 3.02555e-07)
(1.32611 0 1.19341e-06)
(1.32612 0 2.74771e-06)
(1.32612 0 4.78947e-06)
(1.32613 0 7.14992e-06)
(1.32613 0 9.64988e-06)
(1.32614 0 1.21089e-05)
(1.32615 0 1.43111e-05)
(1.32615 0 1.58441e-05)
(1.32616 0 1.60076e-05)
(1.32615 0 1.32166e-05)
(1.32614 0 6.38044e-06)
(1.32612 0 -7.27103e-06)
(0.679646 0 1.08152e-05)
(0.679659 0 9.56858e-06)
(0.679682 0 9.92132e-06)
(0.679708 0 9.70438e-06)
(0.679738 0 8.65792e-06)
(0.679767 0 6.98006e-06)
(0.679785 0 5.0414e-06)
(0.679792 0 2.9937e-06)
(0.679793 0 1.57441e-06)
(0.679802 0 1.14291e-06)
(0.679829 0 7.82362e-07)
(0.679876 0 4.99378e-07)
(0.679931 0 2.41803e-07)
(0.679976 0 3.40564e-10)
(0.679992 0 -2.23819e-07)
(0.679969 0 -3.72698e-07)
(0.679907 0 -4.92752e-07)
(0.679805 0 -6.43522e-07)
(0.679674 0 -8.61633e-07)
(0.679528 0 -1.21249e-06)
(0.679387 0 -1.76257e-06)
(0.679265 0 -2.55679e-06)
(0.679176 0 -3.59881e-06)
(0.679126 0 -4.83718e-06)
(0.679114 0 -6.22471e-06)
(0.679135 0 -7.56116e-06)
(0.679188 0 -8.52065e-06)
(0.679265 0 -8.89365e-06)
(0.679356 0 -8.53208e-06)
(0.679449 0 -7.30507e-06)
(0.679534 0 -5.6489e-06)
(0.679604 0 -3.87495e-06)
(0.679653 0 -2.46131e-06)
(0.679681 0 -1.662e-06)
(0.679691 0 -1.20455e-06)
(0.679692 0 -1.21603e-06)
(0.67969 0 -1.66885e-06)
(0.679692 0 -1.95048e-06)
(0.6797 0 -1.80101e-06)
(0.679715 0 -1.47257e-06)
(0.679736 0 -4.29854e-07)
(0.679761 0 1.32733e-06)
(0.679789 0 3.67191e-06)
(0.679816 0 6.48257e-06)
(0.679844 0 9.70016e-06)
(0.679868 0 1.30832e-05)
(0.679896 0 1.68466e-05)
(0.679897 0 1.86987e-05)
(0.679925 0 2.03717e-05)
(0.679808 0 2.95431e-06)
(0.268398 0 1.04102e-05)
(0.268485 0 6.71578e-06)
(0.268673 0 3.14063e-06)
(0.26889 0 -4.58416e-06)
(0.269082 0 -7.40092e-06)
(0.269221 0 -7.09941e-06)
(0.269308 0 -5.17311e-06)
(0.269371 0 -2.88287e-06)
(0.269422 0 -4.79968e-06)
(0.269474 0 -1.08893e-05)
(0.269525 0 -1.88909e-05)
(0.26957 0 -2.42396e-05)
(0.269604 0 -2.40848e-05)
(0.269621 0 -1.66201e-05)
(0.269615 0 -3.80858e-06)
(0.269579 0 1.12763e-05)
(0.269514 0 2.67266e-05)
(0.269429 0 3.93209e-05)
(0.269333 0 4.69337e-05)
(0.269236 0 4.81142e-05)
(0.269149 0 4.27676e-05)
(0.26908 0 3.21383e-05)
(0.269036 0 1.8277e-05)
(0.269016 0 3.39394e-06)
(0.269021 0 -1.01199e-05)
(0.269046 0 -2.1829e-05)
(0.269084 0 -3.04013e-05)
(0.269131 0 -3.54358e-05)
(0.269182 0 -3.6311e-05)
(0.269231 0 -3.32876e-05)
(0.269274 0 -2.72582e-05)
(0.269307 0 -1.94872e-05)
(0.26933 0 -1.12853e-05)
(0.269342 0 -4.31457e-06)
(0.269346 0 -8.54256e-08)
(0.269346 0 1.27203e-06)
(0.269343 0 5.79439e-07)
(0.269342 0 -1.03375e-06)
(0.269342 0 -2.71262e-06)
(0.269345 0 -3.27987e-06)
(0.269349 0 -3.14988e-06)
(0.269357 0 -1.53993e-06)
(0.269363 0 4.83635e-08)
(0.26937 0 3.0471e-06)
(0.269381 0 4.81244e-06)
(0.269377 0 7.12302e-06)
(0.269411 0 9.1968e-06)
(0.269352 0 5.46868e-06)
(0.269466 0 1.9469e-05)
(0.269269 0 1.32408e-05)
(0.0833411 0 -7.93621e-06)
(0.0838738 0 -4.97896e-05)
(0.0843055 0 -6.97965e-05)
(0.0845499 0 -7.22095e-05)
(0.0846851 0 -5.58694e-05)
(0.0847833 0 -3.70267e-05)
(0.0848412 0 -2.54063e-05)
(0.0848933 0 -1.90935e-05)
(0.0849312 0 -1.85789e-05)
(0.0849653 0 -1.82039e-05)
(0.0849889 0 -1.82796e-05)
(0.0850046 0 -1.65565e-05)
(0.0850102 0 -1.19136e-05)
(0.0850074 0 -4.00265e-06)
(0.0849968 0 7.0389e-06)
(0.08498 0 1.80799e-05)
(0.0849582 0 2.81815e-05)
(0.0849327 0 3.63957e-05)
(0.0849069 0 4.01007e-05)
(0.0848833 0 3.86952e-05)
(0.0848635 0 3.26137e-05)
(0.0848484 0 2.29419e-05)
(0.0848384 0 1.12028e-05)
(0.0848341 0 -8.2845e-07)
(0.0848343 0 -1.09003e-05)
(0.0848385 0 -1.97914e-05)
(0.0848466 0 -2.66885e-05)
(0.0848567 0 -3.04276e-05)
(0.0848675 0 -3.08002e-05)
(0.0848781 0 -2.79952e-05)
(0.0848878 0 -2.29286e-05)
(0.084896 0 -1.67473e-05)
(0.0849026 0 -1.06232e-05)
(0.0849075 0 -5.56541e-06)
(0.0849106 0 -2.11474e-06)
(0.0849121 0 -5.19071e-07)
(0.084912 0 -6.76104e-07)
(0.0849108 0 -1.34655e-06)
(0.0849081 0 -2.58512e-06)
(0.084906 0 -2.77826e-06)
(0.0849025 0 -3.13892e-06)
(0.0848999 0 -7.59801e-07)
(0.0848965 0 -1.0105e-07)
(0.0848876 0 4.34173e-06)
(0.0848907 0 6.58293e-06)
(0.0848537 0 9.22979e-06)
(0.0848921 0 1.98859e-05)
(0.084736 0 3.76149e-06)
(0.0849187 0 4.25883e-05)
(0.0841525 0 4.42734e-05)
(0.0203134 0 -9.92683e-05)
(0.0213048 0 -0.000185716)
(0.021566 0 -0.000123818)
(0.0217328 0 -8.50211e-05)
(0.0217862 0 -5.66379e-05)
(0.0218507 0 -3.93012e-05)
(0.0218768 0 -2.93682e-05)
(0.0219115 0 -2.16564e-05)
(0.0219284 0 -2.16523e-05)
(0.0219455 0 -2.35106e-05)
(0.0219525 0 -2.68926e-05)
(0.0219557 0 -2.67415e-05)
(0.0219535 0 -2.22402e-05)
(0.0219503 0 -1.15856e-05)
(0.0219461 0 3.36851e-06)
(0.0219419 0 2.11827e-05)
(0.0219401 0 3.71636e-05)
(0.021942 0 4.81977e-05)
(0.0219466 0 5.3956e-05)
(0.0219525 0 5.31188e-05)
(0.0219582 0 4.59736e-05)
(0.0219623 0 3.38635e-05)
(0.0219643 0 1.88503e-05)
(0.0219632 0 3.22966e-06)
(0.0219607 0 -1.21188e-05)
(0.0219577 0 -2.41046e-05)
(0.0219532 0 -3.27378e-05)
(0.0219481 0 -3.75495e-05)
(0.0219431 0 -3.81435e-05)
(0.0219387 0 -3.48378e-05)
(0.0219357 0 -2.85962e-05)
(0.0219342 0 -2.06401e-05)
(0.0219342 0 -1.24535e-05)
(0.0219354 0 -5.54379e-06)
(0.0219371 0 -1.19213e-06)
(0.0219383 0 7.35301e-07)
(0.0219384 0 6.56287e-07)
(0.021937 0 -3.98858e-07)
(0.0219343 0 -1.92314e-06)
(0.0219292 0 -1.72867e-06)
(0.0219243 0 -2.47157e-06)
(0.0219137 0 8.87069e-07)
(0.02191 0 7.6428e-07)
(0.0218856 0 6.47942e-06)
(0.0218886 0 8.60129e-06)
(0.0218248 0 1.09865e-05)
(0.0218468 0 2.95958e-05)
(0.0216508 0 -1.26452e-06)
(0.0216968 0 0.000142344)
(0.0205631 0 0.000162587)
(0.00355316 0 -0.000202077)
(0.0044585 0 -0.000301593)
(0.00450058 0 -0.0001541)
(0.00464633 0 -0.000115604)
(0.00465735 0 -7.5807e-05)
(0.00471045 0 -5.29358e-05)
(0.00471837 0 -3.74371e-05)
(0.00474405 0 -2.77329e-05)
(0.00475077 0 -2.45622e-05)
(0.00476031 0 -2.1689e-05)
(0.00476005 0 -2.09499e-05)
(0.0047583 0 -1.79278e-05)
(0.00475242 0 -1.25461e-05)
(0.00474685 0 -3.99878e-06)
(0.00474358 0 7.20119e-06)
(0.0047458 0 1.75577e-05)
(0.0047524 0 2.82044e-05)
(0.00476238 0 3.6448e-05)
(0.00477501 0 4.03494e-05)
(0.00478832 0 3.92764e-05)
(0.00480024 0 3.3647e-05)
(0.00480903 0 2.43712e-05)
(0.00481369 0 1.29316e-05)
(0.00481432 0 8.36202e-07)
(0.00481085 0 -9.03724e-06)
(0.00480428 0 -1.86684e-05)
(0.00479601 0 -2.59098e-05)
(0.00478646 0 -3.0032e-05)
(0.00477674 0 -3.08101e-05)
(0.00476799 0 -2.84572e-05)
(0.00476113 0 -2.37852e-05)
(0.00475668 0 -1.78747e-05)
(0.00475473 0 -1.18238e-05)
(0.00475475 0 -6.52857e-06)
(0.00475587 0 -2.73716e-06)
(0.00475695 0 -7.32437e-07)
(0.00475725 0 -4.05825e-07)
(0.0047554 0 -2.81207e-07)
(0.00475242 0 -1.12003e-06)
(0.00474601 0 -3.28161e-07)
(0.0047413 0 -7.25182e-07)
(0.00472757 0 3.29256e-06)
(0.00472467 0 4.05264e-06)
(0.00469433 0 1.07953e-05)
(0.00469773 0 1.62441e-05)
(0.00462483 0 2.00906e-05)
(0.00463651 0 5.21061e-05)
(0.00443354 0 3.05898e-05)
(0.00437874 0 0.000265243)
(0.00348377 0 0.000272392)
(-9.15383e-07 0 -0.000290514)
(0.000720001 0 -0.000382565)
(0.000672095 0 -0.000159681)
(0.000803988 0 -0.000119799)
(0.000795853 0 -7.15779e-05)
(0.000844289 0 -5.30697e-05)
(0.000845964 0 -3.76919e-05)
(0.000868432 0 -2.93439e-05)
(0.000871148 0 -2.67852e-05)
(0.000878422 0 -2.60699e-05)
(0.000876149 0 -2.59314e-05)
(0.000873535 0 -2.36837e-05)
(0.000867923 0 -1.80984e-05)
(0.000864285 0 -8.07967e-06)
(0.000862552 0 5.32171e-06)
(0.000864217 0 2.0802e-05)
(0.000870419 0 3.31849e-05)
(0.000880823 0 4.20498e-05)
(0.000893651 0 4.63662e-05)
(0.000906988 0 4.52082e-05)
(0.000918931 0 3.90025e-05)
(0.000927852 0 2.87682e-05)
(0.000932835 0 1.61285e-05)
(0.00093339 0 2.96564e-06)
(0.000930436 0 -1.04044e-05)
(0.00092464 0 -2.05093e-05)
(0.000916192 0 -2.79396e-05)
(0.000906308 0 -3.20654e-05)
(0.000896151 0 -3.26466e-05)
(0.000886875 0 -2.99597e-05)
(0.000879429 0 -2.4818e-05)
(0.000874325 0 -1.82185e-05)
(0.00087165 0 -1.14603e-05)
(0.00087098 0 -5.77282e-06)
(0.000871527 0 -1.8755e-06)
(0.000871928 0 3.11243e-07)
(0.000871705 0 7.52894e-07)
(0.0008697 0 5.75563e-07)
(0.000866958 0 -2.49921e-07)
(0.00086038 0 7.98122e-07)
(0.00085593 0 7.26163e-07)
(0.000841785 0 4.8582e-06)
(0.000839172 0 6.43387e-06)
(0.000808445 0 1.30226e-05)
(0.000811576 0 2.13045e-05)
(0.0007398 0 2.501e-05)
(0.000747885 0 6.73033e-05)
(0.000561673 0 5.08749e-05)
(0.000507928 0 0.000335849)
(-1.41954e-06 0 0.000341331)
(-0.000121461 0 -0.000336949)
(3.22862e-05 0 -0.000420712)
(-3.67752e-05 0 -0.000170624)
(7.489e-05 0 -0.000138219)
(6.18974e-05 0 -8.1228e-05)
(0.00010674 0 -6.1228e-05)
(0.000105562 0 -4.12197e-05)
(0.000125948 0 -3.15948e-05)
(0.000126979 0 -2.58539e-05)
(0.000133159 0 -2.28163e-05)
(0.000130172 0 -2.0945e-05)
(0.000127396 0 -1.75765e-05)
(0.000121522 0 -1.19753e-05)
(0.000116813 0 -4.04693e-06)
(0.000115 0 5.9625e-06)
(0.000118274 0 1.55575e-05)
(0.000125124 0 2.58558e-05)
(0.000135196 0 3.33625e-05)
(0.000147475 0 3.71115e-05)
(0.000160171 0 3.6375e-05)
(0.000171506 0 3.15174e-05)
(0.000179946 0 2.33046e-05)
(0.000184639 0 1.30288e-05)
(0.000185443 0 1.98343e-06)
(0.000182472 0 -7.51247e-06)
(0.000176416 0 -1.6508e-05)
(0.000168236 0 -2.32805e-05)
(0.000158677 0 -2.72442e-05)
(0.000148843 0 -2.81763e-05)
(0.000139828 0 -2.62894e-05)
(0.000132538 0 -2.22923e-05)
(0.00012747 0 -1.70379e-05)
(0.000124692 0 -1.14785e-05)
(0.000123761 0 -6.45353e-06)
(0.000123998 0 -2.86666e-06)
(0.000124289 0 -6.73351e-07)
(0.000124061 0 1.29827e-07)
(0.000121849 0 7.96665e-07)
(0.000119074 0 6.85754e-07)
(0.000112539 0 2.11671e-06)
(0.000108388 0 2.76272e-06)
(9.45492e-05 0 7.05488e-06)
(9.21783e-05 0 1.02417e-05)
(6.2488e-05 0 1.67508e-05)
(6.54517e-05 0 2.91844e-05)
(-2.26998e-06 0 3.30778e-05)
(5.02438e-06 0 8.65527e-05)
(-0.000158166 0 7.70208e-05)
(-0.000192359 0 0.000371406)
(-0.000390601 0 0.000372186)
(-9.22233e-05 0 -0.000332448)
(-6.50394e-05 0 -0.000409436)
(-0.000132891 0 -0.000169788)
(-3.93568e-05 0 -0.000141647)
(-5.4785e-05 0 -7.9805e-05)
(-1.38351e-05 0 -6.31366e-05)
(-1.60096e-05 0 -4.25219e-05)
(2.99556e-06 0 -3.44417e-05)
(3.27836e-06 0 -2.87215e-05)
(9.03445e-06 0 -2.62307e-05)
(5.97907e-06 0 -2.39747e-05)
(3.52356e-06 0 -2.07776e-05)
(-1.64781e-06 0 -1.47798e-05)
(-4.66391e-06 0 -5.8851e-06)
(-6.07865e-06 0 6.24591e-06)
(-4.17882e-06 0 1.8599e-05)
(1.79758e-06 0 2.88918e-05)
(1.10674e-05 0 3.62109e-05)
(2.2398e-05 0 3.96767e-05)
(3.41341e-05 0 3.85756e-05)
(4.46782e-05 0 3.32984e-05)
(5.25956e-05 0 2.46628e-05)
(5.70835e-05 0 1.40188e-05)
(5.78615e-05 0 2.81939e-06)
(5.53328e-05 0 -8.25109e-06)
(4.99763e-05 0 -1.70479e-05)
(4.2338e-05 0 -2.35219e-05)
(3.33653e-05 0 -2.71809e-05)
(2.40975e-05 0 -2.78447e-05)
(1.55339e-05 0 -2.57198e-05)
(8.52077e-06 0 -2.15572e-05)
(3.53951e-06 0 -1.61712e-05)
(6.84961e-07 0 -1.06508e-05)
(-4.63026e-07 0 -5.74903e-06)
(-5.28687e-07 0 -2.14443e-06)
(-7.07516e-07 0 1.32647e-07)
(-1.25297e-06 0 1.03223e-06)
(-3.447e-06 0 1.4641e-06)
(-6.04133e-06 0 1.53546e-06)
(-1.24482e-05 0 3.00223e-06)
(-1.63351e-05 0 4.22593e-06)
(-2.98294e-05 0 8.29031e-06)
(-3.20158e-05 0 1.27769e-05)
(-6.05306e-05 0 1.86892e-05)
(-5.78164e-05 0 3.43188e-05)
(-0.000120849 0 3.7579e-05)
(-0.000114368 0 9.8967e-05)
(-0.000253598 0 9.17181e-05)
(-0.00027464 0 0.000385028)
(-0.000359323 0 0.0003835)
(-4.39098e-05 0 -0.000336963)
(-6.20808e-05 0 -0.000407167)
(-0.000124305 0 -0.000174821)
(-4.82407e-05 0 -0.000152028)
(-6.44095e-05 0 -8.47044e-05)
(-2.7774e-05 0 -6.78064e-05)
(-3.10232e-05 0 -4.38326e-05)
(-1.37332e-05 0 -3.49725e-05)
(-1.40688e-05 0 -2.72684e-05)
(-8.74609e-06 0 -2.39708e-05)
(-1.17916e-05 0 -2.06855e-05)
(-1.39591e-05 0 -1.70808e-05)
(-1.88108e-05 0 -1.13498e-05)
(-2.23664e-05 0 -3.77805e-06)
(-2.35121e-05 0 4.93988e-06)
(-2.05947e-05 0 1.44787e-05)
(-1.47453e-05 0 2.37446e-05)
(-6.04251e-06 0 3.04818e-05)
(4.54436e-06 0 3.39275e-05)
(1.54786e-05 0 3.33762e-05)
(2.52946e-05 0 2.91474e-05)
(3.26553e-05 0 2.18554e-05)
(3.68374e-05 0 1.26672e-05)
(3.75688e-05 0 2.77228e-06)
(3.50883e-05 0 -6.29495e-06)
(2.99401e-05 0 -1.44759e-05)
(2.27593e-05 0 -2.06668e-05)
(1.43226e-05 0 -2.43524e-05)
(5.60009e-06 0 -2.53393e-05)
(-2.49505e-06 0 -2.37895e-05)
(-9.17293e-06 0 -2.03329e-05)
(-1.40008e-05 0 -1.5612e-05)
(-1.6899e-05 0 -1.05965e-05)
(-1.82276e-05 0 -6.08715e-06)
(-1.85236e-05 0 -2.68332e-06)
(-1.87763e-05 0 -4.37989e-07)
(-1.9375e-05 0 8.55283e-07)
(-2.17466e-05 0 1.87189e-06)
(-2.43121e-05 0 2.50319e-06)
(-3.05908e-05 0 4.19896e-06)
(-3.42195e-05 0 6.13903e-06)
(-4.73178e-05 0 1.02164e-05)
(-4.93215e-05 0 1.61681e-05)
(-7.65812e-05 0 2.19286e-05)
(-7.40916e-05 0 4.08353e-05)
(-0.000132316 0 4.42647e-05)
(-0.000126589 0 0.000112289)
(-0.000243531 0 0.000108002)
(-0.000257203 0 0.000392416)
(-0.000270871 0 0.000388982)
(-1.79992e-05 0 -0.000331208)
(-4.62325e-05 0 -0.000394957)
(-0.000102368 0 -0.000173869)
(-4.1881e-05 0 -0.000155089)
(-5.86092e-05 0 -8.51235e-05)
(-2.62894e-05 0 -7.06832e-05)
(-3.01263e-05 0 -4.58507e-05)
(-1.43893e-05 0 -3.78164e-05)
(-1.52642e-05 0 -2.93214e-05)
(-1.04219e-05 0 -2.60821e-05)
(-1.3455e-05 0 -2.21944e-05)
(-1.54491e-05 0 -1.84882e-05)
(-1.98509e-05 0 -1.23004e-05)
(-2.22855e-05 0 -4.41827e-06)
(-2.33147e-05 0 6.49992e-06)
(-2.13071e-05 0 1.63539e-05)
(-1.58943e-05 0 2.51428e-05)
(-7.79427e-06 0 3.13004e-05)
(2.0718e-06 0 3.42481e-05)
(1.22657e-05 0 3.33067e-05)
(2.14552e-05 0 2.88674e-05)
(2.83767e-05 0 2.15508e-05)
(3.23427e-05 0 1.24966e-05)
(3.3147e-05 0 2.82889e-06)
(3.09639e-05 0 -6.41147e-06)
(2.61822e-05 0 -1.41174e-05)
(1.94396e-05 0 -1.98553e-05)
(1.15024e-05 0 -2.31954e-05)
(3.27549e-06 0 -2.3987e-05)
(-4.40574e-06 0 -2.24159e-05)
(-1.07904e-05 0 -1.90915e-05)
(-1.54646e-05 0 -1.46446e-05)
(-1.83649e-05 0 -9.88597e-06)
(-1.98372e-05 0 -5.53143e-06)
(-2.03569e-05 0 -2.15366e-06)
(-2.09577e-05 0 2.05218e-07)
(-2.17488e-05 0 1.43951e-06)
(-2.40728e-05 0 2.37223e-06)
(-2.65299e-05 0 3.27798e-06)
(-3.26669e-05 0 5.0731e-06)
(-3.60757e-05 0 7.55416e-06)
(-4.87435e-05 0 1.1493e-05)
(-5.05918e-05 0 1.85954e-05)
(-7.64621e-05 0 2.39769e-05)
(-7.41943e-05 0 4.5462e-05)
(-0.000127311 0 4.86744e-05)
(-0.000122247 0 0.000121441)
(-0.000218363 0 0.000118704)
(-0.000227045 0 0.000391432)
(-0.000186113 0 0.00038689)
(-1.32035e-05 0 -0.000331021)
(-2.88241e-05 0 -0.00038913)
(-7.90388e-05 0 -0.000175099)
(-3.32371e-05 0 -0.000159567)
(-5.02697e-05 0 -8.68613e-05)
(-2.26274e-05 0 -7.288e-05)
(-2.71601e-05 0 -4.61493e-05)
(-1.31327e-05 0 -3.82456e-05)
(-1.44324e-05 0 -2.8557e-05)
(-1.00337e-05 0 -2.49348e-05)
(-1.29913e-05 0 -2.03841e-05)
(-1.47026e-05 0 -1.65643e-05)
(-1.87227e-05 0 -1.05986e-05)
(-2.13346e-05 0 -3.47852e-06)
(-2.20874e-05 0 4.59975e-06)
(-1.95964e-05 0 1.35086e-05)
(-1.44873e-05 0 2.17916e-05)
(-6.95429e-06 0 2.77369e-05)
(2.21114e-06 0 3.0826e-05)
(1.16663e-05 0 3.03488e-05)
(2.02059e-05 0 2.66332e-05)
(2.66427e-05 0 2.01839e-05)
(3.03543e-05 0 1.20344e-05)
(3.10489e-05 0 3.25899e-06)
(2.89613e-05 0 -5.18163e-06)
(2.45138e-05 0 -1.25404e-05)
(1.82058e-05 0 -1.81094e-05)
(1.07577e-05 0 -2.14549e-05)
(3.01664e-06 0 -2.24045e-05)
(-4.25615e-06 0 -2.11041e-05)
(-1.03597e-05 0 -1.81002e-05)
(-1.49014e-05 0 -1.40265e-05)
(-1.78185e-05 0 -9.63916e-06)
(-1.94237e-05 0 -5.58998e-06)
(-2.01191e-05 0 -2.37201e-06)
(-2.08007e-05 0 -8.90012e-08)
(-2.16847e-05 0 1.59184e-06)
(-2.41218e-05 0 2.88365e-06)
(-2.6515e-05 0 4.16616e-06)
(-3.24776e-05 0 6.12933e-06)
(-3.56778e-05 0 9.22792e-06)
(-4.78487e-05 0 1.31623e-05)
(-4.95651e-05 0 2.14847e-05)
(-7.39411e-05 0 2.66992e-05)
(-7.18878e-05 0 5.06047e-05)
(-0.000119844 0 5.38613e-05)
(-0.00011533 0 0.000129845)
(-0.000192465 0 0.000128474)
(-0.000197453 0 0.000385608)
(-0.000112741 0 0.000380309)
(-1.08776e-05 0 -0.000328036)
(-1.20963e-05 0 -0.00038144)
(-5.68087e-05 0 -0.000173892)
(-2.46286e-05 0 -0.000161596)
(-4.16445e-05 0 -8.78932e-05)
(-1.84908e-05 0 -7.54072e-05)
(-2.35371e-05 0 -4.75586e-05)
(-1.12007e-05 0 -4.00066e-05)
(-1.29299e-05 0 -2.95189e-05)
(-9.11328e-06 0 -2.58335e-05)
(-1.21065e-05 0 -2.06903e-05)
(-1.38172e-05 0 -1.67335e-05)
(-1.75588e-05 0 -1.0494e-05)
(-1.95708e-05 0 -3.42427e-06)
(-2.02421e-05 0 5.97362e-06)
(-1.81933e-05 0 1.4382e-05)
(-1.33731e-05 0 2.1988e-05)
(-6.3119e-06 0 2.72691e-05)
(2.26956e-06 0 2.98674e-05)
(1.11024e-05 0 2.91245e-05)
(1.90974e-05 0 2.54062e-05)
(2.51319e-05 0 1.91738e-05)
(2.86327e-05 0 1.1401e-05)
(2.93789e-05 0 3.02933e-06)
(2.74794e-05 0 -4.88487e-06)
(2.3272e-05 0 -1.17067e-05)
(1.7332e-05 0 -1.68739e-05)
(1.03186e-05 0 -1.99984e-05)
(3.02064e-06 0 -2.09167e-05)
(-3.87009e-06 0 -1.97558e-05)
(-9.70032e-06 0 -1.69857e-05)
(-1.4098e-05 0 -1.31851e-05)
(-1.70034e-05 0 -9.03733e-06)
(-1.87098e-05 0 -5.14572e-06)
(-1.95829e-05 0 -1.96692e-06)
(-2.04915e-05 0 4.26982e-07)
(-2.14812e-05 0 1.97875e-06)
(-2.38853e-05 0 3.35596e-06)
(-2.62087e-05 0 4.93779e-06)
(-3.19833e-05 0 6.99968e-06)
(-3.49989e-05 0 1.06005e-05)
(-4.66233e-05 0 1.44465e-05)
(-4.82184e-05 0 2.37666e-05)
(-7.09746e-05 0 2.87415e-05)
(-6.9108e-05 0 5.46058e-05)
(-0.000111816 0 5.78354e-05)
(-0.000107728 0 0.000136003)
(-0.000167783 0 0.000135647)
(-0.000169951 0 0.000375642)
(-5.30316e-05 0 0.000370206)
(-3.31587e-06 0 -0.000332348)
(5.32014e-06 0 -0.000381201)
(-3.51327e-05 0 -0.000172302)
(-1.61474e-05 0 -0.000162214)
(-3.3118e-05 0 -8.79343e-05)
(-1.46219e-05 0 -7.66281e-05)
(-2.01343e-05 0 -4.78745e-05)
(-9.57133e-06 0 -4.06976e-05)
(-1.16414e-05 0 -2.94163e-05)
(-8.3088e-06 0 -2.55848e-05)
(-1.12107e-05 0 -1.99586e-05)
(-1.27015e-05 0 -1.59698e-05)
(-1.60983e-05 0 -9.80219e-06)
(-1.8078e-05 0 -3.16481e-06)
(-1.85626e-05 0 4.61146e-06)
(-1.64298e-05 0 1.25653e-05)
(-1.19459e-05 0 1.99338e-05)
(-5.41429e-06 0 2.51175e-05)
(2.54645e-06 0 2.78218e-05)
(1.07384e-05 0 2.7368e-05)
(1.81802e-05 0 2.40958e-05)
(2.38062e-05 0 1.84011e-05)
(2.70901e-05 0 1.1215e-05)
(2.77564e-05 0 3.43283e-06)
(2.5979e-05 0 -4.13358e-06)
(2.20808e-05 0 -1.06675e-05)
(1.65122e-05 0 -1.56117e-05)
(9.91382e-06 0 -1.86154e-05)
(3.0297e-06 0 -1.95504e-05)
(-3.50552e-06 0 -1.8545e-05)
(-9.08124e-06 0 -1.60203e-05)
(-1.33476e-05 0 -1.25171e-05)
(-1.62467e-05 0 -8.66164e-06)
(-1.80459e-05 0 -5.00902e-06)
(-1.90411e-05 0 -1.95408e-06)
(-2.00484e-05 0 3.93268e-07)
(-2.11361e-05 0 2.30145e-06)
(-2.35678e-05 0 3.84176e-06)
(-2.58247e-05 0 5.72918e-06)
(-3.13846e-05 0 7.91749e-06)
(-3.42295e-05 0 1.2042e-05)
(-4.52586e-05 0 1.58633e-05)
(-4.67525e-05 0 2.61533e-05)
(-6.78239e-05 0 3.09596e-05)
(-6.61305e-05 0 5.84496e-05)
(-0.000103639 0 6.16765e-05)
(-9.98865e-05 0 0.000140709)
(-0.000144797 0 0.000141072)
(-0.000144985 0 0.000362746)
(-1.60626e-05 0 0.000357327)
(0.00014642 0 -0.000327743)
(2.54847e-05 0 -0.000372656)
(-1.29945e-05 0 -0.000169875)
(-7.83001e-06 0 -0.000161862)
(-2.45788e-05 0 -8.81423e-05)
(-1.05088e-05 0 -7.77713e-05)
(-1.63737e-05 0 -4.83582e-05)
(-7.52435e-06 0 -4.1405e-05)
(-9.91962e-06 0 -2.94477e-05)
(-7.23136e-06 0 -2.55257e-05)
(-1.01917e-05 0 -1.94308e-05)
(-1.1793e-05 0 -1.53956e-05)
(-1.50041e-05 0 -9.16035e-06)
(-1.66938e-05 0 -2.76609e-06)
(-1.71013e-05 0 5.39871e-06)
(-1.51337e-05 0 1.27029e-05)
(-1.08673e-05 0 1.93894e-05)
(-4.73865e-06 0 2.39977e-05)
(2.71547e-06 0 2.63619e-05)
(1.03531e-05 0 2.58233e-05)
(1.73001e-05 0 2.27168e-05)
(2.2552e-05 0 1.73725e-05)
(2.56354e-05 0 1.06355e-05)
(2.63056e-05 0 3.32102e-06)
(2.46558e-05 0 -3.64301e-06)
(2.09729e-05 0 -9.75555e-06)
(1.57389e-05 0 -1.44287e-05)
(9.52715e-06 0 -1.72968e-05)
(3.03093e-06 0 -1.82323e-05)
(-3.16795e-06 0 -1.73514e-05)
(-8.49877e-06 0 -1.50289e-05)
(-1.26304e-05 0 -1.17662e-05)
(-1.55061e-05 0 -8.12846e-06)
(-1.73729e-05 0 -4.62934e-06)
(-1.85073e-05 0 -1.62443e-06)
(-1.96456e-05 0 7.37524e-07)
(-2.07971e-05 0 2.64658e-06)
(-2.32059e-05 0 4.31709e-06)
(-2.54005e-05 0 6.47678e-06)
(-3.07287e-05 0 8.75949e-06)
(-3.34192e-05 0 1.33335e-05)
(-4.38125e-05 0 1.71013e-05)
(-4.52141e-05 0 2.82113e-05)
(-6.45345e-05 0 3.28633e-05)
(-6.29944e-05 0 6.16698e-05)
(-9.54081e-05 0 6.49183e-05)
(-9.19285e-05 0 0.00014402)
(-0.00012357 0 0.000144932)
(-0.000122625 0 0.000350023)
(-1.01927e-05 0 0.000344866)
(0.000216968 0 -0.000310286)
(4.32881e-05 0 -0.00035125)
(7.08799e-06 0 -0.000165839)
(1.31568e-07 0 -0.000159999)
(-1.63442e-05 0 -8.75767e-05)
(-6.69139e-06 0 -7.83974e-05)
(-1.28802e-05 0 -4.86742e-05)
(-5.80154e-06 0 -4.22077e-05)
(-8.47478e-06 0 -2.97701e-05)
(-6.31201e-06 0 -2.58425e-05)
(-9.18966e-06 0 -1.93604e-05)
(-1.06512e-05 0 -1.52775e-05)
(-1.35753e-05 0 -8.99532e-06)
(-1.51685e-05 0 -2.84776e-06)
(-1.54708e-05 0 4.56784e-06)
(-1.36333e-05 0 1.16228e-05)
(-9.68833e-06 0 1.81444e-05)
(-4.02095e-06 0 2.2617e-05)
(2.91059e-06 0 2.495e-05)
(1.00086e-05 0 2.44964e-05)
(1.64893e-05 0 2.16343e-05)
(2.13894e-05 0 1.66676e-05)
(2.42793e-05 0 1.03907e-05)
(2.49003e-05 0 3.54635e-06)
(2.33633e-05 0 -3.11661e-06)
(1.99233e-05 0 -8.89409e-06)
(1.50036e-05 0 -1.33192e-05)
(9.1526e-06 0 -1.60609e-05)
(3.01818e-06 0 -1.69965e-05)
(-2.86555e-06 0 -1.62365e-05)
(-7.96502e-06 0 -1.41101e-05)
(-1.19685e-05 0 -1.10872e-05)
(-1.48205e-05 0 -7.68248e-06)
(-1.67465e-05 0 -4.37255e-06)
(-1.79694e-05 0 -1.46434e-06)
(-1.91961e-05 0 9.29146e-07)
(-2.04226e-05 0 2.9946e-06)
(-2.28048e-05 0 4.78303e-06)
(-2.494e-05 0 7.19563e-06)
(-3.0018e-05 0 9.57024e-06)
(-3.25673e-05 0 1.45702e-05)
(-4.22912e-05 0 1.83039e-05)
(-4.36117e-05 0 3.01417e-05)
(-6.1148e-05 0 3.46523e-05)
(-5.97453e-05 0 6.44242e-05)
(-8.72097e-05 0 6.76812e-05)
(-8.39511e-05 0 0.000146111)
(-0.000103756 0 0.000147467)
(-0.0001022 0 0.00033959)
(-8.767e-06 0 0.000334814)
(0.000251249 0 -0.000292052)
(5.88121e-05 0 -0.000329325)
(2.53077e-05 0 -0.000161239)
(7.75774e-06 0 -0.000157094)
(-8.29853e-06 0 -8.67265e-05)
(-2.75331e-06 0 -7.83774e-05)
(-9.15369e-06 0 -4.84525e-05)
(-3.75511e-06 0 -4.21765e-05)
(-6.65514e-06 0 -2.92017e-05)
(-5.15546e-06 0 -2.51873e-05)
(-8.08341e-06 0 -1.83789e-05)
(-9.72354e-06 0 -1.4357e-05)
(-1.2521e-05 0 -8.16746e-06)
(-1.39834e-05 0 -2.34056e-06)
(-1.42089e-05 0 4.90284e-06)
(-1.24198e-05 0 1.13164e-05)
(-8.66956e-06 0 1.72844e-05)
(-3.37841e-06 0 2.13757e-05)
(3.09067e-06 0 2.35562e-05)
(9.68943e-06 0 2.31358e-05)
(1.57339e-05 0 2.04758e-05)
(2.03029e-05 0 1.58402e-05)
(2.30109e-05 0 9.96907e-06)
(2.3604e-05 0 3.5565e-06)
(2.21677e-05 0 -2.63803e-06)
(1.89324e-05 0 -8.08477e-06)
(1.43054e-05 0 -1.22736e-05)
(8.79148e-06 0 -1.48916e-05)
(2.99551e-06 0 -1.58207e-05)
(-2.59107e-06 0 -1.51634e-05)
(-7.46946e-06 0 -1.32088e-05)
(-1.13456e-05 0 -1.03948e-05)
(-1.4164e-05 0 -7.18425e-06)
(-1.61303e-05 0 -4.01847e-06)
(-1.74483e-05 0 -1.16581e-06)
(-1.87555e-05 0 1.1889e-06)
(-2.00284e-05 0 3.34643e-06)
(-2.23683e-05 0 5.23914e-06)
(-2.44464e-05 0 7.8844e-06)
(-2.92581e-05 0 1.03412e-05)
(-3.16783e-05 0 1.57249e-05)
(-4.0706e-05 0 1.94239e-05)
(-4.19555e-05 0 3.18799e-05)
(-5.76933e-05 0 3.62637e-05)
(-5.6413e-05 0 6.6709e-05)
(-7.91105e-05 0 6.9974e-05)
(-7.6031e-05 0 0.000147104)
(-8.50099e-05 0 0.000148817)
(-8.31263e-05 0 0.000330023)
(-7.73434e-06 0 0.000325558)
(0.000270226 0 -0.000272421)
(7.23224e-05 0 -0.000306314)
(4.15656e-05 0 -0.000155835)
(1.49717e-05 0 -0.000153248)
(-6.3709e-07 0 -8.55265e-05)
(9.39017e-07 0 -7.81882e-05)
(-5.65739e-06 0 -4.84862e-05)
(-1.96292e-06 0 -4.268e-05)
(-5.08554e-06 0 -2.95291e-05)
(-4.15357e-06 0 -2.56061e-05)
(-7.02825e-06 0 -1.85196e-05)
(-8.61237e-06 0 -1.44713e-05)
(-1.11747e-05 0 -8.15278e-06)
(-1.25566e-05 0 -2.50244e-06)
(-1.2741e-05 0 4.45869e-06)
(-1.11583e-05 0 1.06786e-05)
(-7.67752e-06 0 1.64144e-05)
(-2.76743e-06 0 2.02658e-05)
(3.26192e-06 0 2.23342e-05)
(9.39196e-06 0 2.19497e-05)
(1.50298e-05 0 1.94853e-05)
(1.92877e-05 0 1.51626e-05)
(2.18223e-05 0 9.67777e-06)
(2.23788e-05 0 3.66369e-06)
(2.10351e-05 0 -2.18769e-06)
(1.79962e-05 0 -7.32384e-06)
(1.36421e-05 0 -1.12893e-05)
(8.443e-06 0 -1.37892e-05)
(2.96352e-06 0 -1.47095e-05)
(-2.34356e-06 0 -1.41449e-05)
(-7.01181e-06 0 -1.235e-05)
(-1.07643e-05 0 -9.73232e-06)
(-1.35461e-05 0 -6.71126e-06)
(-1.55438e-05 0 -3.69863e-06)
(-1.69292e-05 0 -9.23629e-07)
(-1.82953e-05 0 1.45089e-06)
(-1.96146e-05 0 3.69903e-06)
(-2.18998e-05 0 5.68408e-06)
(-2.39229e-05 0 8.54145e-06)
(-2.84543e-05 0 1.10709e-05)
(-3.07565e-05 0 1.67962e-05)
(-3.90679e-05 0 2.04619e-05)
(-4.02546e-05 0 3.34294e-05)
(-5.41971e-05 0 3.77014e-05)
(-5.30265e-05 0 6.85426e-05)
(-7.11692e-05 0 7.18105e-05)
(-6.82356e-05 0 0.00014709)
(-6.72887e-05 0 0.000149137)
(-6.50022e-05 0 0.000325545)
(-3.74853e-06 0 0.000321476)
(0.000281823 0 -0.000252609)
(8.40794e-05 0 -0.00028339)
(5.59349e-05 0 -0.000149895)
(2.17599e-05 0 -0.00014861)
(6.68086e-06 0 -8.39671e-05)
(4.63112e-06 0 -7.74085e-05)
(-2.06858e-06 0 -4.79355e-05)
(2.51491e-08 0 -4.23608e-05)
(-3.24864e-06 0 -2.88512e-05)
(-2.95952e-06 0 -2.48686e-05)
(-5.86104e-06 0 -1.75419e-05)
(-7.65372e-06 0 -1.35486e-05)
(-1.013e-05 0 -7.41409e-06)
(-1.14633e-05 0 -2.07027e-06)
(-1.15745e-05 0 4.50186e-06)
(-1.003e-05 0 1.02044e-05)
(-6.75324e-06 0 1.55946e-05)
(-2.19535e-06 0 1.91942e-05)
(3.4267e-06 0 2.1151e-05)
(9.11906e-06 0 2.08038e-05)
(1.4376e-05 0 1.85202e-05)
(1.83411e-05 0 1.44902e-05)
(2.07109e-05 0 9.3647e-06)
(2.12308e-05 0 3.72955e-06)
(1.99701e-05 0 -1.76526e-06)
(1.7112e-05 0 -6.60798e-06)
(1.30122e-05 0 -1.03617e-05)
(8.10722e-06 0 -1.27476e-05)
(2.92404e-06 0 -1.36556e-05)
(-2.11962e-06 0 -1.31718e-05)
(-6.58752e-06 0 -1.15206e-05)
(-1.02186e-05 0 -9.08018e-06)
(-1.29582e-05 0 -6.22821e-06)
(-1.49739e-05 0 -3.34732e-06)
(-1.64198e-05 0 -6.29468e-07)
(-1.78326e-05 0 1.72234e-06)
(-1.91839e-05 0 4.05066e-06)
(-2.14025e-05 0 6.11638e-06)
(-2.33724e-05 0 9.16571e-06)
(-2.76115e-05 0 1.17593e-05)
(-2.98058e-05 0 1.7785e-05)
(-3.73869e-05 0 2.14199e-05)
(-3.85183e-05 0 3.47967e-05)
(-5.06853e-05 0 3.89675e-05)
(-4.96135e-05 0 6.99464e-05)
(-6.34381e-05 0 7.32088e-05)
(-6.06134e-05 0 0.000146083)
(-4.94177e-05 0 0.000148301)
(-4.55142e-05 0 0.000315067)
(0.000114453 0 0.000311439)
(0.000288706 0 -0.000233003)
(9.42341e-05 0 -0.000260936)
(6.85217e-05 0 -0.000143522)
(2.8101e-05 0 -0.000143334)
(1.35737e-05 0 -8.21266e-05)
(8.12217e-06 0 -7.63909e-05)
(1.3361e-06 0 -4.75307e-05)
(1.84251e-06 0 -4.23747e-05)
(-1.59571e-06 0 -2.88659e-05)
(-1.89813e-06 0 -2.50105e-05)
(-4.7693e-06 0 -1.75254e-05)
(-6.59075e-06 0 -1.35751e-05)
(-8.8822e-06 0 -7.34553e-06)
(-1.0176e-05 0 -2.16812e-06)
(-1.02882e-05 0 4.29659e-06)
(-8.94152e-06 0 9.74291e-06)
(-5.88107e-06 0 1.48467e-05)
(-1.65742e-06 0 1.82202e-05)
(3.58276e-06 0 2.00734e-05)
(8.86486e-06 0 1.97548e-05)
(1.37663e-05 0 1.76354e-05)
(1.7456e-05 0 1.38736e-05)
(1.96696e-05 0 9.08151e-06)
(2.01523e-05 0 3.79753e-06)
(1.89672e-05 0 -1.36799e-06)
(1.62766e-05 0 -5.93398e-06)
(1.24137e-05 0 -9.48707e-06)
(7.78366e-06 0 -1.17636e-05)
(2.87804e-06 0 -1.26567e-05)
(-1.91734e-06 0 -1.22441e-05)
(-6.19441e-06 0 -1.07243e-05)
(-9.70686e-06 0 -8.44715e-06)
(-1.24008e-05 0 -5.75284e-06)
(-1.44256e-05 0 -2.99968e-06)
(-1.5917e-05 0 -3.46256e-07)
(-1.73614e-05 0 1.99978e-06)
(-1.87383e-05 0 4.39946e-06)
(-2.08798e-05 0 6.53454e-06)
(-2.27981e-05 0 9.75675e-06)
(-2.67351e-05 0 1.24061e-05)
(-2.88304e-05 0 1.86919e-05)
(-3.56733e-05 0 2.22971e-05)
(-3.67559e-05 0 3.59854e-05)
(-4.71817e-05 0 4.00633e-05)
(-4.61996e-05 0 7.09455e-05)
(-5.59774e-05 0 7.41923e-05)
(-5.32601e-05 0 0.00014415)
(-3.35842e-05 0 0.000146339)
(-2.89875e-05 0 0.000294481)
(0.000161663 0 0.000291323)
(0.000291904 0 -0.000213841)
(0.000102904 0 -0.000239171)
(7.9445e-05 0 -0.00013682)
(3.39868e-05 0 -0.000137551)
(2.00424e-05 0 -8.00218e-05)
(1.15274e-05 0 -7.49693e-05)
(4.71822e-06 0 -4.67399e-05)
(3.74546e-06 0 -4.18393e-05)
(2.14088e-07 0 -2.81892e-05)
(-6.99676e-07 0 -2.43205e-05)
(-3.58096e-06 0 -1.66805e-05)
(-5.62377e-06 0 -1.27903e-05)
(-7.8539e-06 0 -6.74187e-06)
(-9.13951e-06 0 -1.84335e-06)
(-9.19644e-06 0 4.20574e-06)
(-7.92373e-06 0 9.31309e-06)
(-5.06116e-06 0 1.41438e-05)
(-1.1531e-06 0 1.73063e-05)
(3.73078e-06 0 1.9061e-05)
(8.62884e-06 0 1.87729e-05)
(1.31973e-05 0 1.68073e-05)
(1.6628e-05 0 1.32968e-05)
(1.86936e-05 0 8.81653e-06)
(1.91389e-05 0 3.86234e-06)
(1.80219e-05 0 -9.93882e-07)
(1.54862e-05 0 -5.29895e-06)
(1.18443e-05 0 -8.66188e-06)
(7.47117e-06 0 -1.08332e-05)
(2.82569e-06 0 -1.17089e-05)
(-1.73555e-06 0 -1.13588e-05)
(-5.83073e-06 0 -9.9581e-06)
(-9.22708e-06 0 -7.83011e-06)
(-1.18717e-05 0 -5.28006e-06)
(-1.38959e-05 0 -2.64365e-06)
(-1.54235e-05 0 -4.54533e-08)
(-1.68875e-05 0 2.28132e-06)
(-1.82814e-05 0 4.74427e-06)
(-2.03361e-05 0 6.93681e-06)
(-2.22039e-05 0 1.03146e-05)
(-2.58312e-05 0 1.3011e-05)
(-2.78355e-05 0 1.95171e-05)
(-3.39376e-05 0 2.30935e-05)
(-3.4977e-05 0 3.70003e-05)
(-4.37085e-05 0 4.09923e-05)
(-4.28086e-05 0 7.15675e-05)
(-4.8831e-05 0 7.47903e-05)
(-4.62225e-05 0 0.00014146)
(-1.9439e-05 0 0.000143579)
(-1.47462e-05 0 0.000274903)
(0.000177506 0 0.00027233)
(0.000291844 0 -0.000195318)
(0.000110191 0 -0.000218279)
(8.88286e-05 0 -0.000129885)
(3.94146e-05 0 -0.000131379)
(2.60646e-05 0 -7.76839e-05)
(1.47539e-05 0 -7.32808e-05)
(7.94182e-06 0 -4.59608e-05)
(5.53409e-06 0 -4.14141e-05)
(1.8908e-06 0 -2.79173e-05)
(3.87311e-07 0 -2.41807e-05)
(-2.47857e-06 0 -1.64843e-05)
(-4.61742e-06 0 -1.2673e-05)
(-6.7064e-06 0 -6.59487e-06)
(-7.99927e-06 0 -1.85531e-06)
(-8.06903e-06 0 4.09538e-06)
(-6.96535e-06 0 8.91731e-06)
(-4.29327e-06 0 1.34944e-05)
(-6.84235e-07 0 1.646e-05)
(3.86631e-06 0 1.81218e-05)
(8.40476e-06 0 1.78599e-05)
(1.26621e-05 0 1.60359e-05)
(1.58492e-05 0 1.27582e-05)
(1.77744e-05 0 8.56817e-06)
(1.81821e-05 0 3.92202e-06)
(1.71269e-05 0 -6.41722e-07)
(1.47349e-05 0 -4.70012e-06)
(1.12987e-05 0 -7.88296e-06)
(7.1659e-06 0 -9.95315e-06)
(2.76433e-06 0 -1.08093e-05)
(-1.57607e-06 0 -1.05139e-05)
(-5.49792e-06 0 -9.22139e-06)
(-8.7809e-06 0 -7.23012e-06)
(-1.13736e-05 0 -4.81335e-06)
(-1.33893e-05 0 -2.28656e-06)
(-1.49433e-05 0 2.55682e-07)
(-1.64153e-05 0 2.56476e-06)
(-1.78198e-05 0 5.08492e-06)
(-1.9779e-05 0 7.321e-06)
(-2.15972e-05 0 1.08397e-05)
(-2.49093e-05 0 1.35739e-05)
(-2.68295e-05 0 2.02616e-05)
(-3.21929e-05 0 2.38095e-05)
(-3.31938e-05 0 3.78469e-05)
(-4.02876e-05 0 4.17588e-05)
(-3.94626e-05 0 7.18409e-05)
(-4.2032e-05 0 7.50318e-05)
(-3.95368e-05 0 0.000138148)
(-6.97458e-06 0 0.000140164)
(-2.41309e-06 0 0.00025541)
(0.000183504 0 0.000253357)
(0.000289207 0 -0.00017762)
(0.000116225 0 -0.000198427)
(9.68007e-05 0 -0.0001228)
(4.43911e-05 0 -0.000124917)
(3.16357e-05 0 -7.5141e-05)
(1.78406e-05 0 -7.13228e-05)
(1.10589e-05 0 -4.49475e-05)
(7.31795e-06 0 -4.06724e-05)
(3.6217e-06 0 -2.72409e-05)
(1.54568e-06 0 -2.35216e-05)
(-1.32028e-06 0 -1.57464e-05)
(-3.68601e-06 0 -1.2006e-05)
(-5.72981e-06 0 -6.1069e-06)
(-7.03981e-06 0 -1.61993e-06)
(-7.07888e-06 0 4.00392e-06)
(-6.07943e-06 0 8.55159e-06)
(-3.58669e-06 0 1.28931e-05)
(-2.60324e-07 0 1.56773e-05)
(3.97927e-06 0 1.72517e-05)
(8.18126e-06 0 1.70148e-05)
(1.21476e-05 0 1.53223e-05)
(1.51058e-05 0 1.22615e-05)
(1.68983e-05 0 8.3426e-06)
(1.72694e-05 0 3.98485e-06)
(1.62702e-05 0 -3.06655e-07)
(1.40108e-05 0 -4.13454e-06)
(1.07662e-05 0 -7.14691e-06)
(6.85809e-06 0 -9.12017e-06)
(2.68518e-06 0 -9.95524e-06)
(-1.44707e-06 0 -9.70741e-06)
(-5.20397e-06 0 -8.51314e-06)
(-8.37651e-06 0 -6.6472e-06)
(-1.09152e-05 0 -4.35342e-06)
(-1.29156e-05 0 -1.92935e-06)
(-1.44882e-05 0 5.61038e-07)
(-1.5958e-05 0 2.84743e-06)
(-1.73678e-05 0 5.41955e-06)
(-1.92239e-05 0 7.68532e-06)
(-2.09929e-05 0 1.13303e-05)
(-2.39866e-05 0 1.40935e-05)
(-2.5828e-05 0 2.09254e-05)
(-3.04583e-05 0 2.44445e-05)
(-3.1423e-05 0 3.85291e-05)
(-3.69423e-05 0 4.23649e-05)
(-3.61833e-05 0 7.17904e-05)
(-3.56046e-05 0 7.4941e-05)
(-3.32269e-05 0 0.000134337)
(3.9288e-06 0 0.000136237)
(8.26826e-06 0 0.00023675)
(0.000185711 0 0.000235194)
(0.000284964 0 -0.000160858)
(0.000121141 0 -0.000179732)
(0.000103473 0 -0.000115646)
(4.89285e-05 0 -0.000118261)
(3.67542e-05 0 -7.24079e-05)
(2.07497e-05 0 -6.91121e-05)
(1.40173e-05 0 -4.38559e-05)
(9.00548e-06 0 -3.98735e-05)
(5.23587e-06 0 -2.67158e-05)
(2.58855e-06 0 -2.31295e-05)
(-2.72588e-07 0 -1.53954e-05)
(-2.78474e-06 0 -1.17536e-05)
(-4.72542e-06 0 -5.88479e-06)
(-6.07253e-06 0 -1.55209e-06)
(-6.12761e-06 0 3.93038e-06)
(-5.27731e-06 0 8.22278e-06)
(-2.95468e-06 0 1.2341e-05)
(1.03887e-07 0 1.49523e-05)
(4.0529e-06 0 1.64417e-05)
(7.94053e-06 0 1.62252e-05)
(1.16353e-05 0 1.4653e-05)
(1.4379e-05 0 1.17927e-05)
(1.60462e-05 0 8.12533e-06)
(1.63805e-05 0 4.03594e-06)
(1.5432e-05 0 -1.40057e-09)
(1.3296e-05 0 -3.60678e-06)
(1.02303e-05 0 -6.45462e-06)
(6.53218e-06 0 -8.33251e-06)
(2.57356e-06 0 -9.14336e-06)
(-1.3627e-06 0 -8.93647e-06)
(-4.96301e-06 0 -7.83079e-06)
(-8.02855e-06 0 -6.07857e-06)
(-1.05124e-05 0 -3.89701e-06)
(-1.24918e-05 0 -1.5664e-06)
(-1.40764e-05 0 8.68615e-07)
(-1.55351e-05 0 3.1265e-06)
(-1.69464e-05 0 5.74418e-06)
(-1.86929e-05 0 8.02884e-06)
(-2.04126e-05 0 1.17856e-05)
(-2.30858e-05 0 1.45689e-05)
(-2.48517e-05 0 2.15113e-05)
(-2.87558e-05 0 2.49992e-05)
(-2.96827e-05 0 3.90545e-05)
(-3.36927e-05 0 4.28155e-05)
(-3.29868e-05 0 7.14389e-05)
(-2.95624e-05 0 7.4546e-05)
(-2.73034e-05 0 0.000130148)
(1.33708e-05 0 0.000131941)
(1.74339e-05 0 0.000219057)
(0.000185438 0 0.000217976)
(0.000279602 0 -0.000144682)
(0.000124975 0 -0.000161682)
(0.000108889 0 -0.000108523)
(5.30598e-05 0 -0.000111589)
(4.14506e-05 0 -6.96464e-05)
(2.3523e-05 0 -6.68529e-05)
(1.68569e-05 0 -4.26814e-05)
(1.06602e-05 0 -3.89959e-05)
(6.83815e-06 0 -2.60554e-05)
(3.63283e-06 0 -2.24947e-05)
(7.87685e-07 0 -1.4704e-05)
(-1.93595e-06 0 -1.11567e-05)
(-3.85203e-06 0 -5.47847e-06)
(-5.24683e-06 0 -1.37652e-06)
(-5.29187e-06 0 3.84924e-06)
(-4.56054e-06 0 7.89463e-06)
(-2.39859e-06 0 1.17995e-05)
(4.06537e-07 0 1.42495e-05)
(4.0844e-06 0 1.56584e-05)
(7.67819e-06 0 1.54653e-05)
(1.11192e-05 0 1.40116e-05)
(1.36615e-05 0 1.13477e-05)
(1.52106e-05 0 7.92612e-06)
(1.55095e-05 0 4.09903e-06)
(1.46083e-05 0 3.11491e-07)
(1.25872e-05 0 -3.08132e-06)
(9.68764e-06 0 -5.77558e-06)
(6.18566e-06 0 -7.56494e-06)
(2.42766e-06 0 -8.35501e-06)
(-1.32422e-06 0 -8.18953e-06)
(-4.77564e-06 0 -7.17134e-06)
(-7.73726e-06 0 -5.53171e-06)
(-1.01653e-05 0 -3.46093e-06)
(-1.21202e-05 0 -1.22387e-06)
(-1.37125e-05 0 1.16386e-06)
(-1.51505e-05 0 3.39653e-06)
(-1.65588e-05 0 6.05941e-06)
(-1.8189e-05 0 8.3581e-06)
(-1.98578e-05 0 1.22157e-05)
(-2.22071e-05 0 1.501e-05)
(-2.38975e-05 0 2.20382e-05)
(-2.7079e-05 0 2.54971e-05)
(-2.79612e-05 0 3.94993e-05)
(-3.05235e-05 0 4.31803e-05)
(-2.98522e-05 0 7.09919e-05)
(-2.38871e-05 0 7.40405e-05)
(-2.17502e-05 0 0.000125839)
(2.13783e-05 0 0.000127497)
(2.51139e-05 0 0.00020191)
(0.000182939 0 0.000201289)
(0.000251653 0 -8.407e-05)
(0.000135184 0 -9.52017e-05)
(0.000124946 0 -7.76548e-05)
(6.83734e-05 0 -8.15014e-05)
(5.93078e-05 0 -5.57865e-05)
(3.47223e-05 0 -5.45708e-05)
(2.85616e-05 0 -3.63756e-05)
(1.76331e-05 0 -3.35954e-05)
(1.35118e-05 0 -2.2478e-05)
(7.81294e-06 0 -1.96839e-05)
(5.09785e-06 0 -1.28204e-05)
(1.85607e-06 0 -9.6976e-06)
(2.10198e-07 0 -4.29271e-06)
(-1.59015e-06 0 -8.10659e-07)
(-1.77191e-06 0 3.61356e-06)
(-1.64746e-06 0 6.79674e-06)
(-1.31075e-07 0 9.9461e-06)
(1.64634e-06 0 1.18742e-05)
(4.23815e-06 0 1.30419e-05)
(6.66384e-06 0 1.29408e-05)
(9.09241e-06 0 1.18964e-05)
(1.08261e-05 0 9.89556e-06)
(1.18934e-05 0 7.30899e-06)
(1.20347e-05 0 4.37912e-06)
(1.1303e-05 0 1.45498e-06)
(9.72276e-06 0 -1.19455e-06)
(7.47741e-06 0 -3.31688e-06)
(4.75501e-06 0 -4.76251e-06)
(1.79796e-06 0 -5.44287e-06)
(-1.21231e-06 0 -5.37304e-06)
(-4.05751e-06 0 -4.60238e-06)
(-6.5829e-06 0 -3.29979e-06)
(-8.76084e-06 0 -1.57131e-06)
(-1.05711e-05 0 3.50833e-07)
(-1.21559e-05 0 2.5801e-06)
(-1.34658e-05 0 4.68625e-06)
(-1.48423e-05 0 7.47579e-06)
(-1.59479e-05 0 9.74819e-06)
(-1.73952e-05 0 1.38702e-05)
(-1.83494e-05 0 1.65812e-05)
(-1.97204e-05 0 2.3628e-05)
(-1.98062e-05 0 2.69047e-05)
(-2.05133e-05 0 3.96739e-05)
(-1.7131e-05 0 4.31591e-05)
(-1.66148e-05 0 6.58108e-05)
(-1.43662e-06 0 6.87042e-05)
(2.71052e-08 0 0.000104093)
(4.7895e-05 0 0.000105524)
(5.02271e-05 0 0.000139843)
(0.000165207 0 0.000140917)
(0.000192553 0 -1.60854e-05)
(0.000124088 0 -2.19485e-05)
(0.000118676 0 -3.22823e-05)
(7.44281e-05 0 -3.61611e-05)
(6.82579e-05 0 -2.99108e-05)
(4.37085e-05 0 -3.03805e-05)
(3.87275e-05 0 -2.19609e-05)
(2.53822e-05 0 -2.08223e-05)
(2.17983e-05 0 -1.40512e-05)
(1.41799e-05 0 -1.22044e-05)
(1.16104e-05 0 -7.17062e-06)
(6.96776e-06 0 -5.01479e-06)
(5.42456e-06 0 -1.2077e-06)
(2.95228e-06 0 1.09174e-06)
(2.60493e-06 0 4.1361e-06)
(1.91874e-06 0 6.17322e-06)
(2.71932e-06 0 8.24625e-06)
(3.36824e-06 0 9.42109e-06)
(4.86339e-06 0 1.01795e-05)
(6.05673e-06 0 1.00977e-05)
(7.44417e-06 0 9.46986e-06)
(8.30889e-06 0 8.21874e-06)
(8.8463e-06 0 6.61747e-06)
(8.76782e-06 0 4.77477e-06)
(8.1613e-06 0 2.92452e-06)
(7.00608e-06 0 1.22242e-06)
(5.4093e-06 0 -1.58181e-07)
(3.46681e-06 0 -1.12286e-06)
(1.35803e-06 0 -1.59657e-06)
(-7.99515e-07 0 -1.58402e-06)
(-2.88445e-06 0 -1.07239e-06)
(-4.76519e-06 0 -1.76275e-07)
(-6.47947e-06 0 1.12066e-06)
(-7.82033e-06 0 2.5764e-06)
(-9.1694e-06 0 4.49812e-06)
(-9.89157e-06 0 6.24796e-06)
(-1.10985e-05 0 8.92239e-06)
(-1.115e-05 0 1.09025e-05)
(-1.23386e-05 0 1.48282e-05)
(-1.13709e-05 0 1.71228e-05)
(-1.24291e-05 0 2.31822e-05)
(-9.37205e-06 0 2.58323e-05)
(-9.98274e-06 0 3.51477e-05)
(-2.16261e-06 0 3.79347e-05)
(-2.05563e-06 0 5.12416e-05)
(1.64018e-05 0 5.36447e-05)
(1.71724e-05 0 6.83803e-05)
(5.63679e-05 0 6.99819e-05)
(5.74596e-05 0 7.21173e-05)
(0.000125113 0 7.46355e-05)
(0.000144383 0 1.86942e-05)
(0.000106311 0 1.49141e-05)
(0.000103565 0 -2.55948e-06)
(7.19274e-05 0 -6.07628e-06)
(6.79666e-05 0 -9.16151e-06)
(4.66317e-05 0 -1.03648e-05)
(4.28815e-05 0 -8.51416e-06)
(2.94765e-05 0 -8.30201e-06)
(2.64183e-05 0 -5.44916e-06)
(1.8113e-05 0 -4.51745e-06)
(1.58611e-05 0 -1.83352e-06)
(1.07788e-05 0 -4.95977e-07)
(9.34941e-06 0 1.88428e-06)
(6.40589e-06 0 3.37259e-06)
(5.8315e-06 0 5.33178e-06)
(4.49979e-06 0 6.61876e-06)
(4.72353e-06 0 7.93552e-06)
(4.52984e-06 0 8.6404e-06)
(5.23729e-06 0 9.08475e-06)
(5.58423e-06 0 8.96575e-06)
(6.25944e-06 0 8.51608e-06)
(6.53339e-06 0 7.64794e-06)
(6.71364e-06 0 6.56879e-06)
(6.48172e-06 0 5.322e-06)
(5.96102e-06 0 4.07499e-06)
(5.08523e-06 0 2.92014e-06)
(3.94586e-06 0 1.97388e-06)
(2.58354e-06 0 1.31057e-06)
(1.092e-06 0 9.91798e-07)
(-4.40675e-07 0 1.00945e-06)
(-1.96103e-06 0 1.41093e-06)
(-3.30906e-06 0 2.07223e-06)
(-4.64821e-06 0 3.12463e-06)
(-5.52201e-06 0 4.24689e-06)
(-6.66643e-06 0 5.89276e-06)
(-6.84787e-06 0 7.302e-06)
(-7.8798e-06 0 9.60548e-06)
(-7.1088e-06 0 1.12469e-05)
(-8.08507e-06 0 1.44496e-05)
(-5.838e-06 0 1.635e-05)
(-6.67597e-06 0 2.07891e-05)
(-1.87508e-06 0 2.29579e-05)
(-2.37543e-06 0 2.87913e-05)
(7.00164e-06 0 3.11322e-05)
(6.94819e-06 0 3.7646e-05)
(2.42926e-05 0 3.98608e-05)
(2.45671e-05 0 4.35993e-05)
(5.34689e-05 0 4.53704e-05)
(5.38376e-05 0 3.6828e-05)
(9.25928e-05 0 3.97102e-05)
(0.000112588 0 4.1329e-05)
(8.87056e-05 0 3.86369e-05)
(8.71345e-05 0 1.97724e-05)
(6.45214e-05 0 1.66055e-05)
(6.18148e-05 0 8.43927e-06)
(4.4675e-05 0 6.72873e-06)
(4.18161e-05 0 4.071e-06)
(2.99757e-05 0 3.4733e-06)
(2.74717e-05 0 3.21017e-06)
(1.96005e-05 0 3.33631e-06)
(1.76404e-05 0 3.99215e-06)
(1.25426e-05 0 4.53271e-06)
(1.1226e-05 0 5.45969e-06)
(8.12243e-06 0 6.16764e-06)
(7.47337e-06 0 7.06009e-06)
(5.82378e-06 0 7.68631e-06)
(5.75141e-06 0 8.29273e-06)
(5.09187e-06 0 8.5856e-06)
(5.35136e-06 0 8.7172e-06)
(5.20379e-06 0 8.52257e-06)
(5.46766e-06 0 8.13663e-06)
(5.38824e-06 0 7.49874e-06)
(5.35776e-06 0 6.74315e-06)
(5.02758e-06 0 5.88595e-06)
(4.55905e-06 0 5.03863e-06)
(3.85496e-06 0 4.2569e-06)
(2.99544e-06 0 3.61685e-06)
(1.9941e-06 0 3.16516e-06)
(9.06663e-07 0 2.94919e-06)
(-1.7059e-07 0 2.95878e-06)
(-1.29015e-06 0 3.27128e-06)
(-2.1946e-06 0 3.73813e-06)
(-3.21756e-06 0 4.56848e-06)
(-3.66833e-06 0 5.40469e-06)
(-4.58712e-06 0 6.71985e-06)
(-4.32293e-06 0 7.82723e-06)
(-5.18193e-06 0 9.62349e-06)
(-3.88451e-06 0 1.09495e-05)
(-4.68534e-06 0 1.32484e-05)
(-1.86246e-06 0 1.47983e-05)
(-2.5192e-06 0 1.75289e-05)
(2.63052e-06 0 1.93176e-05)
(2.27597e-06 0 2.20666e-05)
(1.11195e-05 0 2.39946e-05)
(1.10341e-05 0 2.55473e-05)
(2.53331e-05 0 2.7412e-05)
(2.5434e-05 0 2.47028e-05)
(4.61195e-05 0 2.634e-05)
(4.61839e-05 0 1.36473e-05)
(7.02326e-05 0 1.64237e-05)
(8.6057e-05 0 5.48517e-05)
(7.13637e-05 0 5.26176e-05)
(7.04759e-05 0 3.43973e-05)
(5.49242e-05 0 3.14173e-05)
(5.31448e-05 0 2.11984e-05)
(4.00763e-05 0 1.9213e-05)
(3.79941e-05 0 1.40055e-05)
(2.81826e-05 0 1.29012e-05)
(2.62101e-05 0 1.04642e-05)
(1.92839e-05 0 1.00058e-05)
(1.7654e-05 0 9.02107e-06)
(1.29788e-05 0 8.98575e-06)
(1.18007e-05 0 8.73353e-06)
(8.80571e-06 0 8.9074e-06)
(8.10896e-06 0 8.94972e-06)
(6.34839e-06 0 9.12257e-06)
(6.07228e-06 0 9.16078e-06)
(5.16652e-06 0 9.1492e-06)
(5.14285e-06 0 8.9876e-06)
(4.71359e-06 0 8.69642e-06)
(4.72402e-06 0 8.27406e-06)
(4.44359e-06 0 7.72951e-06)
(4.29497e-06 0 7.11756e-06)
(3.92555e-06 0 6.4606e-06)
(3.51812e-06 0 5.82436e-06)
(2.95322e-06 0 5.24731e-06)
(2.30886e-06 0 4.77672e-06)
(1.58259e-06 0 4.44719e-06)
(7.82887e-07 0 4.29373e-06)
(4.28269e-08 0 4.29462e-06)
(-7.91738e-07 0 4.53607e-06)
(-1.36307e-06 0 4.87116e-06)
(-2.14829e-06 0 5.50162e-06)
(-2.29497e-06 0 6.12516e-06)
(-3.03282e-06 0 7.09423e-06)
(-2.49265e-06 0 7.94951e-06)
(-3.19694e-06 0 9.18475e-06)
(-1.67183e-06 0 1.02482e-05)
(-2.31287e-06 0 1.16182e-05)
(5.82267e-07 0 1.29057e-05)
(1.01309e-07 0 1.41272e-05)
(4.93107e-06 0 1.56336e-05)
(4.63801e-06 0 1.61644e-05)
(1.22228e-05 0 1.77621e-05)
(1.2072e-05 0 1.64263e-05)
(2.30258e-05 0 1.79946e-05)
(2.29572e-05 0 1.25e-05)
(3.68141e-05 0 1.39371e-05)
(3.66935e-05 0 8.52283e-07)
(5.02729e-05 0 3.37849e-06)
(6.47095e-05 0 6.34709e-05)
(5.58105e-05 0 6.14046e-05)
(5.52972e-05 0 4.48467e-05)
(4.47192e-05 0 4.19712e-05)
(4.35045e-05 0 3.11145e-05)
(3.38832e-05 0 2.88984e-05)
(3.23451e-05 0 2.22446e-05)
(2.46616e-05 0 2.07057e-05)
(2.31263e-05 0 1.68006e-05)
(1.7434e-05 0 1.58284e-05)
(1.61088e-05 0 1.36155e-05)
(1.21101e-05 0 1.30555e-05)
(1.11075e-05 0 1.18381e-05)
(8.44598e-06 0 1.15278e-05)
(7.79559e-06 0 1.08499e-05)
(6.14001e-06 0 1.06293e-05)
(5.79117e-06 0 1.01801e-05)
(4.83206e-06 0 9.91335e-06)
(4.67227e-06 0 9.48872e-06)
(4.13367e-06 0 9.09904e-06)
(4.01758e-06 0 8.6088e-06)
(3.65387e-06 0 8.10394e-06)
(3.45487e-06 0 7.5602e-06)
(3.08835e-06 0 7.02202e-06)
(2.73974e-06 0 6.50942e-06)
(2.28413e-06 0 6.05633e-06)
(1.79583e-06 0 5.68604e-06)
(1.2701e-06 0 5.42264e-06)
(6.78223e-07 0 5.29018e-06)
(1.93257e-07 0 5.2733e-06)
(-4.25093e-07 0 5.4303e-06)
(-7.46103e-07 0 5.66738e-06)
(-1.33652e-06 0 6.0997e-06)
(-1.27946e-06 0 6.56994e-06)
(-1.85081e-06 0 7.20242e-06)
(-1.18739e-06 0 7.87962e-06)
(-1.73437e-06 0 8.5789e-06)
(-2.34758e-07 0 9.45674e-06)
(-7.00124e-07 0 9.99807e-06)
(1.90049e-06 0 1.109e-05)
(1.57135e-06 0 1.11226e-05)
(5.686e-06 0 1.23742e-05)
(5.46685e-06 0 1.13492e-05)
(1.1512e-05 0 1.26731e-05)
(1.13813e-05 0 9.59816e-06)
(1.94431e-05 0 1.09283e-05)
(1.9346e-05 0 4.30607e-06)
(2.85881e-05 0 5.5958e-06)
(2.8423e-05 0 -6.24725e-06)
(3.6217e-05 0 -4.01392e-06)
(4.69284e-05 0 6.84847e-05)
(4.15772e-05 0 6.6434e-05)
(4.12922e-05 0 5.15707e-05)
(3.43221e-05 0 4.87238e-05)
(3.35333e-05 0 3.79627e-05)
(2.67692e-05 0 3.55847e-05)
(2.57026e-05 0 2.82635e-05)
(2.00148e-05 0 2.64303e-05)
(1.88922e-05 0 2.16391e-05)
(1.45047e-05 0 2.03087e-05)
(1.34933e-05 0 1.72549e-05)
(1.03115e-05 0 1.6327e-05)
(9.50825e-06 0 1.44106e-05)
(7.32274e-06 0 1.37588e-05)
(6.7607e-06 0 1.25425e-05)
(5.34327e-06 0 1.20377e-05)
(4.99815e-06 0 1.12086e-05)
(4.12936e-06 0 1.07439e-05)
(3.9214e-06 0 1.00956e-05)
(3.39384e-06 0 9.60995e-06)
(3.23161e-06 0 9.03182e-06)
(2.871e-06 0 8.52167e-06)
(2.67249e-06 0 7.98677e-06)
(2.34986e-06 0 7.49881e-06)
(2.07013e-06 0 7.04048e-06)
(1.71872e-06 0 6.64765e-06)
(1.35883e-06 0 6.32692e-06)
(9.89221e-07 0 6.09419e-06)
(5.59213e-07 0 5.96157e-06)
(2.53266e-07 0 5.92851e-06)
(-2.0043e-07 0 5.9995e-06)
(-3.58864e-07 0 6.1701e-06)
(-7.94474e-07 0 6.416e-06)
(-6.40992e-07 0 6.77976e-06)
(-1.06857e-06 0 7.10173e-06)
(-4.28219e-07 0 7.65039e-06)
(-8.31808e-07 0 7.87844e-06)
(4.56458e-07 0 8.61532e-06)
(1.36052e-07 0 8.49212e-06)
(2.26853e-06 0 9.40464e-06)
(2.02638e-06 0 8.59399e-06)
(5.27041e-06 0 9.62229e-06)
(5.0849e-06 0 7.61283e-06)
(9.59561e-06 0 8.70911e-06)
(9.45358e-06 0 4.74226e-06)
(1.50867e-05 0 5.86356e-06)
(1.49566e-05 0 -1.00712e-06)
(2.09362e-05 0 1.19222e-07)
(2.0772e-05 0 -1.04027e-05)
(2.5335e-05 0 -8.43561e-06)
(3.2012e-05 0 7.16006e-05)
(2.88648e-05 0 6.95184e-05)
(2.86999e-05 0 5.60498e-05)
(2.43036e-05 0 5.32011e-05)
(2.37944e-05 0 4.27685e-05)
(1.93323e-05 0 4.02665e-05)
(1.86116e-05 0 3.26657e-05)
(1.47232e-05 0 3.06082e-05)
(1.39423e-05 0 2.52953e-05)
(1.08563e-05 0 2.3687e-05)
(1.0135e-05 0 2.00785e-05)
(7.84259e-06 0 1.88606e-05)
(7.25429e-06 0 1.64515e-05)
(5.64313e-06 0 1.55314e-05)
(5.21343e-06 0 1.39221e-05)
(4.13867e-06 0 1.31989e-05)
(3.85016e-06 0 1.209e-05)
(3.16234e-06 0 1.1474e-05)
(2.97125e-06 0 1.0655e-05)
(2.53807e-06 0 1.00909e-05)
(2.3853e-06 0 9.43663e-06)
(2.08651e-06 0 8.91072e-06)
(1.92089e-06 0 8.36745e-06)
(1.66931e-06 0 7.90208e-06)
(1.46345e-06 0 7.46744e-06)
(1.21423e-06 0 7.10413e-06)
(9.66037e-07 0 6.80376e-06)
(7.22397e-07 0 6.58186e-06)
(4.29934e-07 0 6.4346e-06)
(2.50313e-07 0 6.38458e-06)
(-6.26268e-08 0 6.37883e-06)
(-1.21371e-07 0 6.50794e-06)
(-4.22152e-07 0 6.59761e-06)
(-2.51067e-07 0 6.89894e-06)
(-5.45221e-07 0 6.96869e-06)
(-2.27105e-08 0 7.44037e-06)
(-2.87591e-07 0 7.30506e-06)
(6.85191e-07 0 7.94642e-06)
(4.82945e-07 0 7.35046e-06)
(2.0526e-06 0 8.12754e-06)
(1.89665e-06 0 6.74474e-06)
(4.21351e-06 0 7.61702e-06)
(4.09571e-06 0 4.98738e-06)
(7.20532e-06 0 5.9269e-06)
(7.11182e-06 0 1.48648e-06)
(1.0818e-05 0 2.47271e-06)
(1.07278e-05 0 -4.32746e-06)
(1.44545e-05 0 -3.30223e-06)
(1.43423e-05 0 -1.27222e-05)
(1.70038e-05 0 -1.09401e-05)
(1.84691e-05 0 7.3305e-05)
(1.68667e-05 0 7.11741e-05)
(1.67885e-05 0 5.86656e-05)
(1.44003e-05 0 5.58006e-05)
(1.4133e-05 0 4.56897e-05)
(1.16154e-05 0 4.31009e-05)
(1.12158e-05 0 3.5418e-05)
(8.95942e-06 0 3.32174e-05)
(8.51073e-06 0 2.76331e-05)
(6.67978e-06 0 2.58509e-05)
(6.25384e-06 0 2.19216e-05)
(4.87114e-06 0 2.05237e-05)
(4.51464e-06 0 1.7816e-05)
(3.52889e-06 0 1.67293e-05)
(3.26227e-06 0 1.48743e-05)
(2.59542e-06 0 1.40114e-05)
(2.41108e-06 0 1.27203e-05)
(1.9773e-06 0 1.20043e-05)
(1.84722e-06 0 1.10701e-05)
(1.56675e-06 0 1.04489e-05)
(1.46188e-06 0 9.73657e-06)
(1.26781e-06 0 9.1907e-06)
(1.16017e-06 0 8.6301e-06)
(1.00051e-06 0 8.16823e-06)
(8.73879e-07 0 7.7348e-06)
(7.23398e-07 0 7.381e-06)
(5.75483e-07 0 7.08934e-06)
(4.35428e-07 0 6.86914e-06)
(2.6314e-07 0 6.70693e-06)
(1.69359e-07 0 6.64296e-06)
(-1.57467e-08 0 6.58056e-06)
(-3.11621e-08 0 6.68403e-06)
(-2.08545e-07 0 6.65921e-06)
(-8.50156e-08 0 6.92341e-06)
(-2.57223e-07 0 6.81519e-06)
(7.54919e-08 0 7.23678e-06)
(-7.37714e-08 0 6.8577e-06)
(5.23572e-07 0 7.42301e-06)
(4.0649e-07 0 6.53177e-06)
(1.3589e-06 0 7.20822e-06)
(1.25921e-06 0 5.48555e-06)
(2.63336e-06 0 6.24818e-06)
(2.54836e-06 0 3.28898e-06)
(4.34335e-06 0 4.11679e-06)
(4.27122e-06 0 -5.19131e-07)
(6.36503e-06 0 3.60162e-07)
(6.29272e-06 0 -6.299e-06)
(8.30915e-06 0 -5.3707e-06)
(8.22682e-06 0 -1.40627e-05)
(9.5829e-06 0 -1.24262e-05)
(6.4687e-06 0 7.40849e-05)
(5.92027e-06 0 7.19386e-05)
(5.88914e-06 0 5.99401e-05)
(5.07399e-06 0 5.70781e-05)
(4.97067e-06 0 4.71586e-05)
(4.11127e-06 0 4.45327e-05)
(3.96128e-06 0 3.68341e-05)
(3.19001e-06 0 3.45635e-05)
(3.02527e-06 0 2.8859e-05)
(2.3982e-06 0 2.69868e-05)
(2.24352e-06 0 2.29022e-05)
(1.76597e-06 0 2.14083e-05)
(1.63637e-06 0 1.85498e-05)
(1.29175e-06 0 1.73728e-05)
(1.19127e-06 0 1.53909e-05)
(9.53327e-07 0 1.44525e-05)
(8.80104e-07 0 1.30663e-05)
(7.21182e-07 0 1.22948e-05)
(6.67892e-07 0 1.12979e-05)
(5.62668e-07 0 1.06447e-05)
(5.19223e-07 0 9.90072e-06)
(4.44143e-07 0 9.34307e-06)
(4.01291e-07 0 8.77515e-06)
(3.3745e-07 0 8.31453e-06)
(2.89971e-07 0 7.88373e-06)
(2.2911e-07 0 7.53432e-06)
(1.75768e-07 0 7.24222e-06)
(1.22907e-07 0 7.02239e-06)
(6.19537e-08 0 6.84654e-06)
(2.96756e-08 0 6.77761e-06)
(-3.41873e-08 0 6.68211e-06)
(-3.7989e-08 0 6.77564e-06)
(-9.91751e-08 0 6.68987e-06)
(-5.31615e-08 0 6.93906e-06)
(-1.12339e-07 0 6.73785e-06)
(6.20271e-09 0 7.13777e-06)
(-4.41584e-08 0 6.63447e-06)
(1.65949e-07 0 7.16367e-06)
(1.29286e-07 0 6.12324e-06)
(4.62708e-07 0 6.75152e-06)
(4.3537e-07 0 4.85823e-06)
(9.14003e-07 0 5.56727e-06)
(8.93449e-07 0 2.44718e-06)
(1.50988e-06 0 3.22247e-06)
(1.49079e-06 0 -1.49324e-06)
(2.18683e-06 0 -6.60411e-07)
(2.16561e-06 0 -7.22091e-06)
(2.83615e-06 0 -6.32859e-06)
(2.81461e-06 0 -1.46438e-05)
(3.26245e-06 0 -1.30682e-05)
)
;

boundaryField
{
    inlet_water
    {
        type            zeroGradient;
    }
    inlet_air
    {
        type            zeroGradient;
    }
    outlet_water
    {
        type            zeroGradient;
    }
    outlet_air
    {
        type            zeroGradient;
    }
    lowerWall
    {
        type            fixedValue;
        value           uniform (0 0 0);
    }
    atmosphere
    {
        type            pressureInletOutletVelocity;
        value           nonuniform List<vector> 
50
(
(6.4687e-06 0 7.40849e-05)
(5.92027e-06 0 7.19386e-05)
(5.88914e-06 0 5.99401e-05)
(5.07399e-06 0 5.70781e-05)
(4.97067e-06 0 4.71586e-05)
(4.11127e-06 0 4.45327e-05)
(3.96128e-06 0 3.68341e-05)
(3.19001e-06 0 3.45635e-05)
(3.02527e-06 0 2.8859e-05)
(2.3982e-06 0 2.69868e-05)
(2.24352e-06 0 2.29022e-05)
(1.76597e-06 0 2.14083e-05)
(1.63637e-06 0 1.85498e-05)
(1.29175e-06 0 1.73728e-05)
(1.19127e-06 0 1.53909e-05)
(9.53327e-07 0 1.44525e-05)
(8.80104e-07 0 1.30663e-05)
(7.21182e-07 0 1.22948e-05)
(6.67892e-07 0 1.12979e-05)
(5.62668e-07 0 1.06447e-05)
(5.19223e-07 0 9.90072e-06)
(4.44143e-07 0 9.34307e-06)
(4.01291e-07 0 8.77515e-06)
(3.3745e-07 0 8.31453e-06)
(2.89971e-07 0 7.88373e-06)
(2.2911e-07 0 7.53432e-06)
(1.75768e-07 0 7.24222e-06)
(1.22907e-07 0 7.02239e-06)
(6.19537e-08 0 6.84654e-06)
(2.96756e-08 0 6.77761e-06)
(-3.41873e-08 0 6.68211e-06)
(-3.7989e-08 0 6.77564e-06)
(-9.91751e-08 0 6.68987e-06)
(-5.31615e-08 0 6.93906e-06)
(-1.12339e-07 0 6.73785e-06)
(6.20271e-09 0 7.13777e-06)
(-4.41584e-08 0 6.63447e-06)
(1.65949e-07 0 7.16367e-06)
(1.29286e-07 0 6.12324e-06)
(4.62708e-07 0 6.75152e-06)
(4.3537e-07 0 4.85823e-06)
(9.14003e-07 0 5.56727e-06)
(8.93449e-07 0 2.44718e-06)
(1.50988e-06 0 3.22247e-06)
(0 0 -1.49324e-06)
(0 0 -6.60411e-07)
(0 0 -7.22091e-06)
(0 0 -6.32859e-06)
(0 0 -1.46438e-05)
(0 0 -1.30682e-05)
)
;
    }
    defaultFaces
    {
        type            empty;
    }
}


// ************************************************************************* //
