# Wall shear stress
# Time        	patch         	min           	max           
0.000000e+00	lowerWall	(-9.780998e-02 0.000000e+00 0.000000e+00)	(-9.780998e-02 0.000000e+00 0.000000e+00)
1.000000e+01	lowerWall	(-9.612009e-02 0.000000e+00 -2.107285e-04)	(-9.594692e-02 0.000000e+00 2.107309e-04)
2.000000e+01	lowerWall	(-9.484812e-02 0.000000e+00 -2.212224e-04)	(-9.464028e-02 0.000000e+00 2.212589e-04)
3.000000e+01	lowerWall	(-9.372379e-02 0.000000e+00 -2.267974e-04)	(-9.351013e-02 0.000000e+00 2.268570e-04)
4.000000e+01	lowerWall	(-9.275392e-02 0.000000e+00 -2.160235e-04)	(-9.255494e-02 0.000000e+00 2.160925e-04)
5.000000e+01	lowerWall	(-9.193316e-02 0.000000e+00 -1.965046e-04)	(-9.175573e-02 0.000000e+00 1.965816e-04)
6.000000e+01	lowerWall	(-9.126375e-02 0.000000e+00 -1.815699e-04)	(-9.107253e-02 0.000000e+00 1.816582e-04)
7.000000e+01	lowerWall	(-9.068340e-02 0.000000e+00 -1.713146e-04)	(-9.047800e-02 0.000000e+00 1.714102e-04)
8.000000e+01	lowerWall	(-9.017264e-02 0.000000e+00 -1.610142e-04)	(-8.996234e-02 0.000000e+00 1.610910e-04)
9.000000e+01	lowerWall	(-8.972331e-02 0.000000e+00 -1.505632e-04)	(-8.950951e-02 0.000000e+00 1.506385e-04)
1.000000e+02	lowerWall	(-8.932757e-02 0.000000e+00 -1.398353e-04)	(-8.911110e-02 0.000000e+00 1.399313e-04)
1.100000e+02	lowerWall	(-8.897886e-02 0.000000e+00 -1.289862e-04)	(-8.876336e-02 0.000000e+00 1.290998e-04)
1.200000e+02	lowerWall	(-8.867153e-02 0.000000e+00 -1.211581e-04)	(-8.846424e-02 0.000000e+00 1.212948e-04)
1.300000e+02	lowerWall	(-8.840058e-02 0.000000e+00 -1.106685e-04)	(-8.820337e-02 0.000000e+00 1.107983e-04)
1.400000e+02	lowerWall	(-8.816018e-02 0.000000e+00 -9.928613e-05)	(-8.796292e-02 0.000000e+00 9.942843e-05)
1.500000e+02	lowerWall	(-8.794440e-02 0.000000e+00 -8.988796e-05)	(-8.774743e-02 0.000000e+00 9.001943e-05)
1.600000e+02	lowerWall	(-8.774945e-02 0.000000e+00 -8.210143e-05)	(-8.755369e-02 0.000000e+00 8.221019e-05)
1.700000e+02	lowerWall	(-8.757268e-02 0.000000e+00 -7.508829e-05)	(-8.737916e-02 0.000000e+00 7.517540e-05)
1.800000e+02	lowerWall	(-8.741203e-02 0.000000e+00 -6.866048e-05)	(-8.722165e-02 0.000000e+00 6.872889e-05)
1.900000e+02	lowerWall	(-8.726598e-02 0.000000e+00 -6.634586e-05)	(-8.709015e-02 0.000000e+00 6.640936e-05)
1.970000e+02	lowerWall	(-8.717136e-02 0.000000e+00 -6.114849e-05)	(-8.699832e-02 0.000000e+00 6.119261e-05)
