/*--------------------------------*- C++ -*----------------------------------*\
  =========                 |
  \\      /  F ield         | OpenFOAM: The Open Source CFD Toolbox
   \\    /   O peration     | Website:  https://openfoam.org
    \\  /    A nd           | Version:  8
     \\/     M anipulation  |
\*---------------------------------------------------------------------------*/
FoamFile
{
    version     2.0;
    format      ascii;
    class       volScalarField;
    location    "197";
    object      nu1;
}
// * * * * * * * * * * * * * * * * * * * * * * * * * * * * * * * * * * * * * //

dimensions      [0 2 -1 0 0 0 0];

internalField   nonuniform List<scalar> 
3000
(
0.00693975
0.00696
0.0069616
0.00696693
0.00696304
0.00695881
0.00695091
0.00694311
0.00693493
0.00692779
0.00692162
0.00691671
0.00691286
0.00690998
0.00690784
0.00690629
0.00690515
0.00690433
0.00690374
0.00690331
0.006903
0.00690278
0.00690263
0.00690254
0.00690249
0.00690249
0.00690252
0.00690261
0.00690275
0.00690297
0.00690326
0.00690368
0.00690425
0.00690504
0.00690613
0.00690764
0.00690972
0.00691256
0.00691636
0.00692125
0.00692742
0.00693457
0.00694279
0.00695064
0.0069586
0.00696288
0.00696685
0.00696156
0.00696001
0.00693975
0.0200937
0.0200206
0.020027
0.0200103
0.0200307
0.0200475
0.020078
0.0201061
0.0201357
0.020161
0.0201829
0.0202004
0.0202142
0.0202247
0.0202326
0.0202384
0.0202427
0.0202458
0.0202481
0.0202497
0.0202509
0.0202517
0.0202523
0.0202526
0.0202528
0.0202528
0.0202527
0.0202524
0.0202518
0.020251
0.0202499
0.0202483
0.0202461
0.0202431
0.020239
0.0202334
0.0202257
0.0202154
0.0202018
0.0201844
0.0201625
0.0201371
0.0201074
0.0200791
0.0200484
0.0200314
0.0200106
0.0200271
0.0200204
0.0200935
0.0659646
0.0652806
0.0652303
0.0650442
0.0651583
0.0652763
0.0655166
0.0657563
0.0660157
0.0662465
0.0664511
0.0666169
0.0667487
0.0668489
0.0669237
0.0669783
0.0670178
0.0670462
0.0670664
0.0670808
0.067091
0.067098
0.0671028
0.0671058
0.0671073
0.0671074
0.0671062
0.0671036
0.0670991
0.0670923
0.0670826
0.0670689
0.0670496
0.0670225
0.0669846
0.0669318
0.0668588
0.0667604
0.0666297
0.0664644
0.0662598
0.0660281
0.0657671
0.0655256
0.065283
0.065163
0.0650465
0.0652313
0.0652801
0.0659641
0.201469
0.198831
0.198414
0.197561
0.197773
0.198078
0.198858
0.199695
0.200641
0.201514
0.202308
0.202965
0.203494
0.203897
0.204198
0.204415
0.20457
0.204679
0.204755
0.204807
0.204844
0.204869
0.204885
0.204895
0.2049
0.204901
0.204897
0.204888
0.204873
0.204849
0.204815
0.204766
0.204694
0.20459
0.204442
0.204231
0.203936
0.203538
0.203013
0.202357
0.201562
0.200685
0.199733
0.19889
0.198101
0.197789
0.197569
0.198419
0.198832
0.201471
0.447434
0.443372
0.44253
0.440868
0.440846
0.441055
0.442075
0.44328
0.444734
0.446141
0.447462
0.448582
0.449498
0.450203
0.450728
0.451104
0.451368
0.451549
0.451672
0.451755
0.451811
0.451848
0.451872
0.451886
0.451894
0.451894
0.451889
0.451876
0.451855
0.451821
0.45177
0.451692
0.451577
0.451404
0.451149
0.450782
0.450266
0.449569
0.448657
0.447538
0.446216
0.444803
0.443339
0.442123
0.441092
0.440872
0.440884
0.442542
0.443379
0.447442
0.58333
0.58333
0.58333
0.58333
0.58333
0.58333
0.58333
0.58333
0.58333
0.58333
0.58333
0.58333
0.58333
0.58333
0.58333
0.58333
0.58333
0.58333
0.58333
0.58333
0.58333
0.58333
0.58333
0.58333
0.58333
0.58333
0.58333
0.58333
0.58333
0.58333
0.58333
0.58333
0.58333
0.58333
0.58333
0.58333
0.58333
0.58333
0.58333
0.58333
0.58333
0.58333
0.58333
0.58333
0.58333
0.58333
0.58333
0.58333
0.58333
0.58333
0.58333
0.58333
0.58333
0.58333
0.58333
0.58333
0.58333
0.58333
0.58333
0.58333
0.58333
0.58333
0.58333
0.58333
0.58333
0.58333
0.58333
0.58333
0.58333
0.58333
0.58333
0.58333
0.58333
0.58333
0.58333
0.58333
0.58333
0.58333
0.58333
0.58333
0.58333
0.58333
0.58333
0.58333
0.58333
0.58333
0.58333
0.58333
0.58333
0.58333
0.58333
0.58333
0.58333
0.58333
0.58333
0.58333
0.58333
0.58333
0.58333
0.58333
0.58333
0.58333
0.58333
0.58333
0.58333
0.58333
0.58333
0.58333
0.58333
0.58333
0.58333
0.58333
0.58333
0.58333
0.58333
0.58333
0.58333
0.58333
0.58333
0.58333
0.58333
0.58333
0.58333
0.58333
0.58333
0.58333
0.58333
0.58333
0.58333
0.58333
0.58333
0.58333
0.58333
0.58333
0.58333
0.58333
0.58333
0.58333
0.58333
0.58333
0.58333
0.58333
0.58333
0.58333
0.58333
0.58333
0.58333
0.58333
0.58333
0.58333
0.58333
0.58333
0.58333
0.58333
0.58333
0.58333
0.58333
0.58333
0.58333
0.58333
0.58333
0.58333
0.58333
0.58333
0.58333
0.58333
0.58333
0.58333
0.58333
0.58333
0.58333
0.58333
0.58333
0.58333
0.58333
0.58333
0.58333
0.58333
0.58333
0.58333
0.58333
0.58333
0.58333
0.58333
0.58333
0.58333
0.58333
0.58333
0.58333
0.58333
0.58333
0.58333
0.58333
0.58333
0.58333
0.58333
0.58333
0.58333
0.58333
0.58333
0.58333
0.58333
0.58333
0.58333
0.58333
0.58333
0.58333
0.58333
0.58333
0.58333
0.58333
0.58333
0.58333
0.58333
0.58333
0.58333
0.58333
0.58333
0.58333
0.58333
0.58333
0.58333
0.58333
0.58333
0.58333
0.58333
0.58333
0.58333
0.58333
0.58333
0.58333
0.58333
0.58333
0.58333
0.58333
0.58333
0.58333
0.58333
0.58333
0.58333
0.58333
0.58333
0.58333
0.58333
0.58333
0.58333
0.58333
0.58333
0.58333
0.58333
0.58333
0.58333
0.58333
0.58333
0.58333
0.58333
0.58333
0.58333
0.58333
0.58333
0.58333
0.58333
0.58333
0.58333
0.58333
0.58333
0.58333
0.58333
0.58333
0.58333
0.58333
0.58333
0.58333
0.58333
0.58333
0.58333
0.58333
0.58333
0.58333
0.58333
0.58333
0.58333
0.58333
0.58333
0.58333
0.58333
0.58333
0.58333
0.58333
0.58333
0.58333
0.58333
0.58333
0.58333
0.58333
0.58333
0.58333
0.58333
0.58333
0.58333
0.58333
0.58333
0.58333
0.58333
0.58333
0.58333
0.58333
0.58333
0.58333
0.58333
0.58333
0.58333
0.58333
0.58333
0.58333
0.58333
0.58333
0.58333
0.58333
0.58333
0.58333
0.58333
0.58333
0.58333
0.58333
0.58333
0.58333
0.58333
0.58333
0.58333
0.58333
0.58333
0.58333
0.58333
0.58333
0.58333
0.58333
0.58333
0.58333
0.58333
0.58333
0.58333
0.58333
0.58333
0.58333
0.58333
0.58333
0.58333
0.58333
0.58333
0.58333
0.58333
0.58333
0.58333
0.58333
0.58333
0.58333
0.58333
0.58333
0.58333
0.58333
0.58333
0.58333
0.58333
0.58333
0.58333
0.58333
0.58333
0.58333
0.58333
0.58333
0.58333
0.58333
0.58333
0.58333
0.58333
0.58333
0.58333
0.58333
0.58333
0.58333
0.58333
0.58333
0.58333
0.58333
0.58333
0.58333
0.58333
0.58333
0.58333
0.58333
0.58333
0.58333
0.58333
0.58333
0.58333
0.58333
0.58333
0.58333
0.58333
0.58333
0.58333
0.58333
0.58333
0.58333
0.58333
0.58333
0.58333
0.58333
0.58333
0.58333
0.58333
0.58333
0.58333
0.58333
0.58333
0.58333
0.58333
0.58333
0.58333
0.58333
0.58333
0.58333
0.58333
0.58333
0.58333
0.58333
0.58333
0.58333
0.58333
0.58333
0.58333
0.58333
0.58333
0.58333
0.58333
0.58333
0.58333
0.58333
0.58333
0.58333
0.58333
0.58333
0.58333
0.58333
0.58333
0.58333
0.58333
0.58333
0.58333
0.58333
0.58333
0.58333
0.58333
0.58333
0.58333
0.58333
0.58333
0.58333
0.58333
0.58333
0.58333
0.58333
0.58333
0.58333
0.58333
0.58333
0.58333
0.58333
0.58333
0.58333
0.58333
0.58333
0.58333
0.58333
0.58333
0.58333
0.58333
0.58333
0.58333
0.58333
0.58333
0.58333
0.58333
0.58333
0.58333
0.58333
0.58333
0.58333
0.58333
0.58333
0.58333
0.58333
0.58333
0.58333
0.58333
0.58333
0.58333
0.58333
0.58333
0.58333
0.58333
0.58333
0.58333
0.58333
0.58333
0.58333
0.58333
0.58333
0.58333
0.58333
0.58333
0.58333
0.58333
0.58333
0.58333
0.58333
0.58333
0.58333
0.58333
0.58333
0.58333
0.58333
0.58333
0.58333
0.58333
0.58333
0.58333
0.58333
0.58333
0.58333
0.58333
0.58333
0.58333
0.58333
0.58333
0.58333
0.58333
0.58333
0.58333
0.58333
0.58333
0.58333
0.58333
0.58333
0.58333
0.58333
0.58333
0.58333
0.58333
0.58333
0.58333
0.58333
0.58333
0.58333
0.58333
0.58333
0.58333
0.58333
0.58333
0.58333
0.58333
0.58333
0.58333
0.58333
0.58333
0.58333
0.58333
0.58333
0.58333
0.58333
0.58333
0.58333
0.58333
0.58333
0.58333
0.58333
0.58333
0.58333
0.58333
0.58333
0.58333
0.58333
0.58333
0.58333
0.58333
0.58333
0.58333
0.58333
0.58333
0.58333
0.58333
0.58333
0.58333
0.58333
0.58333
0.58333
0.58333
0.58333
0.58333
0.58333
0.58333
0.58333
0.58333
0.58333
0.58333
0.58333
0.58333
0.58333
0.58333
0.58333
0.58333
0.58333
0.58333
0.58333
0.58333
0.58333
0.58333
0.58333
0.58333
0.58333
0.58333
0.58333
0.58333
0.58333
0.58333
0.58333
0.58333
0.58333
0.58333
0.58333
0.58333
0.58333
0.58333
0.58333
0.58333
0.58333
0.58333
0.58333
0.58333
0.58333
0.58333
0.58333
0.58333
0.58333
0.58333
0.58333
0.58333
0.58333
0.58333
0.58333
0.58333
0.58333
0.58333
0.58333
0.58333
0.58333
0.58333
0.58333
0.58333
0.58333
0.58333
0.58333
0.58333
0.58333
0.58333
0.58333
0.58333
0.58333
0.58333
0.58333
0.58333
0.58333
0.58333
0.58333
0.58333
0.58333
0.58333
0.58333
0.58333
0.58333
0.58333
0.58333
0.58333
0.58333
0.58333
0.58333
0.58333
0.58333
0.58333
0.58333
0.58333
0.58333
0.58333
0.58333
0.58333
0.58333
0.58333
0.58333
0.58333
0.58333
0.58333
0.58333
0.58333
0.58333
0.58333
0.58333
0.58333
0.58333
0.58333
0.58333
0.58333
0.58333
0.58333
0.58333
0.58333
0.58333
0.58333
0.58333
0.58333
0.58333
0.58333
0.58333
0.58333
0.58333
0.58333
0.58333
0.58333
0.58333
0.58333
0.58333
0.58333
0.58333
0.58333
0.58333
0.58333
0.58333
0.58333
0.58333
0.58333
0.58333
0.58333
0.58333
0.58333
0.58333
0.58333
0.58333
0.58333
0.58333
0.58333
0.58333
0.58333
0.58333
0.58333
0.58333
0.58333
0.58333
0.58333
0.58333
0.58333
0.58333
0.58333
0.58333
0.58333
0.58333
0.58333
0.58333
0.58333
0.58333
0.58333
0.58333
0.58333
0.58333
0.58333
0.58333
0.58333
0.58333
0.58333
0.58333
0.58333
0.58333
0.58333
0.58333
0.58333
0.58333
0.58333
0.58333
0.58333
0.58333
0.58333
0.58333
0.58333
0.58333
0.58333
0.58333
0.58333
0.58333
0.58333
0.58333
0.58333
0.58333
0.58333
0.58333
0.58333
0.58333
0.58333
0.58333
0.58333
0.58333
0.58333
0.58333
0.58333
0.58333
0.58333
0.58333
0.58333
0.58333
0.58333
0.58333
0.58333
0.58333
0.58333
0.58333
0.58333
0.58333
0.58333
0.58333
0.58333
0.58333
0.58333
0.58333
0.58333
0.58333
0.58333
0.58333
0.58333
0.58333
0.58333
0.58333
0.58333
0.58333
0.58333
0.58333
0.58333
0.58333
0.58333
0.58333
0.58333
0.58333
0.58333
0.58333
0.58333
0.58333
0.58333
0.58333
0.58333
0.58333
0.58333
0.58333
0.58333
0.58333
0.58333
0.58333
0.58333
0.58333
0.58333
0.58333
0.58333
0.58333
0.58333
0.58333
0.58333
0.58333
0.58333
0.58333
0.58333
0.58333
0.58333
0.58333
0.58333
0.58333
0.58333
0.58333
0.58333
0.58333
0.58333
0.58333
0.58333
0.58333
0.58333
0.58333
0.58333
0.58333
0.58333
0.58333
0.58333
0.58333
0.58333
0.58333
0.58333
0.58333
0.58333
0.58333
0.58333
0.58333
0.58333
0.58333
0.58333
0.58333
0.58333
0.58333
0.58333
0.58333
0.58333
0.58333
0.58333
0.58333
0.58333
0.58333
0.58333
0.58333
0.58333
0.58333
0.58333
0.58333
0.58333
0.58333
0.58333
0.58333
0.58333
0.58333
0.58333
0.58333
0.58333
0.58333
0.58333
0.58333
0.58333
0.58333
0.58333
0.58333
0.58333
0.58333
0.58333
0.58333
0.58333
0.58333
0.58333
0.58333
0.58333
0.58333
0.58333
0.58333
0.58333
0.58333
0.58333
0.58333
0.58333
0.58333
0.58333
0.58333
0.58333
0.58333
0.58333
0.58333
0.58333
0.58333
0.58333
0.58333
0.58333
0.58333
0.58333
0.58333
0.58333
0.58333
0.58333
0.58333
0.58333
0.58333
0.58333
0.58333
0.58333
0.58333
0.58333
0.58333
0.58333
0.58333
0.58333
0.58333
0.58333
0.58333
0.58333
0.58333
0.58333
0.58333
0.58333
0.58333
0.58333
0.58333
0.58333
0.0088382
0.00885461
0.00885361
0.00885551
0.00885486
0.0088546
0.00885399
0.00885326
0.00885244
0.00885161
0.00885082
0.00885009
0.00884945
0.0088489
0.00884844
0.00884807
0.00884777
0.00884753
0.00884734
0.00884719
0.00884708
0.008847
0.00884694
0.0088469
0.00884688
0.00884688
0.0088469
0.00884694
0.008847
0.00884709
0.00884721
0.00884736
0.00884755
0.00884779
0.0088481
0.00884848
0.00884895
0.0088495
0.00885016
0.0088509
0.00885171
0.00885254
0.00885335
0.00885406
0.00885463
0.00885483
0.00885541
0.00885343
0.00885442
0.00883805
0.00871556
0.00872388
0.00872257
0.00872461
0.00872406
0.00872407
0.0087237
0.0087232
0.00872256
0.00872186
0.00872115
0.00872046
0.00871984
0.00871929
0.00871882
0.00871843
0.00871811
0.00871786
0.00871766
0.0087175
0.00871738
0.00871729
0.00871723
0.00871719
0.00871717
0.00871717
0.00871719
0.00871723
0.00871729
0.00871738
0.0087175
0.00871765
0.00871785
0.0087181
0.00871842
0.0087188
0.00871927
0.00871982
0.00872044
0.00872112
0.00872183
0.00872253
0.00872317
0.00872368
0.00872406
0.00872406
0.00872463
0.0087226
0.00872391
0.00871559
0.557676
0.5131
0.512082
0.509219
0.510121
0.510976
0.512233
0.513579
0.514688
0.515472
0.515891
0.516009
0.515932
0.51575
0.515527
0.515307
0.515113
0.514952
0.514824
0.514726
0.514652
0.514599
0.514562
0.514538
0.514525
0.514521
0.514526
0.514542
0.514568
0.51461
0.51467
0.514753
0.514861
0.515
0.515168
0.515356
0.51554
0.515679
0.515707
0.51554
0.51508
0.514281
0.513199
0.51194
0.510839
0.510214
0.509598
0.512793
0.513851
0.558445
0.58333
0.58333
0.58333
0.58333
0.58333
0.58333
0.58333
0.58333
0.58333
0.58333
0.58333
0.58333
0.58333
0.58333
0.58333
0.58333
0.58333
0.58333
0.58333
0.58333
0.58333
0.58333
0.58333
0.58333
0.58333
0.58333
0.58333
0.58333
0.58333
0.58333
0.58333
0.58333
0.58333
0.58333
0.58333
0.58333
0.58333
0.58333
0.58333
0.58333
0.58333
0.58333
0.58333
0.58333
0.58333
0.58333
0.58333
0.58333
0.58333
0.58333
0.58333
0.58333
0.58333
0.58333
0.58333
0.58333
0.58333
0.58333
0.58333
0.58333
0.58333
0.58333
0.58333
0.58333
0.58333
0.58333
0.58333
0.58333
0.58333
0.58333
0.58333
0.58333
0.58333
0.58333
0.58333
0.58333
0.58333
0.58333
0.58333
0.58333
0.58333
0.58333
0.58333
0.58333
0.58333
0.58333
0.58333
0.58333
0.58333
0.58333
0.58333
0.58333
0.58333
0.58333
0.58333
0.58333
0.58333
0.58333
0.58333
0.58333
0.58333
0.58333
0.58333
0.58333
0.58333
0.58333
0.58333
0.58333
0.58333
0.58333
0.58333
0.58333
0.58333
0.58333
0.58333
0.58333
0.58333
0.58333
0.58333
0.58333
0.58333
0.58333
0.58333
0.58333
0.58333
0.58333
0.58333
0.58333
0.58333
0.58333
0.58333
0.58333
0.58333
0.58333
0.58333
0.58333
0.58333
0.58333
0.58333
0.58333
0.58333
0.58333
0.58333
0.58333
0.58333
0.58333
0.58333
0.58333
0.58333
0.58333
0.58333
0.58333
0.58333
0.58333
0.58333
0.58333
0.58333
0.58333
0.58333
0.58333
0.58333
0.58333
0.58333
0.58333
0.58333
0.58333
0.58333
0.58333
0.58333
0.58333
0.58333
0.58333
0.58333
0.58333
0.58333
0.58333
0.58333
0.58333
0.58333
0.58333
0.58333
0.58333
0.58333
0.58333
0.58333
0.58333
0.58333
0.58333
0.58333
0.58333
0.58333
0.58333
0.58333
0.58333
0.58333
0.58333
0.58333
0.58333
0.58333
0.58333
0.58333
0.58333
0.58333
0.58333
0.58333
0.58333
0.58333
0.58333
0.58333
0.58333
0.58333
0.58333
0.58333
0.58333
0.58333
0.58333
0.58333
0.58333
0.58333
0.58333
0.58333
0.58333
0.58333
0.58333
0.58333
0.58333
0.58333
0.58333
0.58333
0.58333
0.58333
0.58333
0.58333
0.58333
0.58333
0.58333
0.58333
0.58333
0.58333
0.58333
0.58333
0.58333
0.58333
0.58333
0.58333
0.58333
0.58333
0.58333
0.58333
0.58333
0.58333
0.58333
0.58333
0.58333
0.58333
0.58333
0.58333
0.58333
0.58333
0.58333
0.58333
0.58333
0.58333
0.58333
0.58333
0.58333
0.58333
0.58333
0.58333
0.58333
0.58333
0.58333
0.58333
0.58333
0.58333
0.58333
0.58333
0.58333
0.58333
0.58333
0.58333
0.58333
0.58333
0.58333
0.58333
0.58333
0.58333
0.58333
0.58333
0.58333
0.58333
0.58333
0.58333
0.58333
0.58333
0.58333
0.58333
0.58333
0.58333
0.58333
0.58333
0.58333
0.58333
0.58333
0.58333
0.58333
0.58333
0.58333
0.58333
0.58333
0.58333
0.58333
0.58333
0.58333
0.58333
0.58333
0.58333
0.58333
0.58333
0.58333
0.58333
0.58333
0.58333
0.58333
0.58333
0.58333
0.58333
0.58333
0.58333
0.58333
0.58333
0.58333
0.58333
0.58333
0.58333
0.58333
0.58333
0.58333
0.58333
0.58333
0.58333
0.58333
0.58333
0.58333
0.58333
0.58333
0.58333
0.58333
0.58333
0.58333
0.58333
0.58333
0.58333
0.58333
0.58333
0.58333
0.58333
0.58333
0.58333
0.58333
0.58333
0.58333
0.58333
0.58333
0.58333
0.58333
0.58333
0.58333
0.58333
0.58333
0.58333
0.58333
0.58333
0.58333
0.58333
0.58333
0.58333
0.58333
0.58333
0.58333
0.58333
0.58333
0.58333
0.58333
0.58333
0.58333
0.58333
0.58333
0.58333
0.58333
0.58333
0.58333
0.58333
0.58333
0.58333
0.58333
0.58333
0.58333
0.58333
0.58333
0.58333
0.58333
0.58333
0.58333
0.58333
0.58333
0.58333
0.58333
0.58333
0.58333
0.58333
0.58333
0.58333
0.58333
0.58333
0.58333
0.58333
0.58333
0.58333
0.58333
0.58333
0.58333
0.58333
0.58333
0.58333
0.58333
0.58333
0.58333
0.58333
0.58333
0.58333
0.58333
0.58333
0.58333
0.58333
0.58333
0.58333
0.58333
0.58333
0.58333
0.58333
0.58333
0.58333
0.58333
0.58333
0.58333
0.58333
0.58333
0.58333
0.58333
0.58333
0.58333
0.58333
0.58333
0.58333
0.58333
0.58333
0.58333
0.58333
0.58333
0.58333
0.58333
0.58333
0.58333
0.58333
0.58333
0.58333
0.58333
0.58333
0.58333
0.58333
0.58333
0.58333
0.58333
0.58333
0.58333
0.58333
0.58333
0.58333
0.58333
0.58333
0.58333
0.58333
0.58333
0.58333
0.58333
0.58333
0.58333
0.58333
0.58333
0.58333
0.58333
0.58333
0.58333
0.58333
0.58333
0.58333
0.58333
0.58333
0.58333
0.58333
0.58333
0.58333
0.58333
0.58333
0.58333
0.58333
0.58333
0.58333
0.58333
0.58333
0.58333
0.58333
0.58333
0.58333
0.58333
0.58333
0.58333
0.58333
0.58333
0.58333
0.58333
0.58333
0.58333
0.58333
0.58333
0.58333
0.58333
0.58333
0.58333
0.58333
0.58333
0.58333
0.58333
0.58333
0.58333
0.58333
0.58333
0.58333
0.58333
0.58333
0.58333
0.58333
0.58333
0.58333
0.58333
0.58333
0.58333
0.58333
0.58333
0.58333
0.58333
0.58333
0.58333
0.58333
0.58333
0.58333
0.58333
0.58333
0.58333
0.58333
0.58333
0.58333
0.58333
0.58333
0.58333
0.58333
0.58333
0.58333
0.58333
0.58333
0.58333
0.58333
0.58333
0.58333
0.58333
0.58333
0.58333
0.58333
0.58333
0.58333
0.58333
0.58333
0.58333
0.58333
0.58333
0.58333
0.58333
0.58333
0.58333
0.58333
0.58333
0.58333
0.58333
0.58333
0.58333
0.58333
0.58333
0.58333
0.58333
0.58333
0.58333
0.58333
0.58333
0.58333
0.58333
0.58333
0.58333
0.58333
0.58333
0.58333
0.58333
0.58333
0.58333
0.58333
0.58333
0.58333
0.58333
0.58333
0.58333
0.58333
0.58333
0.58333
0.58333
0.58333
0.58333
0.58333
0.58333
0.58333
0.58333
0.58333
0.58333
0.58333
0.58333
0.58333
0.58333
0.58333
0.58333
0.58333
0.58333
0.58333
0.58333
0.58333
0.58333
0.58333
0.58333
0.58333
0.58333
0.58333
0.58333
0.58333
0.58333
0.58333
0.58333
0.58333
0.58333
0.58333
0.58333
0.58333
0.58333
0.58333
0.58333
0.58333
0.58333
0.58333
0.58333
0.58333
0.58333
0.58333
0.58333
0.58333
0.58333
0.58333
0.58333
0.58333
0.58333
0.58333
0.58333
0.58333
0.58333
0.58333
0.58333
0.58333
0.58333
0.58333
0.58333
0.58333
0.58333
0.58333
0.58333
0.58333
0.58333
0.58333
0.58333
0.58333
0.58333
0.58333
0.58333
0.58333
0.58333
0.58333
0.58333
0.58333
0.58333
0.58333
0.58333
0.58333
0.58333
0.58333
0.58333
0.58333
0.58333
0.58333
0.58333
0.58333
0.58333
0.58333
0.58333
0.58333
0.58333
0.58333
0.58333
0.58333
0.58333
0.58333
0.58333
0.58333
0.58333
0.58333
0.58333
0.58333
0.58333
0.58333
0.58333
0.58333
0.58333
0.58333
0.58333
0.58333
0.58333
0.58333
0.58333
0.58333
0.58333
0.58333
0.58333
0.58333
0.58333
0.58333
0.58333
0.58333
0.58333
0.58333
0.58333
0.58333
0.58333
0.58333
0.58333
0.58333
0.58333
0.58333
0.58333
0.58333
0.58333
0.58333
0.58333
0.58333
0.58333
0.58333
0.58333
0.58333
0.58333
0.58333
0.58333
0.58333
0.58333
0.58333
0.58333
0.58333
0.58333
0.58333
0.58333
0.58333
0.58333
0.58333
0.58333
0.58333
0.58333
0.58333
0.58333
0.58333
0.58333
0.58333
0.58333
0.58333
0.58333
0.58333
0.58333
0.58333
0.58333
0.58333
0.58333
0.58333
0.58333
0.58333
0.58333
0.58333
0.58333
0.58333
0.58333
0.58333
0.58333
0.58333
0.58333
0.58333
0.58333
0.58333
0.58333
0.58333
0.58333
0.58333
0.58333
0.58333
0.58333
0.58333
0.58333
0.58333
0.58333
0.58333
0.58333
0.58333
0.58333
0.58333
0.58333
0.58333
0.58333
0.58333
0.58333
0.58333
0.58333
0.58333
0.58333
0.58333
0.58333
0.58333
0.58333
0.58333
0.58333
0.58333
0.58333
0.58333
0.58333
0.58333
0.58333
0.58333
0.58333
0.58333
0.58333
0.58333
0.58333
0.58333
0.58333
0.58333
0.58333
0.58333
0.58333
0.58333
0.58333
0.58333
0.58333
0.58333
0.58333
0.58333
0.58333
0.58333
0.58333
0.58333
0.58333
0.58333
0.58333
0.58333
0.58333
0.58333
0.58333
0.58333
0.58333
0.58333
0.58333
0.58333
0.58333
0.58333
0.58333
0.58333
0.58333
0.58333
0.58333
0.58333
0.58333
0.58333
0.58333
0.58333
0.58333
0.58333
0.58333
0.58333
0.58333
0.58333
0.58333
0.58333
0.58333
0.58333
0.58333
0.58333
0.58333
0.58333
0.58333
0.58333
0.58333
0.58333
0.58333
0.58333
0.58333
0.58333
0.58333
0.58333
0.58333
0.58333
0.58333
0.58333
0.58333
0.58333
0.58333
0.58333
0.58333
0.58333
0.58333
0.58333
0.58333
0.58333
0.58333
0.58333
0.58333
0.58333
0.58333
0.58333
0.58333
0.58333
0.58333
0.58333
0.58333
0.58333
0.58333
0.58333
0.58333
0.58333
0.58333
0.58333
0.58333
0.58333
0.58333
0.58333
0.58333
0.58333
0.58333
0.58333
0.58333
0.58333
0.58333
0.58333
0.58333
0.58333
0.58333
0.58333
0.58333
0.58333
0.58333
0.58333
0.58333
0.58333
0.58333
0.58333
0.58333
0.58333
0.58333
0.58333
0.58333
0.58333
0.58333
0.58333
0.58333
0.58333
0.58333
0.58333
0.58333
0.58333
0.58333
0.58333
0.58333
0.58333
0.58333
0.58333
0.58333
0.58333
0.58333
0.58333
0.58333
0.58333
0.58333
0.58333
0.58333
0.58333
0.58333
0.58333
0.58333
0.58333
0.58333
0.58333
0.58333
0.58333
0.58333
0.58333
0.58333
0.58333
0.58333
0.58333
0.58333
0.58333
0.58333
0.58333
0.58333
0.58333
0.58333
0.58333
0.58333
0.58333
0.58333
0.58333
0.58333
0.58333
0.58333
0.58333
0.58333
0.58333
0.58333
0.58333
0.58333
0.58333
0.58333
0.58333
0.58333
0.58333
0.58333
0.58333
0.58333
0.58333
0.58333
0.58333
0.58333
0.58333
0.58333
0.58333
0.58333
0.58333
0.58333
0.58333
0.58333
0.58333
0.58333
0.58333
0.58333
0.58333
0.58333
0.58333
0.58333
0.58333
0.58333
0.58333
0.58333
0.58333
0.58333
0.58333
0.58333
0.58333
0.58333
0.58333
0.58333
0.58333
0.58333
0.58333
0.58333
0.58333
0.58333
0.58333
0.58333
0.58333
0.58333
0.58333
0.58333
0.58333
0.58333
0.58333
0.58333
0.58333
0.58333
0.58333
0.58333
0.58333
0.58333
0.58333
0.58333
0.58333
0.58333
0.58333
0.58333
0.58333
0.58333
0.58333
0.58333
0.58333
0.58333
0.58333
0.58333
0.58333
0.58333
0.58333
0.58333
0.58333
0.58333
0.58333
0.58333
0.58333
0.58333
0.58333
0.58333
0.58333
0.58333
0.58333
0.58333
0.58333
0.58333
0.58333
0.58333
0.58333
0.58333
0.58333
0.58333
0.58333
0.58333
0.58333
0.58333
0.58333
0.58333
0.58333
0.58333
0.58333
0.58333
0.58333
0.58333
0.58333
0.58333
0.58333
0.58333
0.58333
0.58333
0.58333
0.58333
0.58333
0.58333
0.58333
0.58333
0.58333
0.58333
0.58333
0.58333
0.58333
0.58333
0.58333
0.58333
0.58333
0.58333
0.58333
0.58333
0.58333
0.58333
0.58333
0.58333
0.58333
0.58333
0.58333
0.58333
0.58333
0.58333
0.58333
0.58333
0.58333
0.58333
0.58333
0.58333
0.58333
0.58333
0.58333
0.58333
0.58333
0.58333
0.58333
0.58333
0.58333
0.58333
0.58333
0.58333
0.58333
0.58333
0.58333
0.58333
0.58333
0.58333
0.58333
0.58333
0.58333
0.58333
0.58333
0.58333
0.58333
0.58333
0.58333
0.58333
0.58333
0.58333
0.58333
0.58333
0.58333
0.58333
0.58333
0.58333
0.58333
0.58333
0.58333
0.58333
0.58333
0.58333
0.58333
0.58333
0.58333
0.58333
0.58333
0.58333
0.58333
0.58333
0.58333
0.58333
0.58333
0.58333
0.58333
0.58333
0.58333
0.58333
0.58333
0.58333
0.58333
0.58333
0.58333
0.58333
0.58333
0.58333
0.58333
0.58333
0.58333
0.58333
0.58333
0.58333
0.58333
0.58333
0.58333
0.58333
0.58333
0.58333
0.58333
0.58333
0.58333
0.58333
0.58333
0.58333
0.58333
0.58333
0.58333
0.58333
0.58333
0.58333
0.58333
0.58333
0.58333
0.58333
0.58333
0.58333
0.58333
0.58333
0.58333
0.58333
0.58333
0.58333
0.58333
0.58333
0.58333
0.58333
0.58333
0.58333
0.58333
0.58333
0.58333
0.58333
0.58333
0.58333
0.58333
0.58333
0.58333
0.58333
0.58333
0.58333
0.58333
0.58333
0.58333
0.58333
0.58333
0.58333
0.58333
0.58333
0.58333
0.58333
0.58333
0.58333
0.58333
0.58333
0.58333
0.58333
0.58333
0.58333
0.58333
0.58333
0.58333
0.58333
0.58333
0.58333
0.58333
0.58333
0.58333
0.58333
0.58333
0.58333
0.58333
0.58333
0.58333
0.58333
0.58333
0.58333
0.58333
0.58333
0.58333
0.58333
0.58333
0.58333
0.58333
0.58333
0.58333
0.58333
0.58333
0.58333
0.58333
0.58333
0.58333
0.58333
0.58333
0.58333
0.58333
0.58333
0.58333
0.58333
0.58333
0.58333
0.58333
0.58333
0.58333
0.58333
0.58333
0.58333
0.58333
0.58333
0.58333
0.58333
0.58333
0.58333
0.58333
0.58333
0.58333
0.58333
0.58333
0.58333
0.58333
0.58333
0.58333
0.58333
0.58333
0.58333
0.58333
0.58333
0.58333
0.58333
0.58333
0.58333
0.58333
0.58333
0.58333
0.58333
0.58333
0.58333
0.58333
0.58333
0.58333
0.58333
0.58333
0.58333
0.58333
0.58333
0.58333
0.58333
0.58333
0.58333
0.58333
0.58333
0.58333
0.58333
0.58333
0.58333
0.58333
0.58333
0.58333
0.58333
0.58333
0.58333
0.58333
0.58333
0.58333
0.58333
0.58333
0.58333
0.58333
0.58333
0.58333
0.58333
0.58333
0.58333
0.58333
0.58333
0.58333
0.58333
0.58333
0.58333
0.58333
0.58333
0.58333
0.58333
0.58333
0.58333
0.58333
0.58333
0.58333
0.58333
0.58333
0.58333
0.58333
0.58333
0.58333
0.58333
0.58333
0.58333
0.58333
0.58333
0.58333
0.58333
0.58333
0.58333
0.58333
0.58333
0.58333
0.58333
0.58333
0.58333
0.58333
0.58333
0.58333
0.58333
0.58333
0.58333
0.58333
0.58333
0.58333
0.58333
0.58333
0.58333
0.58333
0.58333
0.58333
0.58333
0.58333
0.58333
0.58333
0.58333
0.58333
0.58333
0.58333
0.58333
0.58333
0.58333
0.58333
0.58333
0.58333
0.58333
0.58333
0.58333
0.58333
0.58333
0.58333
0.58333
0.58333
0.58333
0.58333
0.58333
0.58333
0.58333
0.58333
0.58333
0.58333
0.58333
0.58333
0.58333
0.58333
0.58333
0.58333
0.58333
0.58333
0.58333
0.58333
0.58333
0.58333
0.58333
0.58333
0.58333
0.58333
0.58333
0.58333
0.58333
0.58333
0.58333
0.58333
0.58333
0.58333
0.58333
0.58333
0.58333
0.58333
0.58333
0.58333
0.58333
0.58333
0.58333
0.58333
0.58333
0.58333
0.58333
0.58333
0.58333
0.58333
0.58333
0.58333
0.58333
0.58333
0.58333
0.58333
0.58333
0.58333
0.58333
0.58333
0.58333
0.58333
0.58333
0.58333
0.58333
0.58333
0.58333
0.58333
0.58333
0.58333
0.58333
0.58333
0.58333
0.58333
0.58333
0.58333
0.58333
0.58333
0.58333
)
;

boundaryField
{
    inlet_water
    {
        type            calculated;
        value           nonuniform List<scalar> 
25
(
0.00693967
0.0200926
0.0659508
0.201339
0.44681
0.58333
0.58333
0.58333
0.58333
0.58333
0.58333
0.58333
0.58333
0.58333
0.58333
0.58333
0.58333
0.58333
0.58333
0.58333
0.58333
0.58333
0.58333
0.58333
0.58333
)
;
    }
    inlet_air
    {
        type            calculated;
        value           nonuniform List<scalar> 
35
(
0.00883842
0.00871585
0.558733
0.58333
0.58333
0.58333
0.58333
0.58333
0.58333
0.58333
0.58333
0.58333
0.58333
0.58333
0.58333
0.58333
0.58333
0.58333
0.58333
0.58333
0.58333
0.58333
0.58333
0.58333
0.58333
0.58333
0.58333
0.58333
0.58333
0.58333
0.58333
0.58333
0.58333
0.58333
0.58333
)
;
    }
    outlet_water
    {
        type            calculated;
        value           nonuniform List<scalar> 
25
(
0.00693968
0.0200924
0.0659502
0.20134
0.446812
0.58333
0.58333
0.58333
0.58333
0.58333
0.58333
0.58333
0.58333
0.58333
0.58333
0.58333
0.58333
0.58333
0.58333
0.58333
0.58333
0.58333
0.58333
0.58333
0.58333
)
;
    }
    outlet_air
    {
        type            calculated;
        value           nonuniform List<scalar> 
35
(
0.00883828
0.00871588
0.559513
0.58333
0.58333
0.58333
0.58333
0.58333
0.58333
0.58333
0.58333
0.58333
0.58333
0.58333
0.58333
0.58333
0.58333
0.58333
0.58333
0.58333
0.58333
0.58333
0.58333
0.58333
0.58333
0.58333
0.58333
0.58333
0.58333
0.58333
0.58333
0.58333
0.58333
0.58333
0.58333
)
;
    }
    lowerWall
    {
        type            calculated;
        value           nonuniform List<scalar> 
50
(
0.00482839
0.00484944
0.00485009
0.0048554
0.00485075
0.00484613
0.00483766
0.00482948
0.00482095
0.00481358
0.00480722
0.00480217
0.00479823
0.00479527
0.00479307
0.00479146
0.00479029
0.00478943
0.00478882
0.00478837
0.00478805
0.00478782
0.00478766
0.00478756
0.00478751
0.00478751
0.00478755
0.00478764
0.00478779
0.00478801
0.00478832
0.00478876
0.00478935
0.00479017
0.0047913
0.00479286
0.004795
0.00479791
0.00480181
0.00480683
0.00481319
0.00482057
0.00482914
0.00483736
0.0048459
0.00485058
0.00485532
0.00485005
0.00484946
0.00482841
)
;
    }
    atmosphere
    {
        type            calculated;
        value           uniform 0.58333;
    }
    defaultFaces
    {
        type            empty;
    }
}


// ************************************************************************* //
