/*--------------------------------*- C++ -*----------------------------------*\
  =========                 |
  \\      /  F ield         | OpenFOAM: The Open Source CFD Toolbox
   \\    /   O peration     | Website:  https://openfoam.org
    \\  /    A nd           | Version:  8
     \\/     M anipulation  |
\*---------------------------------------------------------------------------*/
FoamFile
{
    version     2.0;
    format      ascii;
    class       volScalarField;
    location    "197";
    object      p;
}
// * * * * * * * * * * * * * * * * * * * * * * * * * * * * * * * * * * * * * //

dimensions      [1 -1 -2 0 0 0 0];

internalField   nonuniform List<scalar> 
3000
(
474.52
476.994
478.066
479.389
480.313
481.282
482.035
482.729
483.267
483.715
484.05
484.31
484.501
484.649
484.763
484.857
484.938
485.01
485.075
485.135
485.19
485.241
485.289
485.335
485.379
485.422
485.466
485.511
485.558
485.607
485.66
485.717
485.78
485.852
485.935
486.037
486.163
486.326
486.535
486.813
487.163
487.621
488.163
488.856
489.602
490.564
491.479
492.795
493.866
496.344
454.953
457.359
458.338
459.61
460.477
461.413
462.141
462.827
463.367
463.825
464.172
464.446
464.65
464.809
464.931
465.032
465.118
465.193
465.26
465.322
465.379
465.431
465.48
465.526
465.571
465.615
465.659
465.704
465.752
465.802
465.856
465.915
465.98
466.055
466.144
466.252
466.386
466.56
466.782
467.074
467.437
467.905
468.45
469.135
469.857
470.784
471.643
472.909
473.885
476.294
435.442
437.765
438.653
439.859
440.661
441.549
442.246
442.919
443.459
443.926
444.288
444.577
444.795
444.965
445.097
445.205
445.296
445.375
445.445
445.508
445.566
445.62
445.67
445.717
445.762
445.807
445.852
445.898
445.947
445.998
446.053
446.114
446.182
446.261
446.354
446.469
446.613
446.799
447.035
447.343
447.72
448.198
448.742
449.414
450.105
450.986
451.779
452.979
453.862
456.186
415.985
418.233
419.034
420.141
420.861
421.678
422.332
422.984
423.523
424.002
424.382
424.691
424.927
425.113
425.256
425.373
425.469
425.552
425.625
425.691
425.751
425.806
425.858
425.906
425.953
426
426.046
426.094
426.144
426.197
426.254
426.317
426.389
426.471
426.571
426.694
426.85
427.05
427.305
427.632
428.028
428.518
429.061
429.712
430.36
431.169
431.881
432.981
433.777
436.025
396.633
398.765
399.493
400.472
401.101
401.828
402.429
403.049
403.584
404.072
404.471
404.8
405.055
405.255
405.411
405.536
405.638
405.726
405.803
405.871
405.934
405.991
406.045
406.095
406.144
406.193
406.241
406.291
406.343
406.399
406.459
406.525
406.599
406.687
406.792
406.924
407.091
407.306
407.579
407.925
408.339
408.837
409.377
409.996
410.592
411.311
411.933
412.905
413.628
415.759
377.375
379.307
379.99
380.867
381.431
382.083
382.636
383.219
383.735
384.215
384.614
384.948
385.209
385.417
385.578
385.708
385.815
385.906
385.985
386.055
386.119
386.178
386.233
386.285
386.336
386.385
386.435
386.487
386.54
386.597
386.659
386.727
386.805
386.896
387.005
387.142
387.314
387.535
387.813
388.162
388.576
389.065
389.586
390.168
390.716
391.362
391.919
392.791
393.468
395.398
358.13
359.816
360.475
361.297
361.834
362.447
362.967
363.514
363.999
364.452
364.832
365.152
365.405
365.608
365.768
365.898
366.005
366.096
366.176
366.247
366.311
366.37
366.425
366.477
366.528
366.577
366.627
366.679
366.733
366.79
366.852
366.921
367
367.091
367.201
367.337
367.507
367.723
367.991
368.325
368.718
369.18
369.669
370.216
370.731
371.339
371.871
372.688
373.341
375.026
338.853
340.298
340.943
341.726
342.258
342.849
343.348
343.863
344.316
344.737
345.089
345.387
345.625
345.818
345.972
346.098
346.203
346.293
346.372
346.442
346.506
346.564
346.619
346.67
346.72
346.769
346.819
346.869
346.923
346.98
347.042
347.11
347.188
347.278
347.386
347.518
347.681
347.886
348.137
348.449
348.813
349.241
349.698
350.213
350.708
351.295
351.823
352.602
353.241
354.684
319.56
320.786
321.417
322.157
322.68
323.25
323.728
324.212
324.635
325.024
325.35
325.627
325.849
326.031
326.178
326.3
326.402
326.491
326.568
326.638
326.701
326.759
326.812
326.863
326.912
326.961
327.01
327.06
327.113
327.169
327.231
327.299
327.376
327.465
327.57
327.697
327.852
328.045
328.28
328.569
328.905
329.302
329.727
330.212
330.687
331.252
331.772
332.509
333.135
334.36
300.25
301.28
301.898
302.592
303.103
303.647
304.103
304.557
304.95
305.309
305.61
305.866
306.073
306.245
306.385
306.502
306.602
306.689
306.765
306.834
306.896
306.953
307.006
307.056
307.105
307.153
307.201
307.251
307.303
307.359
307.42
307.487
307.563
307.65
307.752
307.875
308.023
308.204
308.423
308.69
309
309.366
309.761
310.215
310.669
311.209
311.718
312.409
313.023
314.05
280.922
281.774
282.382
283.029
283.526
284.044
284.477
284.902
285.265
285.596
285.871
286.107
286.299
286.46
286.593
286.706
286.802
286.887
286.962
287.03
287.091
287.148
287.2
287.249
287.297
287.344
287.392
287.441
287.493
287.548
287.608
287.675
287.749
287.835
287.934
288.052
288.192
288.362
288.565
288.81
289.094
289.43
289.796
290.22
290.651
291.166
291.661
292.307
292.91
293.759
261.575
262.264
262.864
263.467
263.95
264.442
264.853
265.248
265.582
265.884
266.135
266.35
266.527
266.677
266.802
266.91
267.004
267.086
267.16
267.226
267.287
267.342
267.394
267.443
267.49
267.536
267.583
267.632
267.683
267.737
267.796
267.862
267.935
268.019
268.115
268.227
268.36
268.518
268.704
268.928
269.186
269.493
269.829
270.224
270.633
271.123
271.604
272.205
272.801
273.487
242.209
242.75
243.344
243.906
244.374
244.84
245.229
245.595
245.901
246.174
246.401
246.596
246.757
246.896
247.013
247.116
247.206
247.286
247.358
247.423
247.483
247.537
247.588
247.636
247.682
247.728
247.774
247.822
247.872
247.926
247.984
248.049
248.12
248.202
248.294
248.401
248.525
248.671
248.841
249.044
249.277
249.554
249.862
250.228
250.615
251.079
251.546
252.106
252.696
253.234
222.826
223.231
223.821
224.344
224.799
225.24
225.606
225.943
226.221
226.466
226.668
226.843
226.989
227.116
227.226
227.323
227.409
227.487
227.557
227.621
227.679
227.732
227.782
227.829
227.875
227.92
227.965
228.012
228.062
228.114
228.172
228.235
228.305
228.383
228.472
228.574
228.689
228.823
228.977
229.158
229.366
229.615
229.894
230.231
230.596
231.035
231.488
232.01
232.595
232.997
203.426
203.708
204.295
204.783
205.224
205.641
205.984
206.293
206.543
206.76
206.938
207.092
207.222
207.338
207.439
207.531
207.613
207.688
207.756
207.818
207.875
207.927
207.976
208.023
208.067
208.112
208.156
208.202
208.251
208.303
208.359
208.42
208.489
208.565
208.649
208.745
208.852
208.973
209.111
209.271
209.454
209.674
209.925
210.233
210.576
210.99
211.431
211.917
212.499
212.778
184.011
184.182
184.765
185.221
185.65
186.043
186.364
186.645
186.866
187.055
187.208
187.342
187.457
187.56
187.654
187.739
187.818
187.89
187.956
188.016
188.071
188.123
188.171
188.216
188.26
188.303
188.347
188.392
188.44
188.491
188.546
188.606
188.672
188.745
188.826
188.915
189.013
189.122
189.243
189.382
189.54
189.732
189.954
190.234
190.554
190.945
191.373
191.828
192.406
192.573
164.582
164.653
165.232
165.66
166.077
166.448
166.746
166.998
167.191
167.352
167.481
167.593
167.692
167.784
167.869
167.948
168.023
168.092
168.155
168.214
168.268
168.318
168.365
168.41
168.453
168.495
168.538
168.582
168.629
168.678
168.732
168.791
168.855
168.925
169.001
169.084
169.173
169.27
169.374
169.492
169.625
169.788
169.982
170.233
170.53
170.899
171.316
171.742
172.316
172.383
145.139
145.121
145.696
146.099
146.505
146.854
147.131
147.354
147.518
147.65
147.754
147.846
147.929
148.008
148.085
148.158
148.228
148.294
148.356
148.412
148.465
148.514
148.56
148.603
148.645
148.687
148.729
148.772
148.818
148.866
148.918
148.975
149.037
149.104
149.176
149.252
149.333
149.417
149.505
149.601
149.708
149.842
150.007
150.23
150.504
150.852
151.258
151.659
152.229
152.207
125.684
125.588
126.156
126.539
126.935
127.264
127.517
127.711
127.846
127.949
128.028
128.099
128.166
128.233
128.301
128.369
128.434
128.497
128.556
128.611
128.662
128.71
128.754
128.797
128.838
128.879
128.92
128.962
129.006
129.053
129.104
129.159
129.218
129.282
129.35
129.42
129.491
129.563
129.634
129.708
129.79
129.895
130.03
130.224
130.476
130.803
131.199
131.58
132.143
132.045
106.216
106.056
106.615
106.98
107.367
107.676
107.907
108.071
108.177
108.25
108.304
108.353
108.404
108.459
108.518
108.58
108.641
108.701
108.757
108.81
108.86
108.906
108.949
108.99
109.031
109.07
109.11
109.151
109.195
109.24
109.29
109.343
109.4
109.46
109.523
109.587
109.649
109.708
109.762
109.815
109.871
109.946
110.051
110.215
110.444
110.752
111.138
111.502
112.057
111.893
86.7354
86.521
87.069
87.4216
87.8009
88.092
88.2997
88.4346
88.5093
88.5528
88.5801
88.6081
88.6421
88.6852
88.7355
88.7907
88.8476
88.904
88.9581
89.0092
89.057
89.1018
89.1439
89.1842
89.2233
89.2619
89.3009
89.341
89.383
89.4275
89.4752
89.5263
89.5808
89.6381
89.6964
89.7537
89.8066
89.8526
89.8894
89.92
89.9493
89.9939
90.0686
90.2027
90.409
90.6985
91.0771
91.4287
91.9737
91.7564
67.2317
66.9726
67.512
67.8616
68.2384
68.5155
68.7012
68.8053
68.8471
68.858
68.8569
68.8616
68.8779
68.9083
68.9498
68.999
69.0519
69.1054
69.1575
69.2069
69.2534
69.297
69.3383
69.3776
69.4159
69.4537
69.4919
69.5311
69.5721
69.6155
69.6619
69.7115
69.7639
69.8182
69.8723
69.9232
69.9668
69.9994
70.018
70.0246
70.025
70.0365
70.0782
70.1814
70.3658
70.6415
71.0176
71.3665
71.9037
71.6422
47.7062
47.4113
47.9455
48.3037
48.686
48.954
49.1185
49.1898
49.1948
49.1687
49.1354
49.1139
49.1108
49.1274
49.16
49.2034
49.2526
49.3039
49.3543
49.4027
49.4483
49.4912
49.5318
49.5706
49.6083
49.6456
49.6833
49.7219
49.7624
49.8051
49.8507
49.8992
49.95
50.0019
50.0522
50.0969
50.1309
50.1492
50.1475
50.1273
50.0948
50.069
50.0737
50.1439
50.3072
50.574
50.9559
51.3138
51.8469
51.5503
28.2543
27.9642
28.449
28.792
29.1527
29.394
29.5279
29.5649
29.5371
29.4806
29.4218
29.3796
29.3607
29.3654
29.3889
29.4254
29.4692
29.5159
29.5626
29.6077
29.6505
29.6908
29.7291
29.7658
29.8016
29.8369
29.8726
29.9091
29.9473
29.9876
30.0303
30.0756
30.1227
30.17
30.2146
30.2519
30.2763
30.2818
30.2636
30.2218
30.1633
30.1066
30.0783
30.1145
30.2474
30.488
30.8486
31.1919
31.6767
31.3858
9.07181
8.92519
9.18618
9.38322
9.58779
9.72191
9.79324
9.80809
9.7868
9.75016
9.71438
9.68991
9.6806
9.68617
9.70358
9.72916
9.7594
9.79165
9.82414
9.85587
9.88644
9.91576
9.94399
9.97138
9.99826
10.0249
10.0518
10.0791
10.1073
10.1366
10.1672
10.199
10.2317
10.2643
10.2949
10.3208
10.3384
10.3442
10.3349
10.3105
10.2746
10.2377
10.2161
10.2305
10.3015
10.4353
10.6402
10.8375
11.099
10.9522
-0.318449
-0.301253
-0.284028
-0.266766
-0.249491
-0.232238
-0.215009
-0.197805
-0.180624
-0.163462
-0.146316
-0.129182
-0.112058
-0.0949427
-0.0778358
-0.0607364
-0.043644
-0.0265579
-0.00947702
0.00759932
0.024672
0.0417418
0.0588094
0.0758754
0.0929404
0.110005
0.12707
0.144135
0.161201
0.178269
0.19534
0.212414
0.229492
0.246575
0.263664
0.280759
0.297861
0.314971
0.332088
0.349216
0.366355
0.383508
0.40068
0.417875
0.435095
0.45234
0.469607
0.486867
0.50409
0.521286
-0.331093
-0.313914
-0.296671
-0.279415
-0.262148
-0.244903
-0.227679
-0.21048
-0.193303
-0.176145
-0.159001
-0.141869
-0.124746
-0.107633
-0.0905271
-0.0734288
-0.0563373
-0.039252
-0.0221718
-0.00509603
0.0119762
0.0290456
0.0461128
0.0631784
0.0802431
0.0973074
0.114372
0.131437
0.148503
0.16557
0.182641
0.199714
0.216791
0.233874
0.250961
0.268055
0.285156
0.302264
0.31938
0.336506
0.353642
0.370792
0.38796
0.40515
0.422365
0.439603
0.45686
0.474116
0.491356
0.508535
-0.343703
-0.326514
-0.309307
-0.29206
-0.274813
-0.257578
-0.240361
-0.223167
-0.205992
-0.188835
-0.171693
-0.154562
-0.137441
-0.120328
-0.103223
-0.0861254
-0.0690343
-0.0519492
-0.0348692
-0.0177934
-0.000721208
0.0163482
0.0334154
0.050481
0.0675457
0.0846099
0.101674
0.118739
0.135805
0.152873
0.169943
0.187017
0.204094
0.221176
0.238263
0.255357
0.272457
0.289564
0.306679
0.323803
0.340938
0.358087
0.375252
0.392438
0.409646
0.426873
0.444115
0.461357
0.478563
0.495752
-0.356366
-0.339187
-0.321959
-0.304726
-0.287483
-0.270255
-0.253044
-0.235853
-0.218681
-0.201526
-0.184385
-0.167255
-0.150134
-0.133022
-0.115918
-0.0988209
-0.0817303
-0.0646455
-0.0475658
-0.0304902
-0.0134182
0.00365109
0.0207182
0.0377838
0.0548484
0.0719125
0.0889767
0.106042
0.123107
0.140175
0.157245
0.174319
0.191396
0.208477
0.225564
0.242657
0.259756
0.276863
0.293977
0.3111
0.328234
0.345381
0.362544
0.379726
0.396928
0.414149
0.431386
0.448615
0.465841
0.48302
-0.369012
-0.351824
-0.334616
-0.317388
-0.300153
-0.282932
-0.265726
-0.248539
-0.23137
-0.214216
-0.197076
-0.179947
-0.162828
-0.145717
-0.128613
-0.111517
-0.0944265
-0.0773421
-0.0602625
-0.0431872
-0.0261152
-0.00904607
0.00802097
0.0250865
0.042151
0.059215
0.0762792
0.0933439
0.11041
0.127477
0.144548
0.161621
0.178697
0.195779
0.212865
0.229958
0.247056
0.264162
0.281275
0.298397
0.31553
0.332675
0.349835
0.367014
0.384211
0.401425
0.418654
0.435878
0.453084
0.470273
-0.38165
-0.364473
-0.347264
-0.330049
-0.312823
-0.295609
-0.278408
-0.261224
-0.244058
-0.226906
-0.209768
-0.19264
-0.175521
-0.158411
-0.141309
-0.124212
-0.107123
-0.0900385
-0.0729592
-0.055884
-0.0388122
-0.0217432
-0.00467623
0.0123892
0.0294536
0.0465176
0.0635817
0.0806463
0.0977122
0.11478
0.13185
0.148923
0.165999
0.18308
0.200166
0.217258
0.234356
0.251461
0.268573
0.285694
0.302825
0.319969
0.337127
0.354301
0.371494
0.388701
0.405921
0.423132
0.440339
0.457516
-0.394303
-0.377125
-0.359926
-0.342714
-0.325494
-0.308286
-0.29109
-0.27391
-0.256746
-0.239596
-0.222459
-0.205333
-0.188215
-0.171106
-0.154004
-0.136908
-0.119819
-0.102735
-0.0856558
-0.0685809
-0.0515092
-0.0344403
-0.0173734
-0.000308107
0.0167563
0.0338202
0.0508842
0.0679487
0.0850145
0.102082
0.119152
0.136224
0.153301
0.170381
0.187467
0.204558
0.221656
0.23876
0.255871
0.272991
0.290121
0.307262
0.324418
0.341589
0.358776
0.375977
0.393192
0.4104
0.427598
0.444776
-0.406946
-0.389775
-0.372577
-0.355376
-0.338165
-0.320963
-0.303771
-0.286595
-0.269434
-0.252286
-0.23515
-0.218025
-0.200908
-0.1838
-0.166698
-0.149604
-0.132515
-0.115431
-0.0983524
-0.0812776
-0.0642061
-0.0471373
-0.0300706
-0.0130054
0.00405892
0.0211227
0.0381867
0.0552511
0.0723168
0.0893841
0.106454
0.123526
0.140602
0.157683
0.174768
0.191859
0.208955
0.226059
0.243169
0.260288
0.277416
0.294556
0.311709
0.328876
0.346059
0.363254
0.38046
0.397657
0.414853
0.432025
-0.419601
-0.402431
-0.38524
-0.368042
-0.350836
-0.333639
-0.316453
-0.29928
-0.282121
-0.264976
-0.247841
-0.230717
-0.213602
-0.196494
-0.179393
-0.162299
-0.145211
-0.128127
-0.111049
-0.0939744
-0.0769029
-0.0598343
-0.0427677
-0.0257026
-0.00863842
0.00842529
0.0254891
0.0425535
0.059619
0.0766862
0.0937557
0.110828
0.127904
0.144984
0.162069
0.179159
0.196255
0.213357
0.230467
0.247585
0.264711
0.281849
0.298999
0.316164
0.333342
0.350532
0.367732
0.384927
0.402115
0.419286
-0.43225
-0.415084
-0.397896
-0.380707
-0.363508
-0.346316
-0.329134
-0.311965
-0.294809
-0.277665
-0.260532
-0.243409
-0.226295
-0.209188
-0.192088
-0.174994
-0.157906
-0.140824
-0.123745
-0.106671
-0.0895998
-0.0725313
-0.0554648
-0.0383998
-0.0213357
-0.00427214
0.0127916
0.0298558
0.0469213
0.0639883
0.0810577
0.0981298
0.115205
0.132285
0.14937
0.166459
0.183554
0.200656
0.217765
0.234881
0.252006
0.269142
0.28629
0.303451
0.320625
0.337809
0.355003
0.372188
0.389375
0.406541
-0.444904
-0.427741
-0.410557
-0.393373
-0.37618
-0.358994
-0.341816
-0.32465
-0.307496
-0.290354
-0.273223
-0.256101
-0.238988
-0.221882
-0.204783
-0.18769
-0.170602
-0.15352
-0.136442
-0.119368
-0.102297
-0.0852282
-0.0681619
-0.051097
-0.0340331
-0.0169696
9.40462e-05
0.0171582
0.0342235
0.0512903
0.0683596
0.0854315
0.102507
0.119586
0.13667
0.153759
0.170854
0.187955
0.205062
0.222177
0.239301
0.256435
0.273581
0.290738
0.307908
0.325087
0.342275
0.359456
0.376638
0.393801
-0.457557
-0.440397
-0.423219
-0.406039
-0.388852
-0.371671
-0.354497
-0.337334
-0.320183
-0.303044
-0.285914
-0.268793
-0.251681
-0.234576
-0.217477
-0.200385
-0.183298
-0.166216
-0.149138
-0.132064
-0.114993
-0.0979252
-0.0808589
-0.0637942
-0.0467304
-0.029667
-0.0126035
0.0044605
0.0215257
0.0385923
0.0556615
0.0727331
0.0898082
0.106887
0.123971
0.141059
0.158153
0.175253
0.19236
0.209474
0.226596
0.243728
0.260871
0.278026
0.295191
0.312366
0.329548
0.346724
0.363901
0.381061
-0.470212
-0.453055
-0.435881
-0.418707
-0.401525
-0.384348
-0.367178
-0.350019
-0.33287
-0.315732
-0.298604
-0.281485
-0.264374
-0.247269
-0.230172
-0.21308
-0.195993
-0.178912
-0.161834
-0.144761
-0.12769
-0.110622
-0.093556
-0.0764914
-0.0594277
-0.0423644
-0.0253011
-0.0082372
0.00882782
0.0258943
0.0429633
0.0600347
0.0771095
0.094188
0.111271
0.128359
0.145452
0.162551
0.179657
0.19677
0.213891
0.231021
0.248161
0.265313
0.282475
0.299645
0.316821
0.333992
0.351165
0.368322
-0.482867
-0.465714
-0.448545
-0.431374
-0.414198
-0.397025
-0.37986
-0.362703
-0.345557
-0.328421
-0.311295
-0.294177
-0.277066
-0.259963
-0.242866
-0.225775
-0.208689
-0.191607
-0.17453
-0.157457
-0.140387
-0.123319
-0.106253
-0.0891886
-0.072125
-0.0550619
-0.0379986
-0.0209349
-0.00387005
0.0131963
0.0302651
0.0473362
0.0644107
0.0814888
0.0985714
0.115659
0.132751
0.149849
0.166954
0.184066
0.201185
0.218314
0.235452
0.2526
0.269758
0.286924
0.304095
0.321262
0.33843
0.355584
-0.495524
-0.478374
-0.461209
-0.444043
-0.426871
-0.409703
-0.392541
-0.375387
-0.358244
-0.34111
-0.323985
-0.306868
-0.289759
-0.272656
-0.25556
-0.238469
-0.221384
-0.204303
-0.187226
-0.170153
-0.153083
-0.136016
-0.11895
-0.101886
-0.0848223
-0.0677593
-0.0506962
-0.0336327
-0.0165679
0.000498215
0.0175667
0.0346376
0.0517118
0.0687895
0.0858716
0.102958
0.12005
0.137148
0.154251
0.171362
0.18848
0.205606
0.222742
0.239887
0.257042
0.274204
0.29137
0.308533
0.325697
0.342847
-0.508181
-0.491034
-0.473874
-0.456711
-0.439544
-0.42238
-0.405222
-0.388072
-0.37093
-0.353798
-0.336675
-0.319559
-0.302451
-0.28535
-0.268254
-0.251164
-0.234079
-0.216999
-0.199922
-0.18285
-0.16578
-0.148712
-0.131647
-0.114583
-0.0975195
-0.0804567
-0.0633938
-0.0463304
-0.0292659
-0.0121999
0.00486834
0.0219389
0.0390128
0.0560901
0.0731717
0.0902578
0.107349
0.124445
0.141548
0.158657
0.175774
0.192899
0.210032
0.227175
0.244326
0.261483
0.278645
0.295804
0.312964
0.330111
-0.520839
-0.503696
-0.486539
-0.469381
-0.452218
-0.435058
-0.417903
-0.400756
-0.383617
-0.366487
-0.349365
-0.332251
-0.315143
-0.298043
-0.280948
-0.263859
-0.246774
-0.229694
-0.212618
-0.195546
-0.178476
-0.161409
-0.144344
-0.12728
-0.110217
-0.0931542
-0.0760914
-0.0590282
-0.0419638
-0.0248981
-0.0078301
0.0092402
0.0263137
0.0433906
0.0604717
0.0775571
0.0946476
0.111743
0.128845
0.145953
0.163068
0.180191
0.197322
0.214462
0.23161
0.248764
0.265921
0.283077
0.300232
0.317376
-0.533498
-0.516358
-0.499205
-0.48205
-0.464892
-0.447735
-0.430584
-0.413439
-0.396303
-0.379175
-0.362054
-0.344941
-0.327835
-0.310736
-0.293642
-0.276553
-0.259469
-0.24239
-0.225314
-0.208242
-0.191173
-0.174106
-0.157041
-0.139977
-0.122914
-0.105852
-0.088789
-0.071726
-0.0546618
-0.0375963
-0.0205286
-0.00345861
0.0136145
0.030691
0.0477716
0.0648564
0.0819461
0.0990409
0.116142
0.133248
0.150362
0.167483
0.184612
0.201749
0.218894
0.236044
0.253198
0.270349
0.2875
0.304642
-0.546158
-0.52902
-0.511872
-0.49472
-0.477566
-0.460413
-0.443265
-0.426123
-0.408989
-0.391863
-0.374744
-0.357632
-0.340527
-0.323428
-0.306335
-0.289247
-0.272164
-0.255085
-0.23801
-0.220938
-0.203869
-0.186802
-0.169737
-0.152674
-0.135611
-0.118549
-0.101487
-0.0844239
-0.0673599
-0.0502946
-0.0332272
-0.0161575
0.000915268
0.0179913
0.0350713
0.0521555
0.0692444
0.0863384
0.103438
0.120543
0.137656
0.154775
0.171902
0.189036
0.206178
0.223325
0.240474
0.257623
0.27477
0.291908
-0.558819
-0.541683
-0.524539
-0.507391
-0.49024
-0.473091
-0.455946
-0.438807
-0.421675
-0.40455
-0.387433
-0.370323
-0.353219
-0.336121
-0.319029
-0.301941
-0.284859
-0.26778
-0.250705
-0.233634
-0.216565
-0.199499
-0.182434
-0.165371
-0.148309
-0.131247
-0.114184
-0.0971217
-0.080058
-0.062993
-0.0459258
-0.0288565
-0.0117841
0.00529143
0.0223709
0.0394544
0.0565426
0.0736357
0.0907343
0.107839
0.124949
0.142067
0.159192
0.176324
0.193462
0.210606
0.227752
0.244897
0.26204
0.279176
-0.57148
-0.554347
-0.537206
-0.520061
-0.502914
-0.485769
-0.468626
-0.45149
-0.43436
-0.417238
-0.400122
-0.383013
-0.36591
-0.348814
-0.331722
-0.314635
-0.297553
-0.280475
-0.263401
-0.24633
-0.229262
-0.212196
-0.195131
-0.178068
-0.161006
-0.143944
-0.126882
-0.10982
-0.0927562
-0.0756914
-0.0586246
-0.0415556
-0.0244836
-0.00740854
0.00967038
0.0267532
0.0438407
0.0609328
0.0780304
0.0951335
0.112243
0.129359
0.146481
0.163611
0.180746
0.197887
0.215029
0.232171
0.249311
0.266444
-0.584142
-0.567012
-0.549874
-0.532733
-0.515589
-0.498446
-0.481307
-0.464173
-0.447046
-0.429925
-0.412811
-0.395703
-0.378602
-0.361506
-0.344415
-0.327329
-0.310248
-0.29317
-0.276096
-0.259026
-0.241958
-0.224892
-0.207828
-0.190765
-0.173703
-0.156641
-0.13958
-0.122518
-0.105454
-0.0883899
-0.0713234
-0.0542548
-0.0371832
-0.0201087
-0.0030303
0.0140519
0.0311385
0.0482298
0.0653263
0.0824282
0.0995361
0.11665
0.133771
0.150898
0.168031
0.185168
0.202307
0.219446
0.236582
0.253713
-0.596804
-0.579677
-0.562542
-0.545404
-0.528263
-0.511124
-0.493988
-0.476857
-0.459731
-0.442612
-0.4255
-0.408393
-0.391293
-0.374198
-0.357108
-0.340023
-0.322942
-0.305865
-0.288792
-0.271722
-0.254654
-0.237588
-0.220524
-0.203462
-0.1864
-0.169339
-0.152277
-0.135216
-0.118153
-0.101088
-0.0840223
-0.0669541
-0.049883
-0.0328089
-0.0157311
0.00135035
0.0184362
0.0355266
0.052622
0.0697227
0.0868292
0.103942
0.12106
0.138185
0.155315
0.172449
0.189586
0.206721
0.223854
0.240982
-0.609467
-0.592342
-0.575211
-0.558075
-0.540938
-0.523802
-0.506668
-0.48954
-0.472416
-0.455299
-0.438188
-0.421083
-0.403984
-0.38689
-0.369801
-0.352716
-0.335636
-0.31856
-0.301487
-0.284417
-0.26735
-0.250285
-0.233221
-0.216159
-0.199097
-0.182036
-0.164975
-0.147914
-0.130851
-0.113787
-0.0967213
-0.0796535
-0.0625828
-0.0455093
-0.0284321
-0.0113513
0.00573374
0.0228232
0.0399176
0.0570171
0.0741222
0.091233
0.10835
0.125472
0.1426
0.159731
0.176864
0.193997
0.211127
0.228252
-0.622131
-0.605008
-0.58788
-0.570747
-0.553613
-0.53648
-0.519349
-0.502223
-0.485101
-0.467986
-0.450877
-0.433773
-0.416675
-0.399582
-0.382493
-0.36541
-0.34833
-0.331255
-0.314182
-0.297113
-0.280046
-0.262981
-0.245918
-0.228856
-0.211795
-0.194734
-0.177673
-0.160612
-0.143549
-0.126486
-0.10942
-0.0923529
-0.0752828
-0.0582098
-0.0411333
-0.0240532
-0.00696891
0.0101197
0.027213
0.0443113
0.061415
0.0785243
0.0956392
0.112759
0.129885
0.147013
0.164143
0.181273
0.1984
0.215522
-0.675952
-0.658839
-0.641724
-0.624603
-0.607481
-0.59036
-0.573241
-0.556124
-0.539012
-0.521904
-0.504801
-0.487703
-0.47061
-0.453521
-0.436436
-0.419356
-0.402279
-0.385206
-0.368136
-0.351068
-0.334003
-0.31694
-0.299878
-0.282818
-0.265758
-0.248698
-0.231638
-0.214578
-0.197518
-0.180456
-0.163392
-0.146326
-0.129258
-0.112188
-0.0951138
-0.0780367
-0.0609559
-0.0438712
-0.0267824
-0.00968913
0.0074087
0.0245112
0.0416182
0.0587294
0.075844
0.0929612
0.110079
0.127198
0.144312
0.161424
-0.770946
-0.753849
-0.73675
-0.719648
-0.702544
-0.68544
-0.668338
-0.651237
-0.634138
-0.617043
-0.599951
-0.582863
-0.565779
-0.548698
-0.531621
-0.514547
-0.497476
-0.480408
-0.463342
-0.446279
-0.429218
-0.412158
-0.3951
-0.378043
-0.360986
-0.343929
-0.326873
-0.309816
-0.292758
-0.2757
-0.25864
-0.241578
-0.224515
-0.207449
-0.190381
-0.17331
-0.156236
-0.139158
-0.122078
-0.104994
-0.0879065
-0.0708157
-0.0537216
-0.0366247
-0.0195254
-0.00242484
0.0146762
0.0317771
0.048875
0.0659712
-0.865951
-0.848868
-0.831784
-0.814696
-0.797608
-0.780519
-0.763431
-0.746343
-0.729258
-0.712175
-0.695094
-0.678016
-0.660941
-0.643868
-0.626798
-0.609731
-0.592667
-0.575604
-0.558544
-0.541486
-0.524429
-0.507374
-0.49032
-0.473266
-0.456213
-0.439161
-0.422108
-0.405055
-0.388002
-0.370947
-0.353892
-0.336835
-0.319777
-0.302716
-0.285654
-0.268589
-0.251522
-0.234453
-0.217381
-0.200306
-0.183229
-0.166149
-0.149067
-0.131983
-0.114897
-0.0978107
-0.0807243
-0.0636381
-0.0465544
-0.0294717
-0.960965
-0.943895
-0.926823
-0.909748
-0.892673
-0.875598
-0.858522
-0.841447
-0.824374
-0.807302
-0.790231
-0.773163
-0.756097
-0.739033
-0.72197
-0.70491
-0.687852
-0.670796
-0.653742
-0.636689
-0.619637
-0.602587
-0.585537
-0.568489
-0.55144
-0.534392
-0.517344
-0.500295
-0.483247
-0.466197
-0.449146
-0.432095
-0.415042
-0.397988
-0.380932
-0.363874
-0.346814
-0.329752
-0.312689
-0.295623
-0.278555
-0.261486
-0.244415
-0.227343
-0.210269
-0.193195
-0.176122
-0.159048
-0.141977
-0.124906
-1.05599
-1.03893
-1.02187
-1.0048
-0.98774
-0.970677
-0.953613
-0.936549
-0.919486
-0.902425
-0.885364
-0.868305
-0.851248
-0.834192
-0.817138
-0.800085
-0.783034
-0.765985
-0.748936
-0.731889
-0.714843
-0.697798
-0.680754
-0.66371
-0.646667
-0.629623
-0.61258
-0.595537
-0.578493
-0.561449
-0.544403
-0.527357
-0.51031
-0.493262
-0.476213
-0.459162
-0.44211
-0.425056
-0.408
-0.390944
-0.373885
-0.356826
-0.339765
-0.322703
-0.305641
-0.288579
-0.271516
-0.254454
-0.237394
-0.220334
-1.15102
-1.13397
-1.11691
-1.09986
-1.08281
-1.06576
-1.0487
-1.03165
-1.0146
-0.997546
-0.980495
-0.963445
-0.946396
-0.929349
-0.912302
-0.895257
-0.878213
-0.86117
-0.844128
-0.827087
-0.810047
-0.793008
-0.775969
-0.758931
-0.741893
-0.724855
-0.707817
-0.690779
-0.67374
-0.656701
-0.639662
-0.622622
-0.605581
-0.58854
-0.571497
-0.554453
-0.537408
-0.520362
-0.503315
-0.486267
-0.469217
-0.452167
-0.435116
-0.418065
-0.401013
-0.38396
-0.366908
-0.349857
-0.332806
-0.315756
-1.24605
-1.22901
-1.21197
-1.19492
-1.17788
-1.16084
-1.14379
-1.12675
-1.10971
-1.09267
-1.07562
-1.05858
-1.04154
-1.0245
-1.00746
-0.990426
-0.973389
-0.956353
-0.939318
-0.922284
-0.90525
-0.888216
-0.871183
-0.854151
-0.837118
-0.820086
-0.803054
-0.786021
-0.768988
-0.751956
-0.734922
-0.717888
-0.700854
-0.683819
-0.666783
-0.649746
-0.632709
-0.615671
-0.598631
-0.581592
-0.564551
-0.54751
-0.530468
-0.513426
-0.496384
-0.479341
-0.462299
-0.445257
-0.428215
-0.411175
-1.34108
-1.32405
-1.30702
-1.28999
-1.27295
-1.25592
-1.23888
-1.22185
-1.20482
-1.18778
-1.17075
-1.15372
-1.13669
-1.11965
-1.10262
-1.08559
-1.06856
-1.05154
-1.03451
-1.01748
-1.00045
-0.983424
-0.966397
-0.94937
-0.932344
-0.915317
-0.898291
-0.881264
-0.864237
-0.84721
-0.830183
-0.813156
-0.796128
-0.779099
-0.76207
-0.745041
-0.728011
-0.71098
-0.693949
-0.676918
-0.659886
-0.642853
-0.62582
-0.608787
-0.591754
-0.574721
-0.557688
-0.540655
-0.523622
-0.50659
-1.43612
-1.4191
-1.40207
-1.38505
-1.36802
-1.351
-1.33397
-1.31695
-1.29993
-1.2829
-1.26588
-1.24885
-1.23183
-1.21481
-1.19778
-1.18076
-1.16374
-1.14672
-1.12969
-1.11267
-1.09565
-1.07863
-1.06161
-1.04459
-1.02757
-1.01055
-0.993528
-0.976507
-0.959487
-0.942466
-0.925445
-0.908424
-0.891402
-0.874381
-0.857359
-0.840337
-0.823314
-0.806291
-0.789268
-0.772245
-0.755221
-0.738197
-0.721173
-0.704148
-0.687124
-0.6701
-0.653075
-0.636051
-0.619027
-0.602004
-1.53116
-1.51414
-1.49713
-1.48011
-1.4631
-1.44608
-1.42907
-1.41205
-1.39503
-1.37802
-1.361
-1.34399
-1.32697
-1.30996
-1.29294
-1.27593
-1.25891
-1.2419
-1.22488
-1.20787
-1.19085
-1.17384
-1.15682
-1.13981
-1.12279
-1.10578
-1.08876
-1.07175
-1.05474
-1.03772
-1.02071
-1.00369
-0.986678
-0.969663
-0.952648
-0.935633
-0.918618
-0.901603
-0.884587
-0.867572
-0.850556
-0.833541
-0.816525
-0.79951
-0.782494
-0.765478
-0.748463
-0.731447
-0.714432
-0.697416
)
;

boundaryField
{
    inlet_water
    {
        type            calculated;
        value           nonuniform List<scalar> 
25
(
473.695
454.409
435.366
416.303
397.021
377.674
358.363
339.018
319.65
300.264
280.856
261.427
241.98
222.516
203.038
183.548
164.047
144.537
125.019
105.496
85.9659
66.4222
46.8644
27.3839
8.38087
)
;
    }
    inlet_air
    {
        type            calculated;
        value           nonuniform List<scalar> 
35
(
-0.606859
-0.339676
-0.352289
-0.364946
-0.377596
-0.390228
-0.402881
-0.415521
-0.428176
-0.440822
-0.453474
-0.466126
-0.478779
-0.491433
-0.504088
-0.516744
-0.529401
-0.542059
-0.554718
-0.567377
-0.580037
-0.592698
-0.605359
-0.618021
-0.630684
-0.684501
-0.779488
-0.874487
-0.969497
-1.06451
-1.15954
-1.25457
-1.3496
-1.44463
-1.53967
)
;
    }
    outlet_water
    {
        type            calculated;
        value           nonuniform List<scalar> 
25
(
497.171
476.839
456.264
435.707
415.37
395.098
374.792
354.518
334.268
314.036
293.825
273.634
253.462
233.307
213.165
193.037
172.919
152.81
132.709
112.614
92.5263
72.4523
52.3928
32.2568
11.6436
)
;
    }
    outlet_air
    {
        type            calculated;
        value           nonuniform List<scalar> 
35
(
0.809838
0.517118
0.504338
0.491601
0.478857
0.466095
0.453354
0.4406
0.427861
0.415113
0.402372
0.38963
0.376889
0.36415
0.351412
0.338674
0.325938
0.313203
0.300468
0.287734
0.275001
0.262269
0.249537
0.236806
0.224076
0.169973
0.0745134
-0.0209354
-0.116375
-0.211807
-0.307234
-0.402656
-0.498075
-0.593493
-0.688909
)
;
    }
    lowerWall
    {
        type            calculated;
        value           nonuniform List<scalar> 
50
(
484.424
486.898
487.97
489.293
490.217
491.186
491.939
492.633
493.171
493.619
493.954
494.214
494.405
494.553
494.667
494.761
494.842
494.914
494.979
495.039
495.094
495.145
495.193
495.239
495.283
495.326
495.37
495.415
495.462
495.511
495.564
495.621
495.684
495.756
495.839
495.941
496.067
496.23
496.439
496.717
497.067
497.525
498.067
498.76
499.506
500.468
501.383
502.699
503.77
506.248
)
;
    }
    atmosphere
    {
        type            calculated;
        value           nonuniform List<scalar> 
50
(
-1.57868
-1.56167
-1.54466
-1.52764
-1.51063
-1.49362
-1.47661
-1.4596
-1.44259
-1.42558
-1.40857
-1.39155
-1.37454
-1.35753
-1.34052
-1.32351
-1.3065
-1.28949
-1.27247
-1.25546
-1.23845
-1.22144
-1.20443
-1.18742
-1.17041
-1.15339
-1.13638
-1.11937
-1.10236
-1.08535
-1.06834
-1.05133
-1.03432
-1.0173
-1.00029
-0.983281
-0.96627
-0.949259
-0.932247
-0.915236
-0.898224
-0.881213
-0.864202
-0.84719
-0.830179
-0.813168
-0.796156
-0.779145
-0.762133
-0.745122
)
;
    }
    defaultFaces
    {
        type            empty;
    }
}


// ************************************************************************* //
