/*--------------------------------*- C++ -*----------------------------------*\
  =========                 |
  \\      /  F ield         | OpenFOAM: The Open Source CFD Toolbox
   \\    /   O peration     | Website:  https://openfoam.org
    \\  /    A nd           | Version:  8
     \\/     M anipulation  |
\*---------------------------------------------------------------------------*/
FoamFile
{
    version     2.0;
    format      ascii;
    class       volScalarField;
    location    "197";
    object      p_rgh;
}
// * * * * * * * * * * * * * * * * * * * * * * * * * * * * * * * * * * * * * //

dimensions      [1 -1 -2 0 0 0 0];

internalField   nonuniform List<scalar> 
3000
(
471.155
447.091
421.626
396.411
370.798
345.229
319.444
293.6
267.6
241.511
215.307
189.03
162.683
136.293
109.87
83.4266
56.9694
30.5035
4.03091
-22.4471
-48.9295
-75.416
-101.906
-128.398
-154.891
-181.386
-207.88
-234.373
-260.864
-287.352
-313.837
-340.318
-366.792
-393.258
-419.712
-446.149
-472.56
-498.935
-525.264
-551.524
-577.711
-603.791
-629.786
-655.632
-681.423
-706.999
-732.621
-757.843
-783.31
-807.37
471.396
447.264
421.706
396.441
370.77
345.167
319.358
293.506
267.508
241.429
215.238
188.975
162.64
136.261
109.846
83.4096
56.9571
30.4946
4.02448
-22.4517
-48.9328
-75.4183
-101.907
-128.399
-154.892
-181.385
-207.879
-234.371
-260.861
-287.349
-313.833
-340.312
-366.784
-393.247
-419.696
-446.126
-472.529
-498.893
-525.208
-551.455
-577.629
-603.698
-629.692
-655.544
-681.36
-706.97
-732.65
-757.922
-783.483
-807.612
471.694
447.479
421.829
396.497
370.761
345.112
319.271
293.406
267.408
241.338
215.162
188.913
162.593
136.226
109.82
83.3908
56.9433
30.4845
4.01687
-22.4574
-48.9371
-75.4214
-101.909
-128.4
-154.892
-181.385
-207.878
-234.369
-260.858
-287.345
-313.827
-340.304
-366.774
-393.233
-419.677
-446.1
-472.494
-498.846
-525.147
-551.378
-577.538
-603.598
-629.591
-655.457
-681.304
-706.961
-732.705
-758.044
-783.698
-807.912
472.045
447.755
422.018
396.587
370.77
345.049
319.165
293.279
267.28
241.221
215.064
188.835
162.534
136.182
109.787
83.3661
56.9247
30.4701
4.00559
-22.4663
-48.944
-75.4267
-101.913
-128.402
-154.893
-181.384
-207.875
-234.365
-260.853
-287.338
-313.818
-340.293
-366.759
-393.214
-419.653
-446.067
-472.449
-498.786
-525.07
-551.28
-577.422
-603.47
-629.464
-655.351
-681.241
-706.969
-732.795
-758.233
-783.975
-808.265
472.5
448.094
422.285
396.727
370.818
345.006
319.07
293.153
267.149
241.1
214.961
188.752
162.469
136.132
109.75
83.3373
56.902
30.452
3.99092
-22.4782
-48.9535
-75.4339
-101.918
-128.405
-154.894
-181.383
-207.872
-234.36
-260.846
-287.328
-313.806
-340.278
-366.741
-393.191
-419.623
-446.029
-472.4
-498.722
-524.988
-551.179
-577.303
-603.342
-629.341
-655.259
-681.201
-707.019
-732.936
-758.501
-784.316
-808.723
473.051
448.444
422.59
396.93
370.955
345.07
319.085
293.131
267.109
241.051
214.912
188.708
162.432
136.102
109.725
83.3178
56.8866
30.4396
3.98098
-22.4861
-48.9597
-75.4386
-101.921
-128.407
-154.894
-181.383
-207.87
-234.357
-260.841
-287.321
-313.797
-340.267
-366.727
-393.174
-419.602
-446.004
-472.369
-498.686
-524.945
-551.134
-577.258
-603.307
-629.324
-655.279
-681.269
-707.16
-733.141
-758.807
-784.668
-809.275
473.613
448.762
422.883
397.167
371.167
345.242
319.224
293.233
267.181
241.096
214.938
188.72
162.436
136.101
109.723
83.3153
56.8845
30.4381
3.98009
-22.4866
-48.9599
-75.4387
-101.921
-128.407
-154.894
-181.382
-207.87
-234.356
-260.84
-287.321
-313.796
-340.265
-366.724
-393.17
-419.598
-446
-472.368
-498.69
-524.959
-551.163
-577.308
-603.384
-629.432
-655.423
-681.445
-707.376
-733.381
-759.102
-784.987
-809.839
474.145
449.052
423.159
397.404
371.398
345.452
319.413
293.39
267.306
241.189
215.003
188.764
162.464
136.119
109.735
83.3235
56.8906
30.443
3.98419
-22.4831
-48.9571
-75.4364
-101.92
-128.406
-154.894
-181.383
-207.871
-234.358
-260.842
-287.323
-313.799
-340.268
-366.728
-393.175
-419.605
-446.011
-472.386
-498.719
-525.005
-551.231
-577.405
-603.514
-629.595
-655.618
-681.66
-707.611
-733.621
-759.38
-785.278
-810.373
474.659
449.348
423.441
397.643
371.629
345.661
319.601
293.548
267.432
241.284
215.072
188.811
162.496
136.14
109.749
83.3335
56.8981
30.4489
3.98891
-22.4793
-48.954
-75.434
-101.918
-128.405
-154.893
-181.383
-207.872
-234.359
-260.844
-287.325
-313.801
-340.271
-366.732
-393.181
-419.614
-446.024
-472.406
-498.751
-525.054
-551.303
-577.504
-603.646
-629.758
-655.811
-681.874
-707.846
-733.864
-759.665
-785.576
-810.89
475.158
449.65
423.731
397.886
371.86
345.866
319.784
293.701
267.556
241.377
215.14
188.859
162.528
136.162
109.764
83.344
56.9059
30.4549
3.99376
-22.4754
-48.9509
-75.4316
-101.916
-128.404
-154.893
-181.383
-207.872
-234.36
-260.846
-287.328
-313.805
-340.275
-366.737
-393.187
-419.623
-446.038
-472.428
-498.784
-525.103
-551.374
-577.602
-603.774
-629.916
-655.999
-682.084
-708.081
-734.11
-759.957
-785.881
-811.391
475.638
449.952
424.022
398.132
372.091
346.071
319.967
293.854
267.679
241.472
215.21
188.908
162.562
136.185
109.78
83.3555
56.9145
30.4616
3.99903
-22.4711
-48.9476
-75.429
-101.914
-128.403
-154.892
-181.383
-207.873
-234.362
-260.848
-287.33
-313.808
-340.279
-366.742
-393.194
-419.633
-446.053
-472.45
-498.818
-525.153
-551.446
-577.7
-603.901
-630.073
-656.187
-682.293
-708.316
-734.359
-760.251
-786.185
-811.874
476.099
450.25
424.312
398.378
372.323
346.277
320.15
294.007
267.804
241.568
215.282
188.959
162.599
136.21
109.798
83.3683
56.924
30.4689
4.00481
-22.4666
-48.944
-75.4263
-101.912
-128.401
-154.892
-181.383
-207.874
-234.363
-260.85
-287.333
-313.812
-340.284
-366.748
-393.203
-419.644
-446.069
-472.475
-498.855
-525.206
-551.52
-577.799
-604.03
-630.231
-656.374
-682.503
-708.551
-734.608
-760.544
-786.486
-812.338
476.541
450.544
424.601
398.625
372.555
346.484
320.334
294.163
267.931
241.667
215.355
189.012
162.637
136.237
109.817
83.3821
56.9344
30.4769
4.01109
-22.4616
-48.9401
-75.4234
-101.91
-128.4
-154.891
-181.383
-207.875
-234.365
-260.852
-287.336
-313.816
-340.289
-366.755
-393.212
-419.657
-446.088
-472.501
-498.893
-525.261
-551.596
-577.901
-604.161
-630.391
-656.562
-682.713
-708.787
-734.858
-760.835
-786.783
-812.783
476.966
450.833
424.886
398.871
372.788
346.691
320.52
294.319
268.059
241.767
215.431
189.068
162.676
136.266
109.838
83.397
56.9456
30.4855
4.01783
-22.4563
-48.936
-75.4203
-101.908
-128.399
-154.891
-181.383
-207.876
-234.367
-260.855
-287.34
-313.82
-340.295
-366.763
-393.222
-419.671
-446.107
-472.529
-498.933
-525.317
-551.674
-578.003
-604.292
-630.551
-656.751
-682.924
-709.023
-735.107
-761.123
-787.076
-813.212
477.374
451.119
425.167
399.118
373.021
346.9
320.706
294.477
268.189
241.868
215.508
189.125
162.718
136.295
109.859
83.4128
56.9575
30.4947
4.02501
-22.4507
-48.9316
-75.417
-101.906
-128.397
-154.89
-181.384
-207.877
-234.368
-260.858
-287.344
-313.825
-340.301
-366.771
-393.232
-419.685
-446.128
-472.559
-498.975
-525.375
-551.753
-578.108
-604.425
-630.712
-656.941
-683.137
-709.26
-735.357
-761.408
-787.364
-813.623
477.768
451.4
425.446
399.364
373.255
347.111
320.894
294.637
268.321
241.971
215.587
189.183
162.76
136.326
109.881
83.4294
56.9701
30.5044
4.03257
-22.4448
-48.9271
-75.4136
-101.903
-128.396
-154.889
-181.384
-207.878
-234.37
-260.861
-287.347
-313.83
-340.308
-366.779
-393.244
-419.701
-446.15
-472.589
-499.018
-525.434
-551.833
-578.213
-604.559
-630.874
-657.132
-683.35
-709.497
-735.606
-761.689
-787.649
-814.019
478.146
451.679
425.721
399.611
373.49
347.323
321.084
294.798
268.454
242.076
215.667
189.242
162.804
136.358
109.905
83.4467
56.9832
30.5145
4.0405
-22.4386
-48.9223
-75.41
-101.901
-128.394
-154.889
-181.384
-207.879
-234.372
-260.864
-287.352
-313.836
-340.315
-366.789
-393.256
-419.718
-446.172
-472.621
-499.062
-525.495
-551.915
-578.32
-604.695
-631.039
-657.325
-683.566
-709.735
-735.856
-761.967
-787.93
-814.401
478.512
451.956
425.992
399.858
373.727
347.538
321.276
294.962
268.588
242.182
215.749
189.303
162.848
136.39
109.929
83.4646
56.9968
30.5251
4.04875
-22.4321
-48.9173
-75.4062
-101.898
-128.392
-154.888
-181.384
-207.88
-234.374
-260.867
-287.356
-313.841
-340.322
-366.798
-393.269
-419.735
-446.196
-472.653
-499.107
-525.557
-551.999
-578.429
-604.833
-631.205
-657.521
-683.784
-709.974
-736.106
-762.242
-788.21
-814.769
478.864
452.231
426.261
400.106
373.965
347.756
321.471
295.127
268.725
242.29
215.831
189.364
162.893
136.423
109.953
83.483
57.011
30.5361
4.05736
-22.4254
-48.9121
-75.4024
-101.895
-128.391
-154.887
-181.384
-207.881
-234.377
-260.87
-287.361
-313.847
-340.33
-366.809
-393.282
-419.753
-446.22
-472.687
-499.153
-525.62
-552.083
-578.539
-604.972
-631.374
-657.718
-684.004
-710.215
-736.357
-762.513
-788.487
-815.124
479.205
452.506
426.528
400.355
374.204
347.976
321.669
295.296
268.863
242.399
215.915
189.427
162.94
136.457
109.978
83.5021
57.0257
30.5475
4.06638
-22.4183
-48.9066
-75.3983
-101.893
-128.389
-154.887
-181.385
-207.882
-234.379
-260.874
-287.365
-313.854
-340.339
-366.819
-393.297
-419.771
-446.245
-472.721
-499.2
-525.684
-552.168
-578.65
-605.113
-631.545
-657.919
-684.227
-710.458
-736.609
-762.783
-788.765
-815.467
479.532
452.78
426.79
400.605
374.446
348.2
321.87
295.467
269.004
242.51
215.999
189.49
162.986
136.491
110.004
83.5212
57.0404
30.559
4.07544
-22.4112
-48.9011
-75.3941
-101.89
-128.387
-154.886
-181.385
-207.884
-234.381
-260.877
-287.37
-313.86
-340.347
-366.83
-393.311
-419.79
-446.27
-472.755
-499.247
-525.748
-552.255
-578.763
-605.257
-631.72
-658.123
-684.455
-710.703
-736.862
-763.048
-789.041
-815.796
479.836
453.039
427.041
400.853
374.692
348.431
322.079
295.646
269.15
242.623
216.084
189.551
163.03
136.522
110.026
83.5376
57.0527
30.5685
4.08284
-22.4054
-48.8967
-75.3908
-101.887
-128.386
-154.885
-181.385
-207.885
-234.383
-260.88
-287.374
-313.865
-340.354
-366.839
-393.322
-419.806
-446.293
-472.787
-499.292
-525.811
-552.342
-578.88
-605.406
-631.902
-658.337
-684.69
-710.952
-737.114
-763.302
-789.303
-816.102
480.119
453.286
427.283
401.103
374.948
348.678
322.305
295.838
269.306
242.742
216.171
189.611
163.071
136.55
110.044
83.55
57.0615
30.575
4.08778
-22.4016
-48.8937
-75.3886
-101.886
-128.385
-154.885
-181.385
-207.885
-234.384
-260.882
-287.377
-313.869
-340.358
-366.845
-393.331
-419.818
-446.311
-472.815
-499.334
-525.874
-552.432
-579.002
-605.565
-632.098
-658.566
-684.94
-711.211
-737.367
-763.547
-789.552
-816.386
480.475
453.647
427.594
401.4
375.222
348.926
322.522
296.021
269.456
242.862
216.265
189.685
163.129
136.596
110.081
83.5801
57.0862
30.5952
4.10414
-22.3885
-48.8835
-75.3809
-101.88
-128.381
-154.883
-181.386
-207.888
-234.389
-260.889
-287.386
-313.881
-340.373
-366.864
-393.354
-419.848
-446.348
-472.861
-499.394
-525.95
-552.529
-579.125
-605.72
-632.286
-658.787
-685.192
-711.489
-737.666
-763.861
-789.914
-816.742
481.101
454.416
428.139
401.799
375.466
349.062
322.596
296.073
269.514
242.939
216.366
189.804
163.257
136.724
110.204
83.6919
57.1844
30.6789
4.1737
-22.3323
-48.8395
-75.3479
-101.857
-128.368
-154.879
-181.39
-207.901
-234.411
-260.92
-287.429
-313.936
-340.442
-366.947
-393.452
-419.959
-446.471
-472.991
-499.523
-526.07
-552.632
-579.206
-605.781
-632.34
-658.863
-685.33
-711.734
-738.067
-764.407
-790.683
-817.368
-0.00316903
-0.00298435
-0.00277103
-0.0025203
-0.00225604
-0.00201479
-0.00179687
-0.00160419
-0.00143467
-0.00128434
-0.00114937
-0.00102663
-0.000914043
-0.000810435
-0.000714961
-0.00062694
-0.000545884
-0.000471103
-0.00040162
-0.000336643
-0.000275283
-0.000216875
-0.000160652
-0.000106043
-5.24042e-05
7.46133e-07
5.39979e-05
0.000107828
0.000162872
0.000219697
0.000279062
0.000341629
0.000408292
0.000479822
0.000557206
0.000640939
0.000731682
0.000829946
0.000936489
0.00105245
0.00117985
0.00132186
0.00148245
0.00166595
0.00187501
0.00210812
0.00236363
0.00261289
0.00282416
0.00300867
-0.00311556
-0.00294766
-0.00271636
-0.00247173
-0.00221634
-0.00198216
-0.00177019
-0.00158237
-0.00141668
-0.0012695
-0.00113692
-0.00101608
-0.000905117
-0.000802924
-0.000708709
-0.000621799
-0.000541699
-0.000467726
-0.000398926
-0.000334515
-0.000273638
-0.000215639
-0.000159782
-0.000105503
-5.21793e-05
6.67033e-07
5.36082e-05
0.000107119
0.000161813
0.000218249
0.000277156
0.000339182
0.000405177
0.000475903
0.000552311
0.00063488
0.000724282
0.00082102
0.000925817
0.00103975
0.00116466
0.0013035
0.00146031
0.00163911
0.00184245
0.00206875
0.00231506
0.00255874
0.00278806
0.00295597
-0.003028
-0.00285056
-0.00265462
-0.00241911
-0.00218358
-0.00195956
-0.00175443
-0.00157111
-0.00140829
-0.00126282
-0.00113158
-0.00101193
-0.000902033
-0.000800765
-0.000707298
-0.000620929
-0.000541203
-0.000467464
-0.000398791
-0.000334437
-0.000273581
-0.000215584
-0.000159725
-0.000105442
-5.2116e-05
7.35593e-07
5.36823e-05
0.000107204
0.00016191
0.00021836
0.000277265
0.000339256
0.00040515
0.000475668
0.000551731
0.000633773
0.000722446
0.000818272
0.000922007
0.00103477
0.00115836
0.0012955
0.00144948
0.00162382
0.00182035
0.00203663
0.00226702
0.00249776
0.00269189
0.00286949
-0.00299319
-0.0028255
-0.00260919
-0.00238747
-0.00215591
-0.0019392
-0.00173947
-0.0015599
-0.00139959
-0.00125583
-0.00112582
-0.00100715
-0.000898115
-0.000797611
-0.000704819
-0.000618988
-0.000539708
-0.000466322
-0.000397912
-0.000333755
-0.000273048
-0.000215176
-0.000159424
-0.000105238
-5.20041e-05
7.57644e-07
5.3616e-05
0.000107047
0.000161657
0.000217995
0.000276766
0.000338578
0.000404228
0.000474412
0.000550062
0.000631567
0.000719595
0.000814676
0.000917572
0.00102937
0.00115176
0.00128723
0.00143875
0.00160941
0.00180063
0.00200973
0.00223585
0.00245326
0.00266775
0.00283565
-0.00294232
-0.00276544
-0.00256835
-0.0023519
-0.00212876
-0.00191894
-0.0017243
-0.00154841
-0.00139064
-0.00124868
-0.00112002
-0.00100245
-0.000894361
-0.000794684
-0.000702626
-0.000617309
-0.000538456
-0.0004654
-0.000397217
-0.000333224
-0.000272631
-0.000214853
-0.000159181
-0.000105067
-5.18998e-05
7.9588e-07
5.35908e-05
0.000106956
0.000161497
0.000217755
0.000276428
0.000338096
0.00040354
0.000473411
0.000548678
0.000629659
0.000716988
0.000811262
0.00091323
0.00102395
0.00114502
0.00127874
0.00142776
0.00159482
0.00178102
0.00198335
0.00220094
0.00241326
0.00260863
0.00278585
-0.00288263
-0.00271663
-0.00251926
-0.00231551
-0.00210114
-0.00189817
-0.00170881
-0.00153663
-0.00138145
-0.00124134
-0.00111407
-0.000997622
-0.000890493
-0.000791638
-0.000700259
-0.000615564
-0.000537072
-0.000464365
-0.000396424
-0.000332613
-0.000272149
-0.000214483
-0.000158902
-0.000104875
-5.17848e-05
8.33054e-07
5.35537e-05
0.00010684
0.000161299
0.000217459
0.00027602
0.000337525
0.000402748
0.000472286
0.000547208
0.000627624
0.000714276
0.000807751
0.000908787
0.00101841
0.00113812
0.00127003
0.00141654
0.00157995
0.00176098
0.00195656
0.00216539
0.00236503
0.00256077
0.0027269
-0.00283794
-0.00267188
-0.00248411
-0.00228306
-0.00207457
-0.00187764
-0.00169314
-0.00152461
-0.00137202
-0.0012338
-0.00110796
-0.000992672
-0.000886514
-0.000788488
-0.000697793
-0.000613745
-0.000535595
-0.000463259
-0.00039557
-0.000331953
-0.000271626
-0.000214082
-0.000158602
-0.000104668
-5.16615e-05
8.71919e-07
5.35127e-05
0.000106712
0.000161081
0.000217132
0.000275574
0.000336902
0.000401896
0.000471076
0.000545684
0.000625496
0.000711477
0.000804146
0.000904238
0.00101273
0.00113105
0.00126113
0.00140511
0.00156496
0.00174122
0.00193086
0.00213372
0.0023309
0.00251703
0.00268346
-0.00278405
-0.00262387
-0.00243773
-0.00224801
-0.00204783
-0.00185701
-0.00167731
-0.00151238
-0.00136239
-0.00122609
-0.00110171
-0.000987602
-0.000882427
-0.000785237
-0.000695232
-0.000611765
-0.000534111
-0.000462083
-0.000394654
-0.000331245
-0.000271061
-0.000213652
-0.000158279
-0.000104447
-5.15298e-05
9.12342e-07
5.34672e-05
0.000106571
0.000160843
0.000216774
0.000275089
0.000336227
0.000400986
0.000469887
0.000543998
0.000623282
0.000708592
0.000800452
0.000899591
0.00100694
0.00112385
0.00125207
0.00139351
0.00154986
0.00172142
0.00190504
0.00209963
0.00228543
0.00247007
0.00263056
-0.00274156
-0.00258219
-0.00240333
-0.00221625
-0.00202172
-0.00183646
-0.00166137
-0.00149996
-0.00135257
-0.00121821
-0.00109531
-0.000982408
-0.000878228
-0.000781883
-0.000692573
-0.000609692
-0.000532545
-0.000460833
-0.000393674
-0.000330487
-0.000270452
-0.000213189
-0.000157933
-0.000104212
-5.13894e-05
9.54087e-07
5.34165e-05
0.000106417
0.000160582
0.000216381
0.000274565
0.000335498
0.000400012
0.000468625
0.000542237
0.00062098
0.000705618
0.000796662
0.000894841
0.00100103
0.0011165
0.00124285
0.00138178
0.00153469
0.00170174
0.0018799
0.00206885
0.00225229
0.00242953
0.00258932
-0.00269258
-0.00253779
-0.00236161
-0.00218348
-0.00199586
-0.00181596
-0.00164533
-0.00148737
-0.00134257
-0.00121016
-0.00108877
-0.000977087
-0.000873914
-0.00077842
-0.000689814
-0.000607526
-0.000530873
-0.000459525
-0.000392629
-0.000329678
-0.000269797
-0.000212693
-0.000157562
-0.00010396
-5.12401e-05
9.96912e-07
5.336e-05
0.000106248
0.000160299
0.000215952
0.000274
0.000334713
0.000398994
0.000467266
0.000540398
0.000618589
0.000702552
0.000792775
0.000889985
0.000995001
0.00110902
0.00123348
0.00136992
0.00151948
0.00168217
0.00185507
0.00203716
0.00221139
0.00238629
0.00254155
-0.00264898
-0.00249708
-0.00232517
-0.00215212
-0.00197037
-0.00179554
-0.00162921
-0.00147464
-0.0013324
-0.00120195
-0.00108208
-0.000971635
-0.000869478
-0.000774846
-0.00068695
-0.000605263
-0.000529103
-0.000458134
-0.000391526
-0.000328817
-0.000269091
-0.000212163
-0.000157165
-0.000103692
-5.1082e-05
1.04055e-06
5.32968e-05
0.000106063
0.00015999
0.000215483
0.000273393
0.000333887
0.000397894
0.000465818
0.000538476
0.000616104
0.000699388
0.000788784
0.000885018
0.000988849
0.00110141
0.00122399
0.00135796
0.00150424
0.00166274
0.00183067
0.00200692
0.00217617
0.00234683
0.00249925
-0.00260464
-0.00245617
-0.00228925
-0.00212117
-0.00194521
-0.00177521
-0.00161303
-0.00146176
-0.00132206
-0.00119358
-0.00107524
-0.000966047
-0.000864917
-0.000771156
-0.000683976
-0.0006029
-0.000527237
-0.000456657
-0.00039036
-0.000327906
-0.000268333
-0.000211597
-0.000156741
-0.000103407
-5.09148e-05
1.08475e-06
5.3226e-05
0.000105861
0.000159656
0.00021497
0.000272746
0.000333005
0.000396721
0.000464282
0.000536466
0.000613522
0.000696121
0.000784685
0.000879937
0.000982573
0.00109367
0.00121437
0.00134589
0.00148899
0.00164345
0.00180665
0.00197719
0.00214153
0.00230721
0.00245624
-0.00256176
-0.00241673
-0.0022543
-0.00209086
-0.00192036
-0.00175497
-0.00159679
-0.00144875
-0.00131157
-0.00118504
-0.00106825
-0.000960319
-0.000860226
-0.000767343
-0.000680889
-0.000600431
-0.00052527
-0.000455093
-0.00038911
-0.000326955
-0.000267517
-0.000210994
-0.00015629
-0.000103104
-5.07387e-05
1.1293e-06
5.31465e-05
0.000105641
0.000159293
0.000214408
0.000272067
0.000332049
0.000395471
0.000462656
0.000534363
0.000610837
0.000692745
0.000780472
0.000874735
0.000976169
0.0010858
0.00120462
0.00133374
0.00147374
0.00162431
0.00178301
0.00194815
0.00210791
0.00226913
0.00241474
-0.00251986
-0.00237811
-0.00222019
-0.00206111
-0.0018958
-0.00173482
-0.00158051
-0.00143561
-0.00130091
-0.00117635
-0.00106111
-0.000954444
-0.000855397
-0.000763403
-0.000677683
-0.000597853
-0.000523201
-0.00045344
-0.00038778
-0.000325878
-0.000266715
-0.000210354
-0.00015581
-0.000102783
-5.05539e-05
1.1741e-06
5.30573e-05
0.0001054
0.000158903
0.000213872
0.00027127
0.000331021
0.000394141
0.000460936
0.000532161
0.000608044
0.000689256
0.000776137
0.000869407
0.000969634
0.00107779
0.00119476
0.00132151
0.00145848
0.00160532
0.00175971
0.00191974
0.0020752
0.00223193
0.00237426
-0.00247891
-0.00234036
-0.00218687
-0.0020319
-0.0018715
-0.00171477
-0.00156417
-0.00142235
-0.0012901
-0.00116748
-0.0010538
-0.000948419
-0.000850426
-0.000759331
-0.000674354
-0.00059516
-0.000521025
-0.000451695
-0.000386369
-0.000324742
-0.00026585
-0.000209681
-0.0001553
-0.000102442
-5.03607e-05
1.21924e-06
5.2957e-05
0.000105139
0.000158489
0.000213277
0.000270422
0.00032992
0.000392727
0.00045912
0.000529855
0.000605137
0.000685645
0.000771676
0.000863946
0.000962961
0.00106965
0.00118477
0.0013092
0.00144323
0.00158647
0.00173674
0.00189194
0.00204335
0.00219567
0.00233479
-0.00243887
-0.00230342
-0.00215427
-0.0020032
-0.00184745
-0.00169479
-0.00154779
-0.00140896
-0.00127912
-0.00115845
-0.00104632
-0.000942235
-0.000845307
-0.000755119
-0.000670894
-0.000592349
-0.000518741
-0.000449854
-0.000384875
-0.000323543
-0.00026492
-0.000208965
-0.000154764
-0.00010208
-5.01595e-05
1.26486e-06
5.28434e-05
0.000104861
0.00015804
0.000212627
0.000269517
0.000328743
0.000391225
0.000457201
0.000527438
0.000602111
0.000681907
0.00076708
0.000858346
0.000956147
0.00106137
0.00117466
0.0012968
0.00142798
0.00156776
0.00171408
0.00186472
0.00201228
0.00216028
0.00229628
-0.00239968
-0.00226723
-0.00212231
-0.00197496
-0.00182362
-0.00167488
-0.00153136
-0.00139546
-0.00126799
-0.00114925
-0.00103868
-0.000935888
-0.000840032
-0.000750761
-0.0006673
-0.000589412
-0.000516342
-0.000447912
-0.000383295
-0.000322275
-0.000263927
-0.000208202
-0.00015419
-0.000101705
-4.99515e-05
1.31126e-06
5.27266e-05
0.00010455
0.00015755
0.000211921
0.000268552
0.000327488
0.000389631
0.000455177
0.000524906
0.000598958
0.000678034
0.000762342
0.000852599
0.000949184
0.00105294
0.00116442
0.00128433
0.00141273
0.00154918
0.0016917
0.00183803
0.00198193
0.0021257
0.00225869
-0.0023613
-0.00223176
-0.00209093
-0.00194717
-0.0018
-0.00165504
-0.00151488
-0.00138183
-0.0012567
-0.00113987
-0.00103086
-0.00092937
-0.000834596
-0.000746252
-0.000663564
-0.000586346
-0.000513826
-0.000445867
-0.000381627
-0.000320934
-0.000262871
-0.00020739
-0.000153581
-0.000101302
-4.97181e-05
1.33876e-06
5.25888e-05
0.000104211
0.000157019
0.000211158
0.000267521
0.000326149
0.000387938
0.000453041
0.00052225
0.000595673
0.000674018
0.000757456
0.000846697
0.000942067
0.00104437
0.00115406
0.00127177
0.00139748
0.00153071
0.00166959
0.00181185
0.00195223
0.00209191
0.00222196
-0.00232368
-0.00219695
-0.00206006
-0.00191977
-0.00177657
-0.00163525
-0.00149834
-0.00136807
-0.00124524
-0.00113032
-0.00102286
-0.000922675
-0.000828992
-0.000741583
-0.000659682
-0.000583144
-0.000511188
-0.000443712
-0.000379865
-0.000319516
-0.00026175
-0.000206528
-0.000152937
-0.000100875
-4.94779e-05
1.36608e-06
5.24331e-05
0.000103844
0.000156443
0.000210336
0.000266419
0.000324725
0.000386142
0.00045079
0.000519465
0.000592248
0.000669853
0.000752413
0.000840634
0.000934788
0.00103564
0.00114356
0.00125913
0.00138222
0.00151236
0.00164773
0.00178613
0.00192312
0.00205885
0.00218604
-0.00228675
-0.00216276
-0.00202964
-0.00189273
-0.0017533
-0.00161549
-0.00148173
-0.00135418
-0.00123361
-0.00112058
-0.00101467
-0.000915796
-0.000823214
-0.000736749
-0.000655648
-0.0005798
-0.000508424
-0.000441444
-0.000378009
-0.000318018
-0.000260562
-0.000205613
-0.000152258
-0.000100423
-4.9231e-05
1.39253e-06
5.22583e-05
0.000103447
0.00015582
0.000209454
0.000265241
0.000323209
0.000384238
0.000448417
0.000516545
0.000588678
0.00066553
0.000747208
0.000834401
0.000927342
0.00102676
0.00113293
0.00124639
0.00136694
0.00149409
0.00162611
0.00176085
0.00189452
0.00202648
0.00215089
-0.00225047
-0.00212917
-0.00199963
-0.00186601
-0.00173019
-0.00159576
-0.00146506
-0.00134015
-0.00122182
-0.00111064
-0.0010063
-0.000908727
-0.000817256
-0.000731742
-0.000651456
-0.000576308
-0.00050553
-0.000439058
-0.000376054
-0.000316434
-0.000259307
-0.000204642
-0.000151542
-9.9945e-05
-4.89775e-05
1.41743e-06
5.20627e-05
0.000103019
0.000155146
0.000208508
0.000263983
0.0003216
0.00038222
0.000445919
0.000513481
0.000584956
0.000661042
0.000741832
0.000827992
0.000919723
0.00101771
0.00112216
0.00123355
0.00135163
0.0014759
0.00160469
0.00173595
0.00186639
0.00199476
0.00211644
-0.00221481
-0.00209612
-0.00196999
-0.00183958
-0.00170721
-0.00157605
-0.00144831
-0.00132598
-0.00120984
-0.00110052
-0.000997721
-0.000901463
-0.000811114
-0.000726559
-0.000647103
-0.000572665
-0.000502502
-0.00043655
-0.000373998
-0.000314762
-0.000257982
-0.000203614
-0.000150789
-9.94409e-05
-4.87177e-05
1.44023e-06
5.18447e-05
0.000102558
0.000154419
0.000207497
0.00026264
0.000319893
0.000380084
0.000443291
0.00051027
0.000581077
0.000656383
0.00073628
0.0008214
0.000911925
0.00100848
0.00111125
0.00122061
0.0013363
0.00145778
0.00158347
0.0017114
0.00183872
0.00196366
0.00208267
-0.00217968
-0.00206356
-0.0019407
-0.0018134
-0.00168435
-0.00155633
-0.00143148
-0.00131167
-0.0011977
-0.00109019
-0.000988949
-0.000894001
-0.000804785
-0.000721194
-0.000642585
-0.000568867
-0.000499338
-0.000433918
-0.000371839
-0.000313
-0.000256587
-0.000202527
-0.000149998
-9.89098e-05
-4.84515e-05
1.46013e-06
5.16029e-05
0.000102062
0.000153636
0.000206418
0.000261209
0.000318085
0.000377826
0.000440529
0.000506907
0.000577037
0.00065155
0.000730549
0.000814623
0.000903945
0.000999087
0.00110018
0.00120757
0.00132092
0.00143971
0.00156243
0.00168716
0.00181145
0.00193311
0.0020495
-0.00214509
-0.00203147
-0.00191176
-0.00178748
-0.00166162
-0.00153664
-0.00141459
-0.00129723
-0.00118539
-0.00107968
-0.000979988
-0.000886344
-0.000798272
-0.00071565
-0.000637906
-0.000564914
-0.000496042
-0.000431162
-0.000369581
-0.000311146
-0.000255124
-0.000201381
-0.000149173
-9.83515e-05
-4.81815e-05
1.47719e-06
5.13348e-05
0.000101532
0.000152795
0.000205271
0.000259688
0.000316177
0.000375443
0.000437632
0.00050339
0.000572836
0.00064654
0.000724641
0.000807663
0.000895794
0.000989531
0.001089
0.00119444
0.00130554
0.00142173
0.00154158
0.00166327
0.00178464
0.00190314
0.00201692
-0.00211103
-0.00199987
-0.00188317
-0.00176182
-0.00163904
-0.00151698
-0.00139765
-0.00128268
-0.00117294
-0.001069
-0.000970848
-0.000878505
-0.000791584
-0.000709936
-0.000633071
-0.000560815
-0.000492616
-0.000428289
-0.000367224
-0.000309208
-0.000253595
-0.000200181
-0.000148312
-9.77699e-05
-4.79067e-05
1.48808e-06
5.10419e-05
0.000100965
0.000151898
0.000204056
0.000258078
0.000314166
0.00037294
0.000434603
0.000499723
0.000568476
0.000641362
0.00071856
0.000800531
0.00088748
0.000979829
0.0010777
0.00118125
0.00129018
0.00140385
0.00152096
0.00163973
0.00175828
0.00187375
0.00198496
-0.0019679
-0.00186691
-0.00176253
-0.00165331
-0.00154318
-0.00143321
-0.00132514
-0.00122015
-0.00111916
-0.00102274
-0.000931109
-0.000844343
-0.000762324
-0.000684889
-0.000611783
-0.000542745
-0.000477437
-0.000415558
-0.000356721
-0.000300589
-0.000246747
-0.000194841
-0.000144446
-9.51987e-05
-4.66709e-05
1.49783e-06
4.97288e-05
9.83808e-05
0.000147877
0.000198575
0.000250892
0.000305173
0.000361818
0.000421152
0.000483538
0.000549264
0.00061865
0.000691951
0.000769441
0.000851325
0.000937788
0.00102888
0.00112453
0.00122435
0.00132762
0.00143343
0.00154021
0.00164706
0.00175022
0.00185099
-0.00173088
-0.00164581
-0.00155835
-0.00146702
-0.00137481
-0.00128239
-0.00119085
-0.00110128
-0.00101436
-0.000930598
-0.000850292
-0.0007736
-0.000700561
-0.000631134
-0.000565228
-0.00050262
-0.000443081
-0.00038637
-0.000332213
-0.000280323
-0.000230387
-0.00018209
-0.0001351
-8.90885e-05
-4.37154e-05
1.35222e-06
4.64535e-05
9.19194e-05
0.000138086
0.000185279
0.000233823
0.000284031
0.000336203
0.000390624
0.000447561
0.000507252
0.000569923
0.000635781
0.000704971
0.000777594
0.000853675
0.000933155
0.00101585
0.0011014
0.00118927
0.00127851
0.00136817
0.0014577
0.00154419
0.00162911
-0.00150485
-0.00143354
-0.0013605
-0.00128435
-0.00120731
-0.00112989
-0.00105291
-0.000977094
-0.000903026
-0.000831135
-0.000761728
-0.000694987
-0.000630994
-0.000569722
-0.000511513
-0.00045582
-0.00040258
-0.000351635
-0.000302792
-0.000255821
-0.00021048
-0.000166507
-0.000123638
-8.16011e-05
-4.01091e-05
1.12169e-06
4.23714e-05
8.39222e-05
0.000126051
0.000169031
0.00021313
0.000258603
0.000305692
0.000354625
0.000405604
0.000458801
0.000514337
0.000572513
0.000633278
0.000696669
0.000762651
0.000831116
0.000901854
0.000974533
0.00104868
0.00112368
0.00119879
0.00127359
0.00134593
0.00141721
-0.00128833
-0.00122912
-0.0011685
-0.00110548
-0.00104162
-0.000977343
-0.000913233
-0.000849822
-0.000787559
-0.000726804
-0.000667835
-0.000610849
-0.000555983
-0.000503323
-0.000452472
-0.000403815
-0.000357181
-0.000312415
-0.000269358
-0.000227828
-0.000187631
-0.000148556
-0.000110385
-7.29399e-05
-3.59336e-05
8.56244e-07
3.76549e-05
7.46952e-05
0.000112204
0.000150408
0.000189519
0.000229749
0.00027129
0.000314323
0.00035901
0.000405499
0.000453932
0.00050421
0.000556505
0.000610808
0.000667049
0.000725101
0.000784759
0.000845741
0.000907679
0.000970117
0.00103253
0.00109457
0.00115472
0.00121402
-0.00107922
-0.00103079
-0.000981247
-0.000929893
-0.000877783
-0.000825254
-0.000772742
-0.000720634
-0.000669279
-0.000618962
-0.000569913
-0.000522302
-0.000476243
-0.000431784
-0.000388902
-0.000347627
-0.000307909
-0.000269655
-0.000232754
-0.00019707
-0.000162457
-0.000128751
-9.57858e-05
-6.33318e-05
-3.12683e-05
6.05177e-07
3.24787e-05
6.45419e-05
9.69758e-05
0.000129961
0.00016367
0.000198265
0.000233899
0.000270712
0.000308821
0.000348331
0.000389311
0.000431781
0.000475767
0.000521248
0.000568153
0.000616363
0.000665706
0.000715953
0.000766819
0.000817967
0.000869014
0.000919665
0.000968919
0.00101751
-0.000875865
-0.000837301
-0.000797855
-0.00075708
-0.000715666
-0.000673871
-0.000632011
-0.000590376
-0.000549228
-0.000508786
-0.000469231
-0.000430703
-0.0003933
-0.000357078
-0.000322058
-0.000288242
-0.0002556
-0.000224076
-0.00019359
-0.000164045
-0.00013533
-0.00010732
-7.98839e-05
-5.2876e-05
-2.61638e-05
4.00046e-07
2.69604e-05
5.36652e-05
8.06562e-05
0.000108074
0.000136051
0.000164715
0.000194178
0.000224545
0.000255904
0.000288324
0.00032185
0.000356505
0.000392287
0.000429164
0.000467072
0.000505908
0.000545534
0.000585772
0.000626406
0.000667188
0.000707839
0.000748127
0.000787405
0.000826146
-0.000676949
-0.000647593
-0.000617558
-0.000586562
-0.000555059
-0.000523242
-0.000491335
-0.000459546
-0.000428062
-0.000397047
-0.000366639
-0.000336942
-0.000308039
-0.000279977
-0.000252785
-0.000226465
-0.000201001
-0.000176354
-0.000152473
-0.000129288
-0.000106719
-8.46761e-05
-6.30628e-05
-4.17744e-05
-2.07078e-05
2.46712e-07
2.11967e-05
4.22528e-05
6.35204e-05
8.51047e-05
0.000107103
0.000129609
0.000152706
0.000176469
0.000200958
0.000226221
0.000252289
0.000279173
0.000306865
0.000335335
0.000364527
0.000394364
0.000424737
0.000455514
0.00048654
0.000517636
0.000548607
0.000579278
0.000609222
0.000638744
-0.000481311
-0.000460684
-0.000439571
-0.000417797
-0.000395656
-0.000373282
-0.000350825
-0.000328424
-0.000306207
-0.000284284
-0.000262751
-0.000241684
-0.000221141
-0.00020116
-0.000181763
-0.000162956
-0.000144729
-0.00012706
-0.000109915
-9.32466e-05
-7.70034e-05
-6.11232e-05
-4.55408e-05
-3.01847e-05
-1.49831e-05
1.4003e-07
1.5259e-05
3.04503e-05
4.57867e-05
6.13409e-05
7.71796e-05
9.3367e-05
0.000109959
0.000127006
0.000144549
0.000162618
0.000181231
0.000200394
0.000220099
0.00024032
0.000261019
0.000282137
0.000303599
0.000325316
0.000347181
0.000369074
0.000390866
0.000412437
0.000433509
0.000454272
-0.000287933
-0.000275706
-0.00026318
-0.000250267
-0.00023713
-0.000223848
-0.000210507
-0.000197188
-0.000183965
-0.000170902
-0.000158056
-0.000145472
-0.000133185
-0.000121219
-0.000109588
-9.82975e-05
-8.73428e-05
-7.67113e-05
-6.63847e-05
-5.63363e-05
-4.65366e-05
-3.69493e-05
-2.75371e-05
-1.82579e-05
-9.06994e-06
7.16923e-08
9.21024e-06
1.8391e-05
2.76562e-05
3.70487e-05
4.66071e-05
5.63691e-05
6.63667e-05
7.66291e-05
8.71787e-05
9.80331e-05
0.000109201
0.000120686
0.000132481
0.00014457
0.000156929
0.000169523
0.000182309
0.000195232
0.000208231
0.000221239
0.00023418
0.000246985
0.000259498
0.000271816
-9.58481e-05
-9.18104e-05
-8.76682e-05
-8.33973e-05
-7.90502e-05
-7.46527e-05
-7.0233e-05
-6.5817e-05
-6.14293e-05
-5.70909e-05
-5.28209e-05
-4.86341e-05
-4.45427e-05
-4.05545e-05
-3.66752e-05
-3.2906e-05
-2.92465e-05
-2.56924e-05
-2.22382e-05
-1.88751e-05
-1.55938e-05
-1.23823e-05
-9.2285e-06
-6.11846e-06
-3.0385e-06
2.5983e-08
3.08901e-06
6.16615e-06
9.27087e-06
1.24175e-05
1.56184e-05
1.88862e-05
2.2231e-05
2.56625e-05
2.91877e-05
3.28122e-05
3.65386e-05
4.03676e-05
4.42965e-05
4.83201e-05
5.24299e-05
5.66141e-05
6.08583e-05
6.51447e-05
6.94534e-05
7.3762e-05
7.80464e-05
8.22843e-05
8.64252e-05
9.04954e-05
)
;

boundaryField
{
    inlet_water
    {
        type            fixedFluxPressure;
        gradient        nonuniform List<scalar> 
25
(
3714.75
3798.64
3937.98
4055.57
4076.67
4050.15
4030.36
4009.99
3987.96
3964.95
3941.07
3916.78
3892.48
3868.46
3845.02
3822.44
3801
3780.96
3762.48
3745.84
3731.17
3719.2
3709.57
3701.05
3754.6
)
;
        value           nonuniform List<scalar> 
25
(
483.599
484.121
484.886
485.631
486.157
486.619
487.115
487.578
488.019
488.44
488.84
489.22
489.581
489.925
490.255
490.573
490.88
491.178
491.468
491.753
492.031
492.296
492.546
492.873
493.678
)
;
    }
    inlet_air
    {
        type            fixedFluxPressure;
        gradient        nonuniform List<scalar> 
35
(
-83.5535
-0.0229876
-0.0240249
-0.022237
-0.0233728
-0.0215873
-0.0215272
-0.0205744
-0.0204435
-0.0197638
-0.0193559
-0.0188822
-0.0184183
-0.0179842
-0.0175676
-0.0171703
-0.0167904
-0.0164256
-0.0160751
-0.0157348
-0.0154017
-0.0150804
-0.0147642
-0.0144572
-0.0141577
-0.01291
-0.0109035
-0.00915692
-0.00761684
-0.00623909
-0.00497388
-0.00378939
-0.00266415
-0.00157963
-0.000521468
)
;
        value           nonuniform List<scalar> 
35
(
-0.283073
-0.00319256
-0.00310849
-0.00306769
-0.00302062
-0.00295495
-0.00291006
-0.00285297
-0.00281004
-0.00275879
-0.00271382
-0.00266789
-0.00262347
-0.00258011
-0.00253776
-0.00249639
-0.00245593
-0.00241633
-0.00237753
-0.00233947
-0.00230207
-0.00226533
-0.00222914
-0.00219353
-0.00215846
-0.00201115
-0.00176741
-0.00153552
-0.00131385
-0.00110012
-0.000892527
-0.000689643
-0.000490236
-0.000293225
-9.7595e-05
)
;
    }
    outlet_water
    {
        type            fixedFluxPressure;
        gradient        nonuniform List<scalar> 
25
(
-3713.91
-3797.95
-3937.65
-4055.64
-4076.94
-4050.53
-4030.81
-4010.4
-3988.3
-3965.23
-3941.3
-3916.96
-3892.61
-3868.54
-3845.06
-3822.45
-3800.97
-3780.89
-3762.39
-3745.71
-3731.02
-3719.03
-3709.38
-3700.86
-3754.47
)
;
        value           nonuniform List<scalar> 
25
(
-819.812
-820.335
-821.103
-821.851
-822.381
-822.844
-823.343
-823.808
-824.25
-824.674
-825.077
-825.46
-825.824
-826.171
-826.504
-826.825
-827.134
-827.435
-827.728
-828.015
-828.295
-828.561
-828.812
-829.14
-829.945
)
;
    }
    outlet_air
    {
        type            fixedFluxPressure;
        gradient        nonuniform List<scalar> 
35
(
83.5962
0.0230375
0.0240778
0.0222882
0.023427
0.021598
0.0215734
0.0205982
0.0204775
0.0197982
0.0193937
0.0189218
0.0184585
0.0180239
0.0176057
0.0172061
0.0168235
0.0164555
0.0161013
0.0157571
0.01542
0.0151037
0.0147822
0.0144684
0.0141611
0.0128925
0.0108898
0.00915535
0.00762546
0.00625522
0.00499189
0.00380641
0.002678
0.00158884
0.000524766
)
;
        value           nonuniform List<scalar> 
35
(
0.283056
0.00303315
0.00295015
0.00291032
0.00286433
0.00279926
0.00275573
0.00269956
0.00265792
0.00260788
0.00256422
0.00251962
0.00247658
0.00243464
0.00239377
0.00235392
0.00231504
0.00227708
0.00223998
0.00220367
0.0021681
0.00213327
0.00209902
0.00206539
0.0020324
0.00189418
0.00166559
0.00144788
0.00123956
0.00103846
0.000842869
0.000651496
0.000463243
0.000277139
9.22534e-05
)
;
    }
    lowerWall
    {
        type            fixedFluxPressure;
        gradient        uniform 0;
        value           nonuniform List<scalar> 
50
(
471.155
447.091
421.626
396.411
370.798
345.229
319.444
293.6
267.6
241.511
215.307
189.03
162.683
136.293
109.87
83.4266
56.9694
30.5035
4.03091
-22.4471
-48.9295
-75.416
-101.906
-128.398
-154.891
-181.386
-207.88
-234.373
-260.864
-287.352
-313.837
-340.318
-366.792
-393.258
-419.712
-446.149
-472.56
-498.935
-525.264
-551.524
-577.711
-603.791
-629.786
-655.632
-681.423
-706.999
-732.621
-757.843
-783.31
-807.37
)
;
    }
    atmosphere
    {
        type            totalPressure;
        rho             rho;
        psi             none;
        gamma           1;
        p0              uniform 0;
        value           nonuniform List<scalar> 
50
(
0
0
0
0
0
0
0
0
0
0
0
0
0
0
0
0
0
0
0
0
0
0
0
0
0
-4.35479e-15
-3.08214e-14
-8.38038e-14
-1.68592e-13
-2.93591e-13
-4.70925e-13
-7.17239e-13
-1.05475e-12
-1.51252e-12
-2.12789e-12
-2.94823e-12
-4.03269e-12
-5.45413e-12
-7.30103e-12
-9.67931e-12
-1.27139e-11
-1.65499e-11
-2.13534e-11
-2.73115e-11
-3.46317e-11
-4.35395e-11
-5.42757e-11
-6.70846e-11
-8.23967e-11
-9.94079e-11
)
;
    }
    defaultFaces
    {
        type            empty;
    }
}


// ************************************************************************* //
