/*--------------------------------*- C++ -*----------------------------------*\
  =========                 |
  \\      /  F ield         | OpenFOAM: The Open Source CFD Toolbox
   \\    /   O peration     | Website:  https://openfoam.org
    \\  /    A nd           | Version:  8
     \\/     M anipulation  |
\*---------------------------------------------------------------------------*/
FoamFile
{
    version     2.0;
    format      ascii;
    class       surfaceScalarField;
    location    "197";
    object      phi;
}
// * * * * * * * * * * * * * * * * * * * * * * * * * * * * * * * * * * * * * //

dimensions      [0 3 -1 0 0 0 0];

internalField   nonuniform List<scalar> 
5890
(
5.40769e-07
1.57243e-09
5.39668e-07
1.09872e-09
5.39134e-07
5.33033e-10
5.39199e-07
-6.47652e-11
5.39731e-07
-5.33314e-10
5.406e-07
-8.69641e-10
5.41642e-07
-1.04259e-09
5.42723e-07
-1.08189e-09
5.43738e-07
-1.01563e-09
5.44626e-07
-8.88449e-10
5.4536e-07
-7.34807e-10
5.45941e-07
-5.82349e-10
5.46388e-07
-4.46751e-10
5.46722e-07
-3.34704e-10
5.46969e-07
-2.47013e-10
5.47149e-07
-1.80567e-10
5.47281e-07
-1.31507e-10
5.47376e-07
-9.55257e-11
5.47446e-07
-6.93291e-11
5.47496e-07
-5.00642e-11
5.47532e-07
-3.58427e-11
5.47557e-07
-2.50441e-11
5.47573e-07
-1.66591e-11
5.47583e-07
-9.71675e-12
5.47587e-07
-3.61996e-12
5.47584e-07
2.30639e-12
5.47576e-07
8.51189e-12
5.4756e-07
1.56087e-11
5.47536e-07
2.40977e-11
5.47501e-07
3.47713e-11
5.47453e-07
4.85288e-11
5.47386e-07
6.68847e-11
5.47294e-07
9.18214e-11
5.47167e-07
1.26402e-10
5.46993e-07
1.74274e-10
5.46753e-07
2.40058e-10
5.46425e-07
3.27948e-10
5.45985e-07
4.40991e-10
5.45407e-07
5.7848e-10
5.44674e-07
7.33235e-10
5.43786e-07
8.89517e-10
5.42768e-07
1.01917e-09
5.41681e-07
1.08756e-09
5.40632e-07
1.04994e-09
5.39755e-07
8.77919e-10
5.39213e-07
5.41941e-10
5.39141e-07
7.28088e-11
5.39669e-07
-5.26872e-10
5.40766e-07
-1.09561e-09
-1.57333e-09
9.05346e-07
2.68025e-09
9.04398e-07
2.03975e-09
9.03929e-07
9.99576e-10
9.03853e-07
8.01495e-12
9.04162e-07
-8.44277e-10
9.04721e-07
-1.43025e-09
9.05435e-07
-1.75864e-09
9.06192e-07
-1.83978e-09
9.06917e-07
-1.74237e-09
9.07557e-07
-1.53042e-09
9.08092e-07
-1.27055e-09
9.08517e-07
-1.00824e-09
9.08843e-07
-7.73544e-10
9.09086e-07
-5.7862e-10
9.09265e-07
-4.25783e-10
9.09394e-07
-3.10174e-10
9.09487e-07
-2.25033e-10
9.09555e-07
-1.6301e-10
9.09603e-07
-1.18063e-10
9.09639e-07
-8.52504e-11
9.09664e-07
-6.10516e-11
9.09682e-07
-4.27365e-11
9.09693e-07
-2.84355e-11
9.097e-07
-1.65977e-11
9.09703e-07
-6.13448e-12
9.09701e-07
3.98983e-12
9.09695e-07
1.45883e-11
9.09684e-07
2.65994e-11
9.09667e-07
4.09485e-11
9.09643e-07
5.8937e-11
9.09609e-07
8.22621e-11
9.09562e-07
1.13539e-10
9.09498e-07
1.5645e-10
9.09408e-07
2.16273e-10
9.09283e-07
2.9961e-10
9.09109e-07
4.14297e-10
9.0887e-07
5.67587e-10
9.08547e-07
7.64307e-10
9.08124e-07
1.00219e-09
9.0759e-07
1.26843e-09
9.06949e-07
1.5327e-09
9.06221e-07
1.74879e-09
9.0546e-07
1.84966e-09
9.04741e-07
1.77114e-09
9.04177e-07
1.44401e-09
9.03863e-07
8.58245e-10
9.03934e-07
4.47621e-12
9.044e-07
-9.90461e-10
9.05347e-07
-2.03573e-09
-2.68191e-09
1.01388e-06
3.17548e-09
1.0134e-06
2.50782e-09
1.01313e-06
1.26045e-09
1.01305e-06
8.30429e-11
1.01317e-06
-9.59763e-10
1.01341e-06
-1.67827e-09
1.01374e-06
-2.09174e-09
1.0141e-06
-2.20213e-09
1.01445e-06
-2.09502e-09
1.01476e-06
-1.84504e-09
1.01503e-06
-1.53436e-09
1.01524e-06
-1.21833e-09
1.0154e-06
-9.34505e-10
1.01551e-06
-6.98354e-10
1.0156e-06
-5.13133e-10
1.01566e-06
-3.73261e-10
1.01571e-06
-2.70495e-10
1.01574e-06
-1.95912e-10
1.01577e-06
-1.42019e-10
1.01578e-06
-1.02773e-10
1.0158e-06
-7.38063e-11
1.01581e-06
-5.18321e-11
1.01581e-06
-3.45654e-11
1.01582e-06
-2.01974e-11
1.01582e-06
-7.42476e-12
1.01582e-06
4.92947e-12
1.01581e-06
1.783e-11
1.01581e-06
3.23458e-11
1.0158e-06
4.95945e-11
1.01579e-06
7.11233e-11
1.01577e-06
9.90273e-11
1.01575e-06
1.36498e-10
1.01571e-06
1.88085e-10
1.01567e-06
2.60225e-10
1.01561e-06
3.61018e-10
1.01552e-06
4.99946e-10
1.01541e-06
6.85755e-10
1.01525e-06
9.24051e-10
1.01504e-06
1.21155e-09
1.01478e-06
1.53215e-09
1.01446e-06
1.84786e-09
1.01411e-06
2.10263e-09
1.01375e-06
2.21369e-09
1.01342e-06
2.10626e-09
1.01317e-06
1.69415e-09
1.01306e-06
9.7568e-10
1.01314e-06
-6.9083e-11
1.0134e-06
-1.2506e-09
1.01388e-06
-2.50393e-09
-3.17756e-09
1.04713e-06
3.39123e-09
1.04689e-06
2.73534e-09
1.04675e-06
1.40295e-09
1.0467e-06
1.28729e-10
1.04675e-06
-1.0124e-09
1.04687e-06
-1.8065e-09
1.04705e-06
-2.26752e-09
1.04724e-06
-2.39653e-09
1.04743e-06
-2.28501e-09
1.0476e-06
-2.01511e-09
1.04774e-06
-1.67687e-09
1.04785e-06
-1.33174e-09
1.04794e-06
-1.02128e-09
1.048e-06
-7.6296e-10
1.04805e-06
-5.60462e-10
1.04808e-06
-4.07772e-10
1.04811e-06
-2.95771e-10
1.04813e-06
-2.14631e-10
1.04814e-06
-1.56046e-10
1.04815e-06
-1.1336e-10
1.04816e-06
-8.17552e-11
1.04816e-06
-5.76537e-11
1.04817e-06
-3.85672e-11
1.04817e-06
-2.25675e-11
1.04817e-06
-8.25678e-12
1.04817e-06
5.59963e-12
1.04817e-06
2.00298e-11
1.04816e-06
3.61589e-11
1.04816e-06
5.51927e-11
1.04815e-06
7.87994e-11
1.04814e-06
1.09274e-10
1.04813e-06
1.50111e-10
1.04811e-06
2.06314e-10
1.04809e-06
2.84954e-10
1.04805e-06
3.94949e-10
1.04801e-06
5.46709e-10
1.04794e-06
7.49844e-10
1.04786e-06
1.01042e-09
1.04774e-06
1.32468e-09
1.0476e-06
1.67457e-09
1.04743e-06
2.01803e-09
1.04724e-06
2.29291e-09
1.04705e-06
2.40856e-09
1.04688e-06
2.28263e-09
1.04675e-06
1.82305e-09
1.0467e-06
1.02892e-09
1.04675e-06
-1.1437e-10
1.0469e-06
-1.39301e-09
1.04713e-06
-2.73176e-09
-3.39356e-09
1.06016e-06
3.50565e-09
1.06002e-06
2.86964e-09
1.05992e-06
1.49618e-09
1.05989e-06
1.58764e-10
1.05992e-06
-1.0456e-09
1.06001e-06
-1.89247e-09
1.06013e-06
-2.38629e-09
1.06026e-06
-2.52917e-09
1.06039e-06
-2.41497e-09
1.0605e-06
-2.1318e-09
1.0606e-06
-1.77478e-09
1.06068e-06
-1.4099e-09
1.06074e-06
-1.08138e-09
1.06078e-06
-8.08096e-10
1.06082e-06
-5.93975e-10
1.06084e-06
-4.3268e-10
1.06086e-06
-3.14466e-10
1.06088e-06
-2.28872e-10
1.06089e-06
-1.67035e-10
1.06089e-06
-1.21886e-10
1.0609e-06
-8.83117e-11
1.06091e-06
-6.25452e-11
1.06091e-06
-4.19726e-11
1.06091e-06
-2.45939e-11
1.06091e-06
-8.9576e-12
1.06091e-06
6.20329e-12
1.06091e-06
2.19525e-11
1.06091e-06
3.94485e-11
1.0609e-06
5.99504e-11
1.0609e-06
8.52029e-11
1.06089e-06
1.17626e-10
1.06088e-06
1.60912e-10
1.06086e-06
2.20356e-10
1.06084e-06
3.03453e-10
1.06082e-06
4.19666e-10
1.06079e-06
5.80047e-10
1.06074e-06
7.94813e-10
1.06068e-06
1.07037e-09
1.0606e-06
1.40269e-09
1.06051e-06
1.77234e-09
1.06039e-06
2.13459e-09
1.06026e-06
2.42278e-09
1.06013e-06
2.54118e-09
1.06001e-06
2.40143e-09
1.05993e-06
1.90913e-09
1.05989e-06
1.06222e-09
1.05993e-06
-1.44386e-10
1.06002e-06
-1.48637e-09
1.06016e-06
-2.8664e-09
-3.50817e-09
1.06793e-06
3.5863e-09
1.06783e-06
2.96882e-09
1.06775e-06
1.57182e-09
1.06772e-06
1.86692e-10
1.06774e-06
-1.06813e-09
1.06781e-06
-1.9595e-09
1.06791e-06
-2.48212e-09
1.06801e-06
-2.63854e-09
1.06812e-06
-2.52385e-09
1.06822e-06
-2.23097e-09
1.06831e-06
-1.85915e-09
1.06837e-06
-1.47819e-09
1.06843e-06
-1.13466e-09
1.06847e-06
-8.4872e-10
1.0685e-06
-6.24613e-10
1.06852e-06
-4.55807e-10
1.06854e-06
-3.32082e-10
1.06855e-06
-2.42467e-10
1.06856e-06
-1.7764e-10
1.06857e-06
-1.30182e-10
1.06858e-06
-9.4729e-11
1.06858e-06
-6.73505e-11
1.06859e-06
-4.53246e-11
1.06859e-06
-2.65872e-11
1.06859e-06
-9.64116e-12
1.06859e-06
6.81025e-12
1.06859e-06
2.38618e-11
1.06858e-06
4.27034e-11
1.06858e-06
6.46424e-11
1.06857e-06
9.14938e-11
1.06856e-06
1.25788e-10
1.06855e-06
1.71388e-10
1.06854e-06
2.33839e-10
1.06852e-06
3.20984e-10
1.0685e-06
4.42732e-10
1.06847e-06
6.10642e-10
1.06843e-06
8.3539e-10
1.06838e-06
1.12358e-09
1.06831e-06
1.47087e-09
1.06822e-06
1.85656e-09
1.06812e-06
2.23357e-09
1.06802e-06
2.53144e-09
1.06791e-06
2.65035e-09
1.06781e-06
2.49711e-09
1.06775e-06
1.97606e-09
1.06772e-06
1.08466e-09
1.06775e-06
-1.72441e-10
1.06783e-06
-1.56223e-09
1.06793e-06
-2.96589e-09
-3.58894e-09
1.07442e-06
3.65237e-09
1.07434e-06
3.05032e-09
1.07427e-06
1.63916e-09
1.07424e-06
2.15928e-10
1.07425e-06
-1.08302e-09
1.07431e-06
-2.01502e-09
1.07439e-06
-2.56552e-09
1.07449e-06
-2.73643e-09
1.07459e-06
-2.6235e-09
1.07468e-06
-2.32355e-09
1.07476e-06
-1.93939e-09
1.07483e-06
-1.54432e-09
1.07488e-06
-1.18714e-09
1.07492e-06
-8.89376e-10
1.07495e-06
-6.55706e-10
1.07497e-06
-4.79542e-10
1.07499e-06
-3.50305e-10
1.07501e-06
-2.56593e-10
1.07502e-06
-1.88679e-10
1.07503e-06
-1.38815e-10
1.07503e-06
-1.01398e-10
1.07504e-06
-7.23342e-11
1.07504e-06
-4.87939e-11
1.07504e-06
-2.86454e-11
1.07504e-06
-1.03435e-11
1.07504e-06
7.44227e-12
1.07504e-06
2.58402e-11
1.07504e-06
4.60765e-11
1.07503e-06
6.95101e-11
1.07503e-06
9.80317e-11
1.07502e-06
1.34286e-10
1.07501e-06
1.82305e-10
1.07499e-06
2.47872e-10
1.07498e-06
3.39154e-10
1.07495e-06
4.66451e-10
1.07492e-06
6.41747e-10
1.07488e-06
8.76053e-10
1.07483e-06
1.17604e-09
1.07476e-06
1.53692e-09
1.07468e-06
1.93665e-09
1.07459e-06
2.32592e-09
1.07449e-06
2.63083e-09
1.07439e-06
2.74798e-09
1.07431e-06
2.58028e-09
1.07425e-06
2.03142e-09
1.07424e-06
1.09939e-09
1.07427e-06
-2.01879e-10
1.07434e-06
-1.62983e-09
1.07442e-06
-3.04767e-09
-3.65511e-09
1.08055e-06
3.70449e-09
1.08048e-06
3.11547e-09
1.08042e-06
1.69783e-09
1.08039e-06
2.44446e-10
1.0804e-06
-1.09241e-09
1.08045e-06
-2.06117e-09
1.08052e-06
-2.6381e-09
1.08061e-06
-2.82393e-09
1.0807e-06
-2.71447e-09
1.08079e-06
-2.40965e-09
1.08086e-06
-2.01537e-09
1.08093e-06
-1.60801e-09
1.08098e-06
-1.23854e-09
1.08102e-06
-9.29817e-10
1.08105e-06
-6.87075e-10
1.08107e-06
-5.03775e-10
1.08109e-06
-3.69083e-10
1.08111e-06
-2.7124e-10
1.08112e-06
-2.00163e-10
1.08113e-06
-1.47808e-10
1.08113e-06
-1.08343e-10
1.08114e-06
-7.75191e-11
1.08114e-06
-5.23983e-11
1.08115e-06
-3.07803e-11
1.08115e-06
-1.10692e-11
1.08115e-06
8.10182e-12
1.08114e-06
2.78979e-11
1.08114e-06
4.95847e-11
1.08113e-06
7.45768e-11
1.08113e-06
1.04843e-10
1.08112e-06
1.43144e-10
1.08111e-06
1.93675e-10
1.08109e-06
2.62445e-10
1.08107e-06
3.57912e-10
1.08105e-06
4.90715e-10
1.08102e-06
6.73179e-10
1.08098e-06
9.1655e-10
1.08093e-06
1.22746e-09
1.08086e-06
1.60055e-09
1.08079e-06
2.01247e-09
1.0807e-06
2.41179e-09
1.08061e-06
2.7215e-09
1.08052e-06
2.83517e-09
1.08045e-06
2.65256e-09
1.0804e-06
2.0773e-09
1.0804e-06
1.10853e-09
1.08042e-06
-2.30681e-10
1.08048e-06
-1.6888e-09
1.08055e-06
-3.11307e-09
-3.70729e-09
1.08632e-06
3.74396e-09
1.08627e-06
3.16572e-09
1.08622e-06
1.74758e-09
1.08619e-06
2.70848e-10
1.0862e-06
-1.09804e-09
1.08624e-06
-2.09961e-09
1.0863e-06
-2.70121e-09
1.08638e-06
-2.90196e-09
1.08646e-06
-2.7972e-09
1.08654e-06
-2.48937e-09
1.08661e-06
-2.08692e-09
1.08668e-06
-1.669e-09
1.08673e-06
-1.28856e-09
1.08677e-06
-9.69804e-10
1.0868e-06
-7.18546e-10
1.08682e-06
-5.28397e-10
1.08684e-06
-3.88356e-10
1.08686e-06
-2.86385e-10
1.08687e-06
-2.12093e-10
1.08688e-06
-1.57171e-10
1.08688e-06
-1.15579e-10
1.08689e-06
-8.29198e-11
1.08689e-06
-5.61495e-11
1.0869e-06
-3.29994e-11
1.0869e-06
-1.18212e-11
1.0869e-06
8.791e-12
1.08689e-06
3.00422e-11
1.08689e-06
5.32405e-11
1.08688e-06
7.9859e-11
1.08688e-06
1.11946e-10
1.08687e-06
1.52376e-10
1.08686e-06
2.05501e-10
1.08684e-06
2.77537e-10
1.08682e-06
3.77196e-10
1.0868e-06
5.15407e-10
1.08677e-06
7.04757e-10
1.08673e-06
9.56638e-10
1.08668e-06
1.27753e-09
1.08661e-06
1.6615e-09
1.08654e-06
2.08387e-09
1.08646e-06
2.49124e-09
1.08638e-06
2.80389e-09
1.0863e-06
2.91282e-09
1.08624e-06
2.71529e-09
1.0862e-06
2.11539e-09
1.08619e-06
1.11381e-09
1.08622e-06
-2.57438e-10
1.08627e-06
-1.7389e-09
1.08632e-06
-3.16356e-09
-3.74681e-09
1.09173e-06
3.77089e-09
1.0917e-06
3.20144e-09
1.09166e-06
1.78787e-09
1.09164e-06
2.93728e-10
1.09164e-06
-1.10157e-09
1.09168e-06
-2.13196e-09
1.09173e-06
-2.75615e-09
1.0918e-06
-2.97139e-09
1.09188e-06
-2.87218e-09
1.09195e-06
-2.56285e-09
1.09202e-06
-2.15396e-09
1.09207e-06
-1.7271e-09
1.09212e-06
-1.337e-09
1.09216e-06
-1.00914e-09
1.09219e-06
-7.49975e-10
1.09222e-06
-5.53315e-10
1.09224e-06
-4.08077e-10
1.09225e-06
-3.02012e-10
1.09227e-06
-2.24471e-10
1.09228e-06
-1.66918e-10
1.09228e-06
-1.23123e-10
1.09229e-06
-8.85511e-11
1.09229e-06
-6.00595e-11
1.0923e-06
-3.53105e-11
1.0923e-06
-1.26024e-11
1.0923e-06
9.51207e-12
1.09229e-06
3.22806e-11
1.09229e-06
5.70563e-11
1.09228e-06
8.53726e-11
1.09228e-06
1.19358e-10
1.09227e-06
1.61995e-10
1.09225e-06
2.17784e-10
1.09224e-06
2.93124e-10
1.09222e-06
3.96951e-10
1.09219e-06
5.40424e-10
1.09216e-06
7.36325e-10
1.09212e-06
9.9611e-10
1.09208e-06
1.32606e-09
1.09202e-06
1.71958e-09
1.09195e-06
2.15078e-09
1.09188e-06
2.56446e-09
1.0918e-06
2.87851e-09
1.09173e-06
2.98186e-09
1.09168e-06
2.76981e-09
1.09164e-06
2.14735e-09
1.09164e-06
1.11695e-09
1.09166e-06
-2.80719e-10
1.0917e-06
-1.77956e-09
1.09174e-06
-3.19952e-09
-3.7738e-09
1.0968e-06
3.7856e-09
1.09678e-06
3.22289e-09
1.09675e-06
1.81818e-09
1.09673e-06
3.11923e-10
1.09673e-06
-1.10439e-09
1.09676e-06
-2.15958e-09
1.09681e-06
-2.80401e-09
1.09687e-06
-3.03299e-09
1.09694e-06
-2.93982e-09
1.09701e-06
-2.63023e-09
1.09707e-06
-2.21647e-09
1.09713e-06
-1.78217e-09
1.09717e-06
-1.3837e-09
1.09721e-06
-1.04769e-09
1.09724e-06
-7.81257e-10
1.09727e-06
-5.78465e-10
1.09729e-06
-4.28217e-10
1.0973e-06
-3.18113e-10
1.09732e-06
-2.37306e-10
1.09733e-06
-1.77063e-10
1.09733e-06
-1.30989e-10
1.09734e-06
-9.44278e-11
1.09734e-06
-6.41396e-11
1.09735e-06
-3.77209e-11
1.09735e-06
-1.34157e-11
1.09735e-06
1.0267e-11
1.09734e-06
3.46198e-11
1.09734e-06
6.10433e-11
1.09734e-06
9.11327e-11
1.09733e-06
1.27094e-10
1.09732e-06
1.72015e-10
1.0973e-06
2.30529e-10
1.09729e-06
3.09198e-10
1.09727e-06
4.17139e-10
1.09724e-06
5.65692e-10
1.09721e-06
7.67768e-10
1.09717e-06
1.03482e-09
1.09713e-06
1.37285e-09
1.09707e-06
1.77466e-09
1.09701e-06
2.21317e-09
1.09694e-06
2.63161e-09
1.09687e-06
2.94582e-09
1.09681e-06
3.04306e-09
1.09676e-06
2.81725e-09
1.09674e-06
2.17456e-09
1.09673e-06
1.11935e-09
1.09675e-06
-2.9934e-10
1.09678e-06
-1.81025e-09
1.0968e-06
-3.22122e-09
-3.78856e-09
1.10151e-06
3.78853e-09
1.1015e-06
3.23043e-09
1.10149e-06
1.83824e-09
1.10147e-06
3.24634e-10
1.10148e-06
-1.10753e-09
1.1015e-06
-2.18349e-09
1.10154e-06
-2.84562e-09
1.1016e-06
-3.08735e-09
1.10166e-06
-3.00045e-09
1.10172e-06
-2.69163e-09
1.10178e-06
-2.27441e-09
1.10183e-06
-1.83412e-09
1.10188e-06
-1.42852e-09
1.10191e-06
-1.08535e-09
1.10195e-06
-8.12315e-10
1.10197e-06
-6.03802e-10
1.10199e-06
-4.48754e-10
1.10201e-06
-3.34689e-10
1.10202e-06
-2.50606e-10
1.10203e-06
-1.87619e-10
1.10204e-06
-1.39194e-10
1.10205e-06
-1.00563e-10
1.10205e-06
-6.84e-11
1.10205e-06
-4.02372e-11
1.10205e-06
-1.42636e-11
1.10205e-06
1.10573e-11
1.10205e-06
3.70658e-11
1.10205e-06
6.52119e-11
1.10204e-06
9.7153e-11
1.10203e-06
1.35171e-10
1.10202e-06
1.82452e-10
1.10201e-06
2.43747e-10
1.10199e-06
3.25754e-10
1.10197e-06
4.37735e-10
1.10195e-06
5.9116e-10
1.10191e-06
7.99002e-10
1.10188e-06
1.07265e-09
1.10183e-06
1.41781e-09
1.10178e-06
1.82663e-09
1.10172e-06
2.27101e-09
1.10166e-06
2.69279e-09
1.1016e-06
3.00612e-09
1.10155e-06
3.09703e-09
1.1015e-06
2.85844e-09
1.10148e-06
2.19803e-09
1.10148e-06
1.12204e-09
1.10149e-06
-3.1249e-10
1.10151e-06
-1.8307e-09
1.10151e-06
-3.22901e-09
-3.79156e-09
1.10588e-06
3.78013e-09
1.10588e-06
3.22437e-09
1.10588e-06
1.84791e-09
1.10587e-06
3.31283e-10
1.10587e-06
-1.11175e-09
1.1059e-06
-2.20444e-09
1.10593e-06
-2.88164e-09
1.10598e-06
-3.13491e-09
1.10603e-06
-3.05432e-09
1.10609e-06
-2.74716e-09
1.10614e-06
-2.32777e-09
1.10619e-06
-1.88289e-09
1.10624e-06
-1.47141e-09
1.10627e-06
-1.12204e-09
1.1063e-06
-8.43102e-10
1.10633e-06
-6.293e-10
1.10635e-06
-4.69683e-10
1.10637e-06
-3.51743e-10
1.10638e-06
-2.64383e-10
1.10639e-06
-1.98602e-10
1.1064e-06
-1.47751e-10
1.10641e-06
-1.06969e-10
1.10641e-06
-7.285e-11
1.10641e-06
-4.28652e-11
1.10641e-06
-1.51483e-11
1.10641e-06
1.18847e-11
1.10641e-06
3.9624e-11
1.10641e-06
6.95711e-11
1.1064e-06
1.03446e-10
1.10639e-06
1.43604e-10
1.10638e-06
1.93321e-10
1.10637e-06
2.57448e-10
1.10635e-06
3.42796e-10
1.10633e-06
4.5873e-10
1.1063e-06
6.16797e-10
1.10627e-06
8.29974e-10
1.10624e-06
1.10953e-09
1.10619e-06
1.46083e-09
1.10614e-06
1.87544e-09
1.10609e-06
2.32431e-09
1.10603e-06
2.74812e-09
1.10598e-06
3.05969e-09
1.10593e-06
3.14422e-09
1.1059e-06
2.89404e-09
1.10588e-06
2.21855e-09
1.10587e-06
1.12581e-09
1.10588e-06
-3.19584e-10
1.10589e-06
-1.84076e-09
1.10588e-06
-3.22319e-09
-3.78323e-09
1.1099e-06
3.76077e-09
1.10992e-06
3.20498e-09
1.10992e-06
1.84716e-09
1.10992e-06
3.31502e-10
1.10993e-06
-1.11757e-09
1.10995e-06
-2.223e-09
1.10998e-06
-2.91251e-09
1.11002e-06
-3.17601e-09
1.11007e-06
-3.10164e-09
1.11012e-06
-2.7969e-09
1.11016e-06
-2.37659e-09
1.11021e-06
-1.92845e-09
1.11025e-06
-1.51233e-09
1.11029e-06
-1.15775e-09
1.11032e-06
-8.73606e-10
1.11034e-06
-6.54959e-10
1.11036e-06
-4.91012e-10
1.11038e-06
-3.69291e-10
1.1104e-06
-2.78655e-10
1.11041e-06
-2.10028e-10
1.11042e-06
-1.56675e-10
1.11042e-06
-1.13657e-10
1.11043e-06
-7.74986e-11
1.11043e-06
-4.56106e-11
1.11043e-06
-1.60721e-11
1.11043e-06
1.27505e-11
1.11043e-06
4.22995e-11
1.11042e-06
7.41299e-11
1.11042e-06
1.10024e-10
1.11041e-06
1.52408e-10
1.1104e-06
2.04637e-10
1.11038e-06
2.71649e-10
1.11036e-06
3.60338e-10
1.11034e-06
4.80131e-10
1.11032e-06
6.426e-10
1.11029e-06
8.60668e-10
1.11025e-06
1.14543e-09
1.11021e-06
1.50189e-09
1.11016e-06
1.92107e-09
1.11012e-06
2.37307e-09
1.11007e-06
2.79769e-09
1.11002e-06
3.10673e-09
1.10998e-06
3.18497e-09
1.10995e-06
2.92451e-09
1.10993e-06
2.23668e-09
1.10992e-06
1.13119e-09
1.10992e-06
-3.20243e-10
1.10992e-06
-1.8404e-09
1.1099e-06
-3.20404e-09
-3.76395e-09
1.11357e-06
3.73086e-09
1.11361e-06
3.17253e-09
1.11362e-06
1.83605e-09
1.11363e-06
3.25121e-10
1.11364e-06
-1.1253e-09
1.11365e-06
-2.23947e-09
1.11368e-06
-2.93852e-09
1.11371e-06
-3.21085e-09
1.11376e-06
-3.14254e-09
1.1138e-06
-2.84094e-09
1.11384e-06
-2.42089e-09
1.11389e-06
-1.97084e-09
1.11392e-06
-1.55129e-09
1.11396e-06
-1.19249e-09
1.11399e-06
-9.03845e-10
1.11402e-06
-6.808e-10
1.11404e-06
-5.12764e-10
1.11406e-06
-3.87355e-10
1.11407e-06
-2.93444e-10
1.11408e-06
-2.21916e-10
1.11409e-06
-1.65982e-10
1.1141e-06
-1.20641e-10
1.1141e-06
-8.23546e-11
1.11411e-06
-4.84786e-11
1.11411e-06
-1.70367e-11
1.11411e-06
1.36563e-11
1.1141e-06
4.50972e-11
1.1141e-06
7.88967e-11
1.11409e-06
1.169e-10
1.11408e-06
1.61599e-10
1.11407e-06
2.16421e-10
1.11406e-06
2.86372e-10
1.11404e-06
3.78401e-10
1.11402e-06
5.01958e-10
1.11399e-06
6.68588e-10
1.11396e-06
8.91099e-10
1.11392e-06
1.18036e-09
1.11389e-06
1.54101e-09
1.11384e-06
1.96352e-09
1.1138e-06
2.41734e-09
1.11376e-06
2.84157e-09
1.11371e-06
3.14737e-09
1.11368e-06
3.21947e-09
1.11365e-06
2.95012e-09
1.11364e-06
2.25273e-09
1.11363e-06
1.13848e-09
1.11362e-06
-3.14293e-10
1.11361e-06
-1.82966e-09
1.11358e-06
-3.17182e-09
-3.73411e-09
1.11691e-06
3.69076e-09
1.11696e-06
3.12729e-09
1.11698e-06
1.81476e-09
1.11699e-06
3.12156e-10
1.117e-06
-1.13501e-09
1.11702e-06
-2.25394e-09
1.11704e-06
-2.95974e-09
1.11707e-06
-3.2395e-09
1.1171e-06
-3.17709e-09
1.11714e-06
-2.87933e-09
1.11718e-06
-2.46076e-09
1.11722e-06
-2.01011e-09
1.11726e-06
-1.58836e-09
1.11729e-06
-1.22631e-09
1.11732e-06
-9.3387e-10
1.11735e-06
-7.06868e-10
1.11737e-06
-5.34978e-10
1.11739e-06
-4.0597e-10
1.1174e-06
-3.08775e-10
1.11742e-06
-2.34288e-10
1.11743e-06
-1.75689e-10
1.11743e-06
-1.27932e-10
1.11744e-06
-8.7426e-11
1.11744e-06
-5.14741e-11
1.11744e-06
-1.8044e-11
1.11744e-06
1.46032e-11
1.11744e-06
4.80216e-11
1.11743e-06
8.38795e-11
1.11743e-06
1.24085e-10
1.11742e-06
1.71193e-10
1.1174e-06
2.28693e-10
1.11739e-06
3.01643e-10
1.11737e-06
3.97017e-10
1.11735e-06
5.24249e-10
1.11732e-06
6.94803e-10
1.11729e-06
9.21316e-10
1.11726e-06
1.21438e-09
1.11722e-06
1.57824e-09
1.11718e-06
2.00288e-09
1.11714e-06
2.45718e-09
1.1171e-06
2.87984e-09
1.11707e-06
3.18169e-09
1.11704e-06
3.2478e-09
1.11702e-06
2.97097e-09
1.11701e-06
2.26679e-09
1.117e-06
1.14777e-09
1.11698e-06
-3.01743e-10
1.11696e-06
-1.80873e-09
1.11691e-06
-3.1268e-09
-3.6941e-09
1.11991e-06
3.64085e-09
1.11997e-06
3.06945e-09
1.12e-06
1.78351e-09
1.12002e-06
2.92787e-10
1.12003e-06
-1.14657e-09
1.12005e-06
-2.2663e-09
1.12006e-06
-2.97609e-09
1.12009e-06
-3.26191e-09
1.12011e-06
-3.20529e-09
1.12015e-06
-2.91213e-09
1.12018e-06
-2.49625e-09
1.12022e-06
-2.04636e-09
1.12025e-06
-1.62363e-09
1.12029e-06
-1.25932e-09
1.12032e-06
-9.63764e-10
1.12034e-06
-7.33232e-10
1.12036e-06
-5.57708e-10
1.12038e-06
-4.25174e-10
1.1204e-06
-3.24679e-10
1.12041e-06
-2.47165e-10
1.12042e-06
-1.8581e-10
1.12043e-06
-1.35541e-10
1.12044e-06
-9.27205e-11
1.12044e-06
-5.46015e-11
1.12044e-06
-1.90956e-11
1.12044e-06
1.55925e-11
1.12044e-06
5.10767e-11
1.12043e-06
8.90854e-11
1.12042e-06
1.31589e-10
1.12041e-06
1.81205e-10
1.1204e-06
2.41475e-10
1.12038e-06
3.1749e-10
1.12037e-06
4.16226e-10
1.12034e-06
5.47057e-10
1.12032e-06
7.21313e-10
1.12029e-06
9.51401e-10
1.12025e-06
1.24759e-09
1.12022e-06
1.61368e-09
1.12018e-06
2.03922e-09
1.12015e-06
2.49267e-09
1.12011e-06
2.91253e-09
1.12009e-06
3.20968e-09
1.12006e-06
3.26993e-09
1.12005e-06
2.98697e-09
1.12003e-06
2.27876e-09
1.12002e-06
1.15891e-09
1.12e-06
-2.82772e-10
1.11997e-06
-1.77782e-09
1.11991e-06
-3.06917e-09
-3.64426e-09
1.12257e-06
3.58151e-09
1.12265e-06
2.99922e-09
1.12269e-06
1.74262e-09
1.12271e-06
2.67362e-10
1.12273e-06
-1.15963e-09
1.12274e-06
-2.27621e-09
1.12275e-06
-2.9873e-09
1.12276e-06
-3.27793e-09
1.12279e-06
-3.22709e-09
1.12281e-06
-2.93938e-09
1.12284e-06
-2.5275e-09
1.12288e-06
-2.07974e-09
1.12291e-06
-1.65727e-09
1.12294e-06
-1.29164e-09
1.12297e-06
-9.93644e-10
1.123e-06
-7.59985e-10
1.12302e-06
-5.81023e-10
1.12304e-06
-4.45019e-10
1.12306e-06
-3.41193e-10
1.12307e-06
-2.60573e-10
1.12308e-06
-1.96364e-10
1.12309e-06
-1.43479e-10
1.1231e-06
-9.82454e-11
1.1231e-06
-5.78649e-11
1.1231e-06
-2.01927e-11
1.1231e-06
1.66255e-11
1.1231e-06
5.42665e-11
1.12309e-06
9.45215e-11
1.12308e-06
1.39425e-10
1.12307e-06
1.91652e-10
1.12306e-06
2.54791e-10
1.12304e-06
3.33951e-10
1.12302e-06
4.36078e-10
1.123e-06
5.7045e-10
1.12297e-06
7.48211e-10
1.12294e-06
9.81472e-10
1.12291e-06
1.28011e-09
1.12288e-06
1.64748e-09
1.12284e-06
2.07271e-09
1.12281e-06
2.52393e-09
1.12279e-06
2.93969e-09
1.12276e-06
3.23129e-09
1.12275e-06
3.28568e-09
1.12274e-06
2.99785e-09
1.12273e-06
2.28831e-09
1.12271e-06
1.17158e-09
1.12269e-06
-2.57724e-10
1.12265e-06
-1.73724e-09
1.12258e-06
-2.99914e-09
-3.585e-09
1.1249e-06
3.51299e-09
1.12499e-06
2.91665e-09
1.12504e-06
1.69237e-09
1.12507e-06
2.36338e-10
1.12508e-06
-1.17365e-09
1.12509e-06
-2.28313e-09
1.1251e-06
-2.99291e-09
1.1251e-06
-3.28724e-09
1.12512e-06
-3.24235e-09
1.12514e-06
-2.9611e-09
1.12517e-06
-2.55461e-09
1.1252e-06
-2.11043e-09
1.12523e-06
-1.68945e-09
1.12526e-06
-1.32346e-09
1.12529e-06
-1.02366e-09
1.12532e-06
-7.87239e-10
1.12534e-06
-6.05006e-10
1.12536e-06
-4.65563e-10
1.12538e-06
-3.58354e-10
1.1254e-06
-2.74537e-10
1.12541e-06
-2.07367e-10
1.12541e-06
-1.51758e-10
1.12542e-06
-1.04007e-10
1.12542e-06
-6.12677e-11
1.12543e-06
-2.13366e-11
1.12542e-06
1.77029e-11
1.12542e-06
5.75939e-11
1.12542e-06
1.00194e-10
1.12541e-06
1.47602e-10
1.1254e-06
2.0255e-10
1.12538e-06
2.68666e-10
1.12537e-06
3.51061e-10
1.12534e-06
4.5663e-10
1.12532e-06
5.94512e-10
1.12529e-06
7.75609e-10
1.12526e-06
1.01168e-09
1.12523e-06
1.31213e-09
1.1252e-06
1.67985e-09
1.12517e-06
2.10351e-09
1.12514e-06
2.55107e-09
1.12512e-06
2.96135e-09
1.1251e-06
3.2464e-09
1.1251e-06
3.29476e-09
1.12509e-06
3.00316e-09
1.12508e-06
2.29488e-09
1.12507e-06
1.18523e-09
1.12504e-06
-2.27054e-10
1.12499e-06
-1.68728e-09
1.12491e-06
-2.91674e-09
-3.51653e-09
1.1269e-06
3.43552e-09
1.12699e-06
2.82168e-09
1.12705e-06
1.63303e-09
1.12709e-06
2.00243e-10
1.12711e-06
-1.18796e-09
1.12711e-06
-2.28637e-09
1.12711e-06
-2.99238e-09
1.12711e-06
-3.28951e-09
1.12712e-06
-3.25096e-09
1.12713e-06
-2.97736e-09
1.12716e-06
-2.57779e-09
1.12719e-06
-2.13868e-09
1.12722e-06
-1.72046e-09
1.12725e-06
-1.35502e-09
1.12728e-06
-1.054e-09
1.12731e-06
-8.15143e-10
1.12733e-06
-6.29763e-10
1.12735e-06
-4.86877e-10
1.12737e-06
-3.76209e-10
1.12738e-06
-2.89087e-10
1.1274e-06
-2.18837e-10
1.1274e-06
-1.60389e-10
1.12741e-06
-1.10012e-10
1.12741e-06
-6.48134e-11
1.12742e-06
-2.25284e-11
1.12741e-06
1.88259e-11
1.12741e-06
6.10623e-11
1.1274e-06
1.06108e-10
1.1274e-06
1.5613e-10
1.12738e-06
2.13916e-10
1.12737e-06
2.83127e-10
1.12735e-06
3.68867e-10
1.12733e-06
4.77952e-10
1.12731e-06
6.19347e-10
1.12728e-06
8.03656e-10
1.12725e-06
1.04221e-09
1.12722e-06
1.3439e-09
1.12719e-06
1.71104e-09
1.12716e-06
2.1319e-09
1.12713e-06
2.57431e-09
1.12712e-06
2.97757e-09
1.12711e-06
3.25488e-09
1.12711e-06
3.29682e-09
1.12711e-06
3.00235e-09
1.12711e-06
2.29779e-09
1.12709e-06
1.19919e-09
1.12706e-06
-1.91292e-10
1.127e-06
-1.62821e-09
1.1269e-06
-2.82191e-09
-3.43911e-09
1.12856e-06
3.34916e-09
1.12867e-06
2.71407e-09
1.12874e-06
1.5649e-09
1.12878e-06
1.59796e-10
1.12879e-06
-1.20158e-09
1.12879e-06
-2.2849e-09
1.12879e-06
-2.98482e-09
1.12878e-06
-3.28411e-09
1.12878e-06
-3.25261e-09
1.12879e-06
-2.98811e-09
1.12881e-06
-2.59719e-09
1.12884e-06
-2.16474e-09
1.12887e-06
-1.75055e-09
1.1289e-06
-1.38657e-09
1.12893e-06
-1.08488e-09
1.12896e-06
-8.43846e-10
1.12898e-06
-6.55396e-10
1.12901e-06
-5.09026e-10
1.12902e-06
-3.948e-10
1.12904e-06
-3.04245e-10
1.12905e-06
-2.30787e-10
1.12906e-06
-1.69378e-10
1.12907e-06
-1.16264e-10
1.12907e-06
-6.85034e-11
1.12907e-06
-2.37685e-11
1.12907e-06
1.99944e-11
1.12907e-06
6.46724e-11
1.12906e-06
1.12266e-10
1.12905e-06
1.65014e-10
1.12904e-06
2.2576e-10
1.12902e-06
2.98197e-10
1.12901e-06
3.87408e-10
1.12898e-06
5.0011e-10
1.12896e-06
6.45057e-10
1.12893e-06
8.32503e-10
1.1289e-06
1.07327e-09
1.12887e-06
1.37565e-09
1.12884e-06
1.74133e-09
1.12881e-06
2.1581e-09
1.12879e-06
2.59378e-09
1.12878e-06
2.98832e-09
1.12878e-06
3.25643e-09
1.12879e-06
3.29124e-09
1.12879e-06
2.99453e-09
1.1288e-06
2.29601e-09
1.12878e-06
1.21248e-09
1.12874e-06
-1.5116e-10
1.12867e-06
-1.56031e-09
1.12857e-06
-2.71441e-09
-3.35278e-09
1.1299e-06
3.25434e-09
1.13002e-06
2.59385e-09
1.1301e-06
1.48841e-09
1.13014e-06
1.15934e-10
1.13015e-06
-1.21333e-09
1.13015e-06
-2.27754e-09
1.13013e-06
-2.96927e-09
1.13012e-06
-3.27044e-09
1.13011e-06
-3.24704e-09
1.13012e-06
-2.99339e-09
1.13013e-06
-2.61302e-09
1.13015e-06
-2.18893e-09
1.13018e-06
-1.78006e-09
1.13022e-06
-1.41839e-09
1.13025e-06
-1.11651e-09
1.13028e-06
-8.73512e-10
1.1303e-06
-6.82013e-10
1.13033e-06
-5.32076e-10
1.13035e-06
-4.1416e-10
1.13036e-06
-3.20029e-10
1.13037e-06
-2.43223e-10
1.13038e-06
-1.78725e-10
1.13039e-06
-1.22761e-10
1.13039e-06
-7.23365e-11
1.1304e-06
-2.50564e-11
1.13039e-06
2.1208e-11
1.13039e-06
6.84226e-11
1.13038e-06
1.18667e-10
1.13037e-06
1.74254e-10
1.13036e-06
2.38087e-10
1.13035e-06
3.13889e-10
1.13033e-06
4.06715e-10
1.1303e-06
5.23166e-10
1.13028e-06
6.71749e-10
1.13025e-06
8.6231e-10
1.13022e-06
1.1051e-09
1.13018e-06
1.40769e-09
1.13015e-06
1.77104e-09
1.13013e-06
2.18245e-09
1.13011e-06
2.60971e-09
1.13011e-06
2.99362e-09
1.13012e-06
3.25079e-09
1.13013e-06
3.27741e-09
1.13015e-06
2.97874e-09
1.13015e-06
2.28835e-09
1.13014e-06
1.22389e-09
1.1301e-06
-1.07612e-10
1.13002e-06
-1.48406e-09
1.1299e-06
-2.59428e-09
-3.25799e-09
1.13091e-06
3.14962e-09
1.13104e-06
2.45939e-09
1.13113e-06
1.40309e-09
1.13117e-06
6.90388e-11
1.13118e-06
-1.22217e-09
1.13117e-06
-2.26305e-09
1.13114e-06
-2.94463e-09
1.13112e-06
-3.24775e-09
1.1311e-06
-3.23391e-09
1.1311e-06
-2.99321e-09
1.13112e-06
-2.62551e-09
1.13114e-06
-2.21156e-09
1.13117e-06
-1.80932e-09
1.1312e-06
-1.45076e-09
1.13123e-06
-1.1491e-09
1.13126e-06
-9.04266e-10
1.13129e-06
-7.09678e-10
1.13132e-06
-5.56049e-10
1.13134e-06
-4.34286e-10
1.13135e-06
-3.36422e-10
1.13136e-06
-2.56126e-10
1.13137e-06
-1.88415e-10
1.13138e-06
-1.2949e-10
1.13139e-06
-7.63052e-11
1.13139e-06
-2.63909e-11
1.13139e-06
2.24612e-11
1.13138e-06
7.23008e-11
1.13137e-06
1.25292e-10
1.13137e-06
1.83825e-10
1.13135e-06
2.50869e-10
1.13134e-06
3.30177e-10
1.13132e-06
4.26773e-10
1.13129e-06
5.47128e-10
1.13126e-06
6.99471e-10
1.13123e-06
8.93186e-10
1.1312e-06
1.13786e-09
1.13117e-06
1.44025e-09
1.13114e-06
1.80048e-09
1.13112e-06
2.20524e-09
1.1311e-06
2.62229e-09
1.1311e-06
2.99345e-09
1.13112e-06
3.23759e-09
1.13114e-06
3.25456e-09
1.13117e-06
2.95384e-09
1.13118e-06
2.2735e-09
1.13117e-06
1.23233e-09
1.13113e-06
-6.11001e-11
1.13104e-06
-1.39902e-09
1.13091e-06
-2.45995e-09
-3.15333e-09
1.13159e-06
3.0365e-09
1.13173e-06
2.31103e-09
1.13183e-06
1.31017e-09
1.13188e-06
2.0878e-11
1.13188e-06
-1.22575e-09
1.13185e-06
-2.23914e-09
1.13182e-06
-2.90902e-09
1.13179e-06
-3.21474e-09
1.13176e-06
-3.21254e-09
1.13176e-06
-2.98738e-09
1.13177e-06
-2.63487e-09
1.13179e-06
-2.23306e-09
1.13182e-06
-1.8388e-09
1.13185e-06
-1.48413e-09
1.13189e-06
-1.18303e-09
1.13192e-06
-9.36395e-10
1.13195e-06
-7.38597e-10
1.13197e-06
-5.81085e-10
1.13199e-06
-4.5527e-10
1.13201e-06
-3.53482e-10
1.13202e-06
-2.69529e-10
1.13203e-06
-1.98465e-10
1.13204e-06
-1.36462e-10
1.13205e-06
-8.04136e-11
1.13205e-06
-2.77721e-11
1.13205e-06
2.37574e-11
1.13204e-06
7.63144e-11
1.13203e-06
1.32153e-10
1.13202e-06
1.93751e-10
1.13201e-06
2.64145e-10
1.13199e-06
3.47126e-10
1.13197e-06
4.47687e-10
1.13195e-06
5.72155e-10
1.13192e-06
7.28454e-10
1.13189e-06
9.25448e-10
1.13185e-06
1.17197e-09
1.13182e-06
1.47382e-09
1.13179e-06
1.83014e-09
1.13177e-06
2.22687e-09
1.13176e-06
2.63173e-09
1.13176e-06
2.98762e-09
1.13179e-06
3.21612e-09
1.13182e-06
3.22134e-09
1.13186e-06
2.91792e-09
1.13188e-06
2.2492e-09
1.13188e-06
1.23547e-09
1.13183e-06
-1.33402e-11
1.13174e-06
-1.30639e-09
1.13159e-06
-2.31166e-09
-3.04022e-09
1.13194e-06
2.91001e-09
1.1321e-06
2.14256e-09
1.1322e-06
1.20671e-09
1.13225e-06
-3.01268e-11
1.13225e-06
-1.2243e-09
1.13221e-06
-2.20555e-09
1.13216e-06
-2.86216e-09
1.13212e-06
-3.17148e-09
1.13209e-06
-3.18344e-09
1.13208e-06
-2.9768e-09
1.13209e-06
-2.64217e-09
1.13211e-06
-2.25452e-09
1.13214e-06
-1.86952e-09
1.13217e-06
-1.51937e-09
1.13221e-06
-1.21897e-09
1.13224e-06
-9.70406e-10
1.13227e-06
-7.69133e-10
1.1323e-06
-6.07435e-10
1.13232e-06
-4.77284e-10
1.13234e-06
-3.71327e-10
1.13235e-06
-2.83514e-10
1.13236e-06
-2.0893e-10
1.13237e-06
-1.43713e-10
1.13237e-06
-8.46836e-11
1.13238e-06
-2.92094e-11
1.13237e-06
2.50986e-11
1.13237e-06
8.04772e-11
1.13236e-06
1.39279e-10
1.13235e-06
2.04075e-10
1.13234e-06
2.77985e-10
1.13232e-06
3.64842e-10
1.1323e-06
4.69616e-10
1.13227e-06
5.98488e-10
1.13224e-06
7.59051e-10
1.13221e-06
9.59597e-10
1.13217e-06
1.2081e-09
1.13214e-06
1.50927e-09
1.13211e-06
1.86107e-09
1.13208e-06
2.24849e-09
1.13208e-06
2.63912e-09
1.13209e-06
2.97703e-09
1.13212e-06
3.18692e-09
1.13216e-06
3.17787e-09
1.13221e-06
2.87073e-09
1.13225e-06
2.21519e-09
1.13225e-06
1.23354e-09
1.1322e-06
3.72416e-11
1.1321e-06
-1.20319e-09
1.13194e-06
-2.1432e-09
-2.91368e-09
1.13195e-06
2.79067e-09
1.13214e-06
1.97293e-09
1.13225e-06
1.11349e-09
1.13229e-06
-6.67645e-11
1.13228e-06
-1.20227e-09
1.13223e-06
-2.14936e-09
1.13217e-06
-2.79332e-09
1.13212e-06
-3.1093e-09
1.13208e-06
-3.13962e-09
1.13206e-06
-2.95586e-09
1.13207e-06
-2.6429e-09
1.13209e-06
-2.27227e-09
1.13212e-06
-1.89845e-09
1.13215e-06
-1.55393e-09
1.13219e-06
-1.2548e-09
1.13223e-06
-1.00452e-09
1.13226e-06
-7.99807e-10
1.13229e-06
-6.33882e-10
1.13231e-06
-4.99337e-10
1.13233e-06
-3.89164e-10
1.13234e-06
-2.97464e-10
1.13235e-06
-2.1935e-10
1.13236e-06
-1.50918e-10
1.13237e-06
-8.89163e-11
1.13237e-06
-3.06217e-11
1.13237e-06
2.64496e-11
1.13236e-06
8.46368e-11
1.13236e-06
1.46392e-10
1.13234e-06
2.14387e-10
1.13233e-06
2.91824e-10
1.13231e-06
3.82591e-10
1.13229e-06
4.91629e-10
1.13226e-06
6.24968e-10
1.13223e-06
7.89839e-10
1.13219e-06
9.93894e-10
1.13216e-06
1.24415e-09
1.13212e-06
1.54403e-09
1.13209e-06
1.89013e-09
1.13206e-06
2.26627e-09
1.13206e-06
2.63975e-09
1.13208e-06
2.95585e-09
1.13212e-06
3.14272e-09
1.13217e-06
3.11517e-09
1.13224e-06
2.80124e-09
1.13228e-06
2.15825e-09
1.1323e-06
1.21074e-09
1.13225e-06
7.31877e-11
1.13214e-06
-1.11042e-09
1.13195e-06
-1.97367e-09
-2.79443e-09
1.74358e-08
1.57764e-09
1.86342e-08
7.95491e-10
1.89103e-08
8.55687e-10
1.89465e-08
-8.7785e-11
1.89156e-08
-1.15891e-09
1.87849e-08
-2.00848e-09
1.86148e-08
-2.61477e-09
1.84395e-08
-2.92687e-09
1.82793e-08
-2.97328e-09
1.81476e-08
-2.81896e-09
1.80479e-08
-2.53862e-09
1.79779e-08
-2.19837e-09
1.79324e-08
-1.84958e-09
1.7905e-08
-1.52379e-09
1.78902e-08
-1.23765e-09
1.78834e-08
-9.9583e-10
1.78814e-08
-7.9623e-10
1.78818e-08
-6.33031e-10
1.78834e-08
-4.99919e-10
1.78853e-08
-3.90298e-10
1.78871e-08
-2.98707e-10
1.78888e-08
-2.20614e-10
1.78901e-08
-1.5187e-10
1.78909e-08
-8.9538e-11
1.78913e-08
-3.09351e-11
1.78913e-08
2.64194e-11
1.78909e-08
8.48975e-11
1.78901e-08
1.46955e-10
1.78888e-08
2.15233e-10
1.78875e-08
2.92607e-10
1.78861e-08
3.83238e-10
1.78851e-08
4.91687e-10
1.78853e-08
6.23633e-10
1.7888e-08
7.85629e-10
1.78955e-08
9.8449e-10
1.79112e-08
1.22612e-09
1.79396e-08
1.51273e-09
1.79865e-08
1.83983e-09
1.8058e-08
2.19073e-09
1.81592e-08
2.53382e-09
1.82919e-08
2.81759e-09
1.84523e-08
2.97596e-09
1.86261e-08
2.93388e-09
1.87926e-08
2.62593e-09
1.89171e-08
2.02325e-09
1.89399e-08
1.1751e-09
1.88939e-08
1.03686e-10
1.86123e-08
-8.47338e-10
1.74154e-08
-7.98097e-10
-1.58463e-09
9.01164e-11
8.72232e-10
8.06253e-10
7.9869e-11
9.54461e-10
7.08071e-10
1.09604e-09
-2.28908e-10
1.05872e-09
-1.121e-09
9.6207e-10
-1.91123e-09
8.19287e-10
-2.47139e-09
6.62443e-10
-2.76946e-09
5.14406e-10
-2.8247e-09
3.88626e-10
-2.69268e-09
2.90041e-10
-2.43957e-09
2.18204e-10
-2.12612e-09
1.69272e-10
-1.80027e-09
1.3809e-10
-1.49229e-09
1.19624e-10
-1.2189e-09
1.09823e-10
-9.8578e-10
1.05436e-10
-7.91627e-10
1.0406e-10
-6.31471e-10
1.04337e-10
-5.00037e-10
1.05353e-10
-3.91183e-10
1.0657e-10
-2.99817e-10
1.07681e-10
-2.21642e-10
1.08567e-10
-1.52695e-10
1.09151e-10
-9.00853e-11
1.09385e-10
-3.11532e-11
1.09235e-10
2.65611e-11
1.08734e-10
8.53701e-11
1.07927e-10
1.47708e-10
1.06871e-10
2.16215e-10
1.05675e-10
2.93702e-10
1.04616e-10
3.84172e-10
1.04205e-10
4.91945e-10
1.05263e-10
6.22392e-10
1.09299e-10
7.81377e-10
1.18561e-10
9.74976e-10
1.36425e-10
1.20796e-09
1.66945e-10
1.48188e-09
2.15227e-10
1.79115e-09
2.86475e-10
2.11904e-09
3.84615e-10
2.43517e-09
5.10204e-10
2.69142e-09
6.58466e-10
2.82705e-09
8.16109e-10
2.77554e-09
9.60409e-10
2.48089e-09
1.05941e-09
1.92349e-09
1.09966e-09
1.13409e-09
9.60731e-10
2.41933e-10
8.13841e-10
-7.012e-10
9.66372e-11
-8.15894e-11
-8.79046e-10
2.12943e-10
3.71983e-10
7.14924e-10
-4.21543e-10
8.67911e-10
5.55734e-10
9.6288e-10
-3.23259e-10
9.19037e-10
-1.07652e-09
8.13836e-10
-1.80539e-09
6.70088e-10
-2.32701e-09
5.18379e-10
-2.61714e-09
3.75912e-10
-2.68165e-09
2.54202e-10
-2.57043e-09
1.57881e-10
-2.34277e-09
8.67261e-11
-2.05453e-09
3.73759e-11
-1.75053e-09
5.20662e-12
-1.45977e-09
-1.43928e-11
-1.199e-09
-2.58814e-11
-9.74032e-10
-3.19207e-11
-7.85361e-10
-3.45259e-11
-6.28674e-10
-3.51926e-11
-4.99205e-10
-3.49018e-11
-3.91338e-10
-3.42013e-11
-3.00406e-10
-3.34721e-11
-2.22287e-10
-3.28277e-11
-1.53277e-10
-3.23858e-11
-9.04905e-11
-3.21898e-11
-3.13335e-11
-3.2261e-11
2.66224e-11
-3.25781e-11
8.56561e-11
-3.30966e-11
1.4817e-10
-3.37139e-11
2.16753e-10
-3.43368e-11
2.94217e-10
-3.4515e-11
3.84217e-10
-3.3952e-11
4.91219e-10
-3.14002e-11
6.19647e-10
-2.57339e-11
7.75481e-10
-1.4516e-11
9.63491e-10
4.72255e-12
1.18841e-09
3.65208e-11
1.44972e-09
8.55393e-11
1.74172e-09
1.56431e-10
2.04766e-09
2.52598e-10
2.33845e-09
3.74314e-10
2.56909e-09
5.16985e-10
2.68369e-09
6.69098e-10
2.62269e-09
8.13535e-10
2.33566e-09
9.19725e-10
1.81649e-09
9.64608e-10
1.08838e-09
8.71629e-10
3.34104e-10
7.19321e-10
-5.49714e-10
2.17856e-10
4.1912e-10
-3.79669e-10
3.85833e-10
8.04417e-11
6.45248e-10
-6.80372e-10
8.00634e-10
4.0101e-10
8.95252e-10
-4.17233e-10
8.66728e-10
-1.04734e-09
7.81064e-10
-1.71907e-09
6.53479e-10
-2.19877e-09
5.13707e-10
-2.47675e-09
3.78779e-10
-2.54614e-09
2.6202e-10
-2.45313e-09
1.68337e-10
-2.24859e-09
9.80195e-11
-1.98377e-09
4.82306e-11
-1.70035e-09
1.48763e-11
-1.42608e-09
-6.08096e-12
-1.17774e-09
-1.89443e-11
-9.60907e-10
-2.62337e-11
-7.77843e-10
-2.98033e-11
-6.24911e-10
-3.14526e-11
-4.9739e-10
-3.19441e-11
-3.90711e-10
-3.17892e-11
-3.00449e-10
-3.14375e-11
-2.22555e-10
-3.10605e-11
-1.53591e-10
-3.07715e-11
-9.07433e-11
-3.06256e-11
-3.14641e-11
-3.06511e-11
2.6637e-11
-3.08192e-11
8.57924e-11
-3.10772e-11
1.48369e-10
-3.13295e-11
2.16924e-10
-3.14066e-11
2.94185e-10
-3.09587e-11
3.83635e-10
-2.93886e-11
4.89482e-10
-2.58438e-11
6.15906e-10
-1.88029e-11
7.68206e-10
-6.22046e-12
9.50635e-10
1.44427e-11
1.16743e-09
4.74607e-11
1.41633e-09
9.69368e-11
1.69181e-09
1.67021e-10
1.97709e-09
2.60584e-10
2.24432e-09
3.7736e-10
2.45167e-09
5.12484e-10
2.54785e-09
6.52699e-10
2.48171e-09
7.80976e-10
2.20657e-09
8.67588e-10
1.72905e-09
8.97178e-10
1.05795e-09
8.03464e-10
4.26979e-10
6.48816e-10
-3.95907e-10
3.89602e-10
6.77569e-10
-8.78676e-11
4.71461e-10
-1.63427e-10
7.07837e-10
-9.16145e-10
8.26028e-10
2.83484e-10
8.94008e-10
-4.84569e-10
8.58504e-10
-1.01118e-09
7.67617e-10
-1.62753e-09
6.44069e-10
-2.07458e-09
5.10557e-10
-2.34262e-09
3.82073e-10
-2.41707e-09
2.6968e-10
-2.34021e-09
1.78477e-10
-2.1569e-09
1.08995e-10
-1.91385e-09
5.89085e-11
-1.64987e-09
2.4612e-11
-1.39144e-09
2.16106e-12
-1.15499e-09
-1.16819e-11
-9.46806e-10
-2.01396e-11
-7.6916e-10
-2.48593e-11
-6.20001e-10
-2.72853e-11
-4.948e-10
-2.83435e-11
-3.8952e-10
-2.86953e-11
-2.99986e-10
-2.87045e-11
-2.22463e-10
-2.85641e-11
-1.53669e-10
-2.8416e-11
-9.08564e-11
-2.8316e-11
-3.1549e-11
-2.82996e-11
2.66091e-11
-2.83354e-11
8.57967e-11
-2.836e-11
1.48335e-10
-2.82579e-11
2.16743e-10
-2.78029e-11
2.93622e-10
-2.67462e-11
3.82446e-10
-2.43153e-11
4.86887e-10
-1.97813e-11
6.11178e-10
-1.15287e-11
7.5972e-10
2.05388e-12
9.36783e-10
2.41913e-11
1.14497e-09
5.81786e-11
1.38198e-09
1.07989e-10
1.64157e-09
1.77257e-10
1.90733e-09
2.68348e-10
2.15266e-09
3.8078e-10
2.33861e-09
5.09468e-10
2.41845e-09
6.4341e-10
2.347e-09
7.67541e-10
2.08162e-09
8.59289e-10
1.63647e-09
8.95719e-10
1.02067e-09
8.29113e-10
4.92745e-10
7.11486e-10
-2.79126e-10
4.74148e-10
9.14132e-10
1.56925e-10
5.32836e-10
-3.43476e-10
6.6987e-10
-1.05259e-09
7.94527e-10
1.59478e-10
8.52879e-10
-5.42289e-10
8.26321e-10
-9.83978e-10
7.47491e-10
-1.54807e-09
6.33467e-10
-1.95993e-09
5.07055e-10
-2.21561e-09
3.84636e-10
-2.29408e-09
2.76546e-10
-2.23159e-09
1.87813e-10
-2.06768e-09
1.19286e-10
-1.84489e-09
6.90665e-11
-1.59927e-09
3.39437e-11
-1.35598e-09
1.03713e-11
-1.13112e-09
-4.58283e-12
-9.316e-10
-1.40522e-11
-7.59471e-10
-1.97883e-11
-6.1408e-10
-2.29044e-11
-4.91523e-10
-2.46989e-11
-3.87596e-10
-2.55685e-11
-2.99008e-10
-2.59289e-11
-2.22022e-10
-2.60382e-11
-1.53499e-10
-2.60294e-11
-9.08316e-11
-2.59774e-11
-3.15862e-11
-2.59187e-11
2.65385e-11
-2.58191e-11
8.56666e-11
-2.56037e-11
1.48062e-10
-2.51553e-11
2.16217e-10
-2.42603e-11
2.9262e-10
-2.25097e-11
3.80566e-10
-1.93432e-11
4.83558e-10
-1.37578e-11
6.05403e-10
-4.41523e-12
7.50151e-10
1.02724e-11
9.21831e-10
3.35589e-11
1.12137e-09
6.83881e-11
1.34679e-09
1.18334e-10
1.5912e-09
1.86681e-10
1.8385e-09
2.75335e-10
2.06345e-09
3.83453e-10
2.22986e-09
5.06076e-10
2.29513e-09
6.32894e-10
2.21943e-09
7.47545e-10
1.96617e-09
8.27178e-10
1.55602e-09
8.54646e-10
9.9237e-10
7.97121e-10
5.49444e-10
6.73122e-10
-1.55962e-10
5.3613e-10
1.05037e-09
3.37159e-10
5.84707e-10
-4.96579e-10
7.07692e-10
-1.17499e-09
8.03025e-10
6.47688e-11
8.41833e-10
-5.80484e-10
8.11373e-10
-9.52898e-10
7.31634e-10
-1.46771e-09
6.23437e-10
-1.85113e-09
5.03467e-10
-2.09506e-09
3.86748e-10
-2.17681e-09
2.82694e-10
-2.12703e-09
1.96382e-10
-1.9809e-09
1.2886e-10
-1.77696e-09
7.86179e-11
-1.54866e-09
4.28304e-11
-1.31987e-09
1.82788e-11
-1.10628e-09
2.04638e-12
-9.15125e-10
-8.13559e-12
-7.49074e-10
-1.47163e-11
-6.07321e-10
-1.88356e-11
-4.87248e-10
-2.11647e-11
-3.85142e-10
-2.24714e-11
-2.97596e-10
-2.31765e-11
-2.21241e-10
-2.35135e-11
-1.53103e-10
-2.36511e-11
-9.06622e-11
-2.36466e-11
-3.15758e-11
-2.354e-11
2.64198e-11
-2.33144e-11
8.54118e-11
-2.28674e-11
1.47558e-10
-2.20751e-11
2.15349e-10
-2.07252e-11
2.91166e-10
-1.83741e-11
3.78091e-10
-1.43847e-11
4.79412e-10
-7.84207e-12
5.98678e-10
2.16854e-12
7.39918e-10
1.81688e-11
9.05575e-10
4.24554e-11
1.09678e-09
7.79764e-11
1.31092e-09
1.27987e-10
1.54078e-09
1.95339e-10
1.77068e-09
2.81575e-10
1.97667e-09
3.85679e-10
2.12515e-09
5.02599e-10
2.17752e-09
6.22961e-10
2.09834e-09
7.31745e-10
1.8566e-09
8.12205e-10
1.47476e-09
8.43502e-10
9.60262e-10
8.0568e-10
5.86461e-10
7.10876e-10
-6.19655e-11
5.87921e-10
1.17258e-09
4.90263e-10
6.39785e-10
-6.07042e-10
6.99538e-10
-1.23419e-09
7.91422e-10
-2.65035e-11
8.18622e-10
-6.07097e-10
7.90618e-10
-9.24299e-10
7.15517e-10
-1.39202e-09
6.13843e-10
-1.74887e-09
4.99673e-10
-1.98033e-09
3.8838e-10
-2.06498e-09
2.88165e-10
-2.02633e-09
2.04225e-10
-1.89651e-09
1.3776e-10
-1.7101e-09
8.76023e-11
-1.49814e-09
5.12702e-11
-1.28323e-09
2.58539e-11
-1.08059e-09
8.626e-12
-8.97664e-10
-2.67499e-12
-7.37566e-10
-9.99443e-12
-5.9983e-10
-1.46305e-11
-4.82461e-10
-1.76355e-11
-3.82018e-10
-1.93938e-11
-2.95735e-10
-2.04351e-11
-2.20126e-10
-2.10014e-11
-1.52479e-10
-2.12795e-11
-9.03542e-11
-2.132e-11
-3.15203e-11
-2.11758e-11
2.62631e-11
-2.08092e-11
8.50176e-11
-2.01415e-11
1.46835e-10
-1.89586e-11
2.14095e-10
-1.72032e-11
2.8931e-10
-1.42172e-11
3.74985e-10
-9.6049e-12
4.74647e-10
-2.40909e-12
5.91306e-10
8.73693e-12
7.28557e-10
2.57475e-11
8.88318e-10
5.09178e-11
1.07131e-09
8.70039e-11
1.27449e-09
1.36949e-10
1.49043e-09
2.03263e-10
1.70391e-09
2.87148e-10
1.89225e-09
3.87421e-10
2.02428e-09
4.98877e-10
2.0654e-09
6.13449e-10
1.98306e-09
7.15747e-10
1.75355e-09
7.91476e-10
1.39826e-09
8.20261e-10
9.30691e-10
7.93796e-10
6.12148e-10
7.02468e-10
2.85621e-11
6.4276e-10
1.23158e-09
6.0081e-10
6.94695e-10
-6.78949e-10
7.21354e-10
-1.26032e-09
7.9272e-10
-9.73022e-11
8.0471e-10
-6.18531e-10
7.7478e-10
-8.93803e-10
7.00556e-10
-1.31724e-09
6.04734e-10
-1.65249e-09
4.95708e-10
-1.87078e-09
3.89611e-10
-1.95838e-09
2.93036e-10
-1.92929e-09
2.11395e-10
-1.81444e-09
1.46023e-10
-1.64435e-09
9.60423e-11
-1.44782e-09
5.92792e-11
-1.24618e-09
3.31084e-11
-1.05416e-09
1.49884e-11
-8.79321e-10
2.76807e-12
-7.25146e-10
-5.28296e-12
-5.91617e-10
-1.06476e-11
-4.7695e-10
-1.4077e-11
-3.78474e-10
-1.6301e-11
-2.93412e-10
-1.77133e-11
-2.18644e-10
-1.85139e-11
-1.51622e-10
-1.8916e-11
-8.99244e-11
-1.90008e-11
-3.14204e-11
-1.88161e-11
2.60652e-11
-1.82888e-11
8.44644e-11
-1.7436e-11
1.45928e-10
-1.598e-11
2.12571e-10
-1.3697e-11
2.86928e-10
-1.0202e-11
3.71376e-10
-4.9331e-12
4.6923e-10
3.01545e-12
5.8319e-10
1.50883e-11
7.16277e-10
3.30052e-11
8.70166e-10
5.89484e-11
1.04509e-09
9.54852e-11
1.23763e-09
1.45272e-10
1.44026e-09
2.1051e-10
1.63823e-09
2.92107e-10
1.81014e-09
3.88748e-10
1.92708e-09
4.95038e-10
1.95847e-09
6.0441e-10
1.87301e-09
7.00791e-10
1.65644e-09
7.75628e-10
1.32268e-09
8.06294e-10
8.99269e-10
7.9507e-10
6.22626e-10
7.24149e-10
9.87315e-11
6.97931e-10
1.25711e-09
6.7237e-10
7.42252e-10
-7.1729e-10
7.28791e-10
-1.24636e-09
7.89061e-10
-1.57033e-10
7.90592e-10
-6.19537e-10
7.59303e-10
-8.6198e-10
6.88299e-10
-1.24571e-09
5.96095e-10
-1.55976e-09
4.92501e-10
-1.76668e-09
3.90472e-10
-1.85586e-09
2.97353e-10
-1.83574e-09
2.17937e-10
-1.73462e-09
1.53685e-10
-1.57973e-09
1.03961e-10
-1.39776e-09
6.6869e-11
-1.2088e-09
4.00437e-11
-1.02708e-09
2.11219e-11
-8.60189e-10
8.08138e-12
-7.11913e-10
-7.91124e-13
-5.82589e-10
-6.69845e-12
-4.70903e-10
-1.06961e-11
-3.74369e-10
-1.32734e-11
-2.90739e-10
-1.50122e-11
-2.1684e-10
-1.60359e-11
-1.50543e-10
-1.65638e-11
-8.93712e-11
-1.66923e-11
-3.12765e-11
-1.64687e-11
2.58279e-11
-1.58486e-11
8.38206e-11
-1.47495e-11
1.44775e-10
-1.29828e-11
2.1074e-10
-1.03471e-11
2.84198e-10
-6.33279e-12
3.67254e-10
-4.55286e-13
4.63211e-10
8.31175e-12
5.74263e-10
2.12122e-11
7.03177e-10
3.99444e-11
8.5121e-10
6.65593e-11
1.0182e-09
1.03442e-10
1.20044e-09
1.52988e-10
1.39035e-09
2.17127e-10
1.57368e-09
2.96509e-10
1.73027e-09
3.89701e-10
1.83334e-09
4.91932e-10
1.85563e-09
5.9585e-10
1.76844e-09
6.88449e-10
1.56314e-09
7.60163e-10
1.25026e-09
7.92136e-10
8.66574e-10
7.91272e-10
6.22778e-10
7.31377e-10
1.57899e-10
7.44919e-10
1.24291e-09
7.10746e-10
7.88655e-10
-7.20717e-10
7.42541e-10
-1.19978e-09
7.8844e-10
-2.02433e-10
7.78808e-10
-6.09418e-10
7.45433e-10
-8.28107e-10
6.77067e-10
-1.17686e-09
5.87935e-10
-1.47013e-09
4.89004e-10
-1.66729e-09
3.91e-10
-1.7574e-09
3.01153e-10
-1.74548e-09
2.23895e-10
-1.65697e-09
1.6078e-10
-1.51628e-09
1.11381e-10
-1.34805e-09
7.40516e-11
-1.17121e-09
4.66637e-11
-9.99445e-10
2.70237e-11
-8.4035e-10
1.32345e-11
-6.9794e-10
3.6547e-12
-5.72865e-10
-2.87842e-12
-4.64235e-10
-7.34636e-12
-3.69801e-10
-1.03415e-11
-2.87651e-10
-1.2333e-11
-2.14788e-10
-1.35461e-11
-1.49277e-10
-1.4223e-11
-8.86717e-11
-1.43953e-11
-3.10884e-11
-1.41324e-11
2.55502e-11
-1.33414e-11
8.30082e-11
-1.20842e-11
1.43466e-10
-1.00404e-11
2.08637e-10
-6.97135e-12
2.81036e-10
-2.53132e-12
3.62712e-10
3.96968e-12
4.56573e-10
1.34495e-11
5.64633e-10
2.71056e-11
6.89329e-10
4.65691e-11
8.31534e-10
7.3763e-11
9.90741e-10
1.10901e-10
1.16301e-09
1.60136e-10
1.34075e-09
2.23152e-10
1.51027e-09
3.00386e-10
1.65256e-09
3.90307e-10
1.74291e-09
4.88511e-10
1.75684e-09
5.87752e-10
1.66858e-09
6.77348e-10
1.47288e-09
7.46295e-10
1.18064e-09
7.80302e-10
8.31881e-10
7.90536e-10
6.11871e-10
7.45042e-10
2.02705e-10
7.91592e-10
1.19575e-09
7.13804e-10
8.21876e-10
-7.02221e-10
7.53604e-10
-1.13107e-09
7.87222e-10
-2.35591e-10
7.68625e-10
-5.90374e-10
7.32715e-10
-7.91735e-10
6.66033e-10
-1.10972e-09
5.80134e-10
-1.38377e-09
4.85417e-10
-1.57214e-09
3.91226e-10
-1.66279e-09
3.04479e-10
-1.65835e-09
2.29305e-10
-1.58143e-09
1.67338e-10
-1.454e-09
1.18326e-10
-1.29874e-09
8.08406e-11
-1.13348e-09
5.29743e-11
-9.71348e-10
3.26932e-11
-8.19884e-10
1.8221e-11
-6.83293e-10
7.99131e-12
-5.625e-10
8.67575e-13
-4.56982e-10
-3.95851e-12
-3.64881e-10
-7.4282e-12
-2.84093e-10
-9.69995e-12
-2.12461e-10
-1.1124e-11
-1.478e-10
-1.1899e-11
-8.78773e-11
-1.21107e-11
-3.08602e-11
-1.18144e-11
2.52381e-11
-1.09682e-11
8.2143e-11
-9.46202e-12
1.41908e-10
-7.1337e-12
2.06253e-10
-3.63285e-12
2.77447e-10
1.19834e-12
3.57785e-10
8.28526e-12
4.49354e-10
1.84215e-11
5.54356e-10
3.27678e-11
6.74799e-10
5.28847e-11
8.11218e-10
8.05723e-11
9.62803e-10
1.17882e-10
1.12543e-09
1.66746e-10
1.29155e-09
2.28624e-10
1.44801e-09
3.0378e-10
1.57696e-09
3.90614e-10
1.65559e-09
4.85002e-10
1.66189e-09
5.8003e-10
1.57297e-09
6.66336e-10
1.38594e-09
7.33572e-10
1.11278e-09
7.70078e-10
7.94727e-10
7.89214e-10
5.92103e-10
7.5595e-10
2.35321e-10
8.24255e-10
1.12686e-09
6.95328e-10
8.56925e-10
-6.57952e-10
7.64415e-10
-1.03817e-09
7.8618e-10
-2.56943e-10
7.59745e-10
-5.63535e-10
7.21033e-10
-7.52602e-10
6.55576e-10
-1.04386e-09
5.72734e-10
-1.30051e-09
4.81814e-10
-1.48082e-09
3.91154e-10
-1.57173e-09
3.0737e-10
-1.57421e-09
2.34209e-10
-1.50792e-09
1.73389e-10
-1.39289e-09
1.24815e-10
-1.24989e-09
8.72484e-11
-1.09569e-09
5.89815e-11
-9.42863e-10
3.81314e-11
-7.98864e-10
2.30374e-11
-6.68033e-10
1.22073e-11
-5.51545e-10
4.5439e-12
-4.49195e-10
-8.64751e-13
-3.59387e-10
-4.55658e-12
-2.80316e-10
-7.10091e-12
-2.09867e-10
-8.69569e-12
-1.46155e-10
-9.60472e-12
-8.69521e-11
-9.83936e-12
-3.06084e-11
-9.52549e-12
2.49071e-11
-8.55977e-12
8.11611e-11
-6.87614e-12
1.40173e-10
-4.27871e-12
2.03605e-10
-5.58731e-13
2.73641e-10
4.85487e-12
3.52284e-10
1.24815e-11
4.41601e-10
2.32249e-11
5.43482e-10
3.81999e-11
6.59649e-10
5.88974e-11
7.90336e-10
8.69996e-11
9.34462e-10
1.24405e-10
1.08776e-09
1.72847e-10
1.24279e-09
2.33586e-10
1.38693e-09
3.06738e-10
1.50339e-09
3.90608e-10
1.57126e-09
4.81465e-10
1.57051e-09
5.72679e-10
1.48121e-09
6.55923e-10
1.30211e-09
7.21882e-10
1.04623e-09
7.61141e-10
7.5486e-10
7.88076e-10
5.64581e-10
7.66646e-10
2.56146e-10
8.59445e-10
1.03353e-09
6.50845e-10
8.76409e-10
-6.01711e-10
7.74001e-10
-9.35414e-10
7.84775e-10
-2.67348e-10
7.51811e-10
-5.30211e-10
7.10256e-10
-7.10668e-10
6.45747e-10
-9.78982e-10
5.65661e-10
-1.22004e-09
4.782e-10
-1.39301e-09
3.90677e-10
-1.48384e-09
3.09853e-10
-1.49307e-09
2.38633e-10
-1.43638e-09
1.78965e-10
-1.33296e-09
1.3087e-10
-1.20153e-09
9.32879e-11
-1.0579e-09
6.46919e-11
-9.14062e-10
4.334e-11
-7.77356e-10
2.76819e-11
-6.52218e-10
1.6298e-11
-5.40049e-10
8.13262e-12
-4.40913e-10
2.29499e-12
-3.53473e-10
-1.76457e-12
-2.76175e-10
-4.53886e-12
-2.07049e-10
-6.28632e-12
-1.44358e-10
-7.31422e-12
-8.59118e-11
-7.61046e-12
-3.0294e-11
-7.24929e-12
2.45272e-11
-6.13373e-12
8.00325e-11
-4.33027e-12
1.3832e-10
-1.50055e-12
2.00731e-10
2.58496e-12
2.69472e-10
8.42494e-12
3.46365e-10
1.65542e-11
4.33351e-10
2.78574e-11
5.3206e-10
4.34033e-11
6.43937e-10
6.46135e-11
7.68955e-10
9.30582e-11
9.05792e-10
1.30493e-10
1.05009e-09
1.78468e-10
1.19451e-09
2.38067e-10
1.327e-09
3.09285e-10
1.43177e-09
3.90143e-10
1.48998e-09
4.77905e-10
1.48225e-09
5.6567e-10
1.39294e-09
6.46124e-10
1.2211e-09
7.11097e-10
9.80713e-10
7.53163e-10
7.12229e-10
7.8658e-10
5.30622e-10
7.76114e-10
2.66052e-10
8.78585e-10
9.30562e-10
5.94615e-10
8.9856e-10
-5.28958e-10
7.82677e-10
-8.19225e-10
7.82898e-10
-2.67249e-10
7.44531e-10
-4.91532e-10
7.00258e-10
-6.66059e-10
6.36491e-10
-9.14895e-10
5.58884e-10
-1.14208e-09
4.74594e-10
-1.3084e-09
3.90087e-10
-1.399e-09
3.11951e-10
-1.41465e-09
2.42611e-10
-1.36675e-09
1.84088e-10
-1.2742e-09
1.36509e-10
-1.15371e-09
9.89716e-11
-1.02018e-09
7.01122e-11
-8.85011e-10
4.83214e-11
-7.55427e-10
3.2154e-11
-6.35903e-10
2.02603e-11
-5.28055e-10
1.16279e-11
-4.3217e-10
5.38874e-12
-3.47167e-10
9.94457e-13
-2.71702e-10
-2.04761e-12
-2.0397e-10
-4.00185e-12
-1.42355e-10
-5.09521e-12
-8.48105e-11
-5.42829e-12
-2.99417e-11
-5.01586e-12
2.4094e-11
-3.85935e-12
7.88666e-11
-1.84586e-12
1.36257e-10
1.24513e-12
1.97601e-10
5.66295e-12
2.64974e-10
1.19028e-11
3.40055e-10
2.05002e-11
4.24639e-10
3.23184e-11
5.20134e-10
4.83804e-11
6.27718e-10
7.00396e-11
7.47141e-10
9.87602e-11
8.76859e-10
1.36164e-10
1.01247e-09
1.83632e-10
1.14675e-09
2.42104e-10
1.26823e-09
3.11451e-10
1.36205e-09
3.89667e-10
1.41137e-09
4.74361e-10
1.3971e-09
5.58925e-10
1.30791e-09
6.36887e-10
1.14262e-09
7.01103e-10
9.16e-10
7.4584e-10
6.66972e-10
7.84625e-10
4.91346e-10
7.84691e-10
2.65474e-10
9.00688e-10
8.14116e-10
5.21792e-10
9.07546e-10
-4.51062e-10
7.90349e-10
-7.01766e-10
7.80453e-10
-2.5708e-10
7.37697e-10
-4.48512e-10
6.90911e-10
-6.18981e-10
6.2774e-10
-8.51451e-10
5.52378e-10
-1.06641e-09
4.70997e-10
-1.22675e-09
3.89671e-10
-1.31738e-09
3.1371e-10
-1.33844e-09
2.46178e-10
-1.29895e-09
1.88784e-10
-1.2166e-09
1.41752e-10
-1.10646e-09
1.04312e-10
-9.82572e-10
7.52494e-11
-8.55773e-10
5.30786e-11
-7.33134e-10
3.64533e-11
-6.19141e-10
2.40924e-11
-5.15607e-10
1.50261e-11
-4.23001e-10
8.41037e-12
-3.40494e-10
3.70371e-12
-2.66921e-10
4.15422e-13
-2.00651e-10
-1.71702e-12
-1.40176e-10
-2.90739e-12
-8.36162e-11
-3.22913e-12
-2.95994e-11
-2.83937e-12
2.36816e-11
-1.58463e-12
7.76057e-11
6.07504e-13
1.34015e-10
3.94082e-12
1.94234e-10
8.6695e-12
2.60168e-10
1.52848e-11
3.33378e-10
2.43175e-11
4.15498e-10
3.66084e-11
5.07747e-10
5.31334e-11
6.11045e-10
7.51825e-11
7.24953e-10
1.04117e-10
8.47725e-10
1.41434e-10
9.74957e-10
1.88371e-10
1.09955e-09
2.45721e-10
1.21061e-09
3.1326e-10
1.29416e-09
3.89318e-10
1.33496e-09
4.70822e-10
1.31516e-09
5.52469e-10
1.22584e-09
6.28162e-10
1.06645e-09
6.91742e-10
8.5197e-10
7.38966e-10
6.19274e-10
7.82074e-10
4.47795e-10
7.92249e-10
2.54837e-10
9.09522e-10
6.9644e-10
4.43891e-10
9.19902e-10
-3.63515e-10
7.96404e-10
-5.78051e-10
7.77222e-10
-2.37675e-10
7.31084e-10
-4.02161e-10
6.82102e-10
-5.69753e-10
6.19446e-10
-7.88569e-10
5.46111e-10
-9.9281e-10
4.67416e-10
-1.14782e-09
3.88843e-10
-1.23854e-09
3.15141e-10
-1.26453e-09
2.49353e-10
-1.23292e-09
1.93076e-10
-1.16014e-09
1.46616e-10
-1.0598e-09
1.0932e-10
-9.45136e-10
8.01107e-11
-8.26402e-10
5.76146e-11
-7.10535e-10
4.05803e-11
-6.01981e-10
2.77929e-11
-5.02747e-10
1.83246e-11
-4.13436e-10
1.13564e-11
-3.33479e-10
6.35594e-12
-2.6185e-10
2.83776e-12
-1.9711e-10
5.43429e-13
-1.37836e-10
-7.5652e-13
-8.23171e-11
-1.14252e-12
-2.9192e-11
-6.90535e-13
2.32051e-11
6.70117e-13
7.62426e-11
3.02001e-12
1.31617e-10
6.58017e-12
1.90648e-10
1.16012e-11
2.55074e-10
1.85683e-11
3.26358e-10
2.80042e-11
4.0596e-10
4.07263e-11
4.94943e-10
5.76663e-11
5.93968e-10
8.00497e-11
7.02449e-10
1.09143e-10
8.18447e-10
1.46326e-10
9.37601e-10
1.927e-10
1.05293e-09
2.48942e-10
1.15413e-09
3.14738e-10
1.22804e-09
3.88557e-10
1.26083e-09
4.67275e-10
1.23605e-09
5.46227e-10
1.14651e-09
6.19894e-10
9.92353e-10
6.82923e-10
7.88541e-10
7.32314e-10
5.69456e-10
7.78784e-10
4.00935e-10
7.98224e-10
2.34986e-10
9.21897e-10
5.72412e-10
3.56224e-10
9.20864e-10
-2.75036e-10
8.02382e-10
-4.59399e-10
7.73159e-10
-2.08277e-10
7.24621e-10
-3.5346e-10
6.73771e-10
-5.187e-10
6.11554e-10
-7.26174e-10
5.40042e-10
-9.21072e-10
4.63819e-10
-1.07142e-09
3.87804e-10
-1.16229e-09
3.16271e-10
-1.19282e-09
2.52159e-10
-1.1686e-09
1.96985e-10
-1.10482e-09
1.51118e-10
-1.01375e-09
1.14009e-10
-9.07912e-10
8.47032e-11
-7.9695e-10
6.1933e-11
-6.87679e-10
4.45356e-11
-5.84468e-10
3.13607e-11
-4.89512e-10
2.15213e-11
-4.03508e-10
1.42243e-11
-3.26145e-10
8.94762e-12
-2.56508e-10
5.21284e-12
-1.9336e-10
2.76599e-12
-1.35345e-10
1.37118e-12
-8.09277e-11
9.54251e-13
-2.87527e-11
1.43393e-12
2.26991e-11
2.88693e-12
7.47908e-11
5.38561e-12
1.29071e-10
9.15959e-12
1.86854e-10
1.44557e-11
2.49707e-10
2.17511e-11
3.1902e-10
3.15594e-11
3.96056e-10
4.46736e-11
4.81759e-10
6.19822e-11
5.76532e-10
8.4648e-11
6.79678e-10
1.13849e-10
7.89077e-10
1.50854e-10
9.00445e-10
1.96643e-10
1.00691e-09
2.51793e-10
1.09877e-09
3.15913e-10
1.16363e-09
3.87563e-10
1.1889e-09
4.63711e-10
1.15955e-09
5.40214e-10
1.06968e-09
6.12002e-10
9.20176e-10
6.74595e-10
7.25597e-10
7.25811e-10
5.17859e-10
7.74692e-10
3.51715e-10
8.04116e-10
2.05201e-10
9.22631e-10
4.53588e-10
2.67625e-10
9.23657e-10
-1.8203e-10
8.09678e-10
-3.45292e-10
7.68449e-10
-1.66919e-10
7.18238e-10
-3.03134e-10
6.65801e-10
-4.66105e-10
6.04004e-10
-6.64245e-10
5.3417e-10
-8.51052e-10
4.60202e-10
-9.97303e-10
3.86577e-10
-1.08847e-09
3.17117e-10
-1.12322e-09
2.54622e-10
-1.10592e-09
2.00526e-10
-1.0506e-09
1.55271e-10
-9.68335e-10
1.1839e-10
-8.70938e-10
8.90339e-11
-7.67464e-10
6.60374e-11
-6.64615e-10
4.83204e-11
-5.66648e-10
3.47953e-11
-4.75942e-10
2.46144e-11
-3.93246e-10
1.70117e-11
-3.18516e-10
1.1476e-11
-2.50912e-10
7.53736e-12
-1.89413e-10
4.94565e-12
-1.32712e-10
3.46194e-12
-7.94536e-11
3.01516e-12
-2.8283e-11
3.52151e-12
2.21648e-11
5.06104e-12
7.32559e-11
7.70112e-12
1.26384e-10
1.16764e-11
1.82865e-10
1.72304e-11
2.44087e-10
2.48313e-11
3.11386e-10
3.49825e-11
3.85817e-10
4.84511e-11
4.68233e-10
6.60844e-11
5.58782e-10
8.89845e-11
6.56691e-10
1.18246e-10
7.59661e-10
1.55034e-10
8.63527e-10
2.00221e-10
9.61522e-10
2.54293e-10
1.04451e-09
3.16794e-10
1.10086e-09
3.86377e-10
1.11907e-09
4.60164e-10
1.08544e-09
5.34364e-10
9.95188e-10
6.04451e-10
8.49743e-10
6.66612e-10
6.63134e-10
7.19392e-10
4.64746e-10
7.69919e-10
3.00901e-10
8.11411e-10
1.63399e-10
9.2533e-10
3.39405e-10
1.74662e-10
9.27367e-10
-8.34511e-11
8.12725e-10
-2.30565e-10
7.63927e-10
-1.18034e-10
7.11937e-10
-2.51071e-10
6.58151e-10
-4.12199e-10
5.96731e-10
-6.02734e-10
5.28444e-10
-7.82614e-10
4.56602e-10
-9.25356e-10
3.85183e-10
-1.01689e-09
3.17679e-10
-1.05561e-09
2.56753e-10
-1.04483e-09
2.03728e-10
-9.97488e-10
1.59096e-10
-9.23565e-10
1.22473e-10
-8.34244e-10
9.31102e-11
-7.37988e-10
6.99316e-11
-6.41386e-10
5.1936e-11
-5.48562e-10
3.80962e-11
-4.62069e-10
2.76024e-11
-3.82681e-10
1.97165e-11
-3.10613e-10
1.3939e-11
-2.4508e-10
9.80877e-12
-1.85281e-10
7.07968e-12
-1.29944e-10
5.51237e-12
-7.78995e-11
5.03676e-12
-2.77844e-11
5.56891e-12
2.16039e-11
7.18982e-12
7.16422e-11
9.96433e-12
1.23565e-10
1.41279e-11
1.78693e-10
1.99236e-11
2.3823e-10
2.78074e-11
3.03477e-10
3.82729e-11
3.7527e-10
5.20602e-11
4.54401e-10
6.99768e-11
5.4076e-10
9.30662e-11
6.33529e-10
1.22345e-10
7.30244e-10
1.58882e-10
8.26881e-10
2.03451e-10
9.16769e-10
2.56463e-10
9.91343e-10
3.1739e-10
1.0397e-09
3.85031e-10
1.05122e-09
4.56592e-10
1.01359e-09
5.28669e-10
9.22864e-10
5.97185e-10
7.80922e-10
6.58954e-10
6.01109e-10
7.13053e-10
4.10358e-10
7.65341e-10
2.48372e-10
8.14316e-10
1.14159e-10
9.28986e-10
2.24511e-10
7.62807e-11
9.23666e-10
1.27346e-11
8.13393e-10
-1.20243e-10
7.59665e-10
-6.42544e-11
7.05682e-10
-1.97051e-10
6.50759e-10
-3.57191e-10
5.89707e-10
-5.41626e-10
5.22851e-10
-7.15642e-10
4.52981e-10
-8.55411e-10
3.83647e-10
-9.47418e-10
3.17934e-10
-9.89822e-10
2.58572e-10
-9.85339e-10
2.06601e-10
-9.45447e-10
1.62603e-10
-8.79451e-10
1.2627e-10
-7.97857e-10
9.69391e-11
-7.0856e-10
7.36196e-11
-6.18029e-10
5.5384e-11
-5.30248e-10
4.12637e-11
-4.47926e-10
3.04844e-11
-3.71839e-10
2.23375e-11
-3.02456e-10
1.63342e-11
-2.39028e-10
1.20247e-11
-1.80973e-10
9.16563e-12
-1.2705e-10
7.52003e-12
-7.62688e-11
7.0166e-12
-2.72594e-11
7.57364e-12
2.10189e-11
9.27078e-12
6.99536e-11
1.21722e-11
1.20622e-10
1.65128e-11
1.74347e-10
2.25336e-11
2.32154e-10
3.06785e-11
2.95313e-10
4.14306e-11
3.64446e-10
5.55025e-11
4.40294e-10
7.36632e-11
5.22506e-10
9.69002e-11
6.10234e-10
1.26156e-10
7.00865e-10
1.62412e-10
7.90534e-10
2.06352e-10
8.72665e-10
2.58323e-10
9.39238e-10
3.17662e-10
9.80148e-10
3.83526e-10
9.8518e-10
4.53001e-10
9.43866e-10
5.23108e-10
8.52544e-10
5.9016e-10
7.13604e-10
6.51556e-10
5.39495e-10
7.06774e-10
3.54891e-10
7.61002e-10
1.93942e-10
8.14905e-10
6.00354e-11
9.25262e-10
1.13963e-10
-1.99834e-11
9.18959e-10
1.12448e-10
8.12519e-10
-1.37822e-11
7.55297e-10
-6.99773e-12
6.99446e-10
-1.41186e-10
6.43574e-10
-3.01248e-10
5.82893e-10
-4.80907e-10
5.17372e-10
-6.50014e-10
4.49332e-10
-7.8731e-10
3.81953e-10
-8.79912e-10
3.179e-10
-9.25699e-10
2.60102e-10
-9.27414e-10
2.09164e-10
-8.94447e-10
1.65807e-10
-8.35982e-10
1.29791e-10
-7.61793e-10
1.00528e-10
-6.79203e-10
7.71055e-11
-5.94575e-10
5.86662e-11
-5.11733e-10
4.42977e-11
-4.3354e-10
3.32595e-11
-3.6074e-10
2.48732e-11
-2.94064e-10
1.866e-11
-2.32767e-10
1.41832e-11
-1.76503e-10
1.12016e-11
-1.24034e-10
9.48263e-12
-7.45679e-11
8.95258e-12
-2.67075e-11
9.53344e-12
2.04073e-11
1.1302e-11
6.81941e-11
1.4323e-11
1.17557e-10
1.88288e-11
1.69838e-10
2.50588e-11
2.25866e-10
3.34435e-11
2.86911e-10
4.44558e-11
3.5336e-10
5.87798e-11
4.25935e-10
7.71476e-11
5.04042e-10
1.00493e-10
5.8683e-10
1.29691e-10
6.7154e-10
1.65637e-10
7.54497e-10
2.08942e-10
8.2919e-10
2.59889e-10
8.88154e-10
3.17691e-10
9.22128e-10
3.81872e-10
9.20813e-10
4.49388e-10
8.7609e-10
5.17654e-10
7.8406e-10
5.8334e-10
6.47646e-10
6.44363e-10
4.78251e-10
7.00507e-10
2.98497e-10
7.56602e-10
1.37644e-10
8.13969e-10
2.44594e-12
9.20091e-10
7.63789e-12
-1.20117e-10
9.14787e-10
2.18048e-10
8.10807e-10
9.02214e-11
7.50715e-10
5.31326e-11
6.932e-10
-8.36427e-11
6.3655e-10
-2.44527e-10
5.76255e-10
-4.2056e-10
5.11975e-10
-5.85633e-10
4.45673e-10
-7.20936e-10
3.80123e-10
-8.14245e-10
3.1786e-10
-8.63359e-10
2.61357e-10
-8.70797e-10
2.11435e-10
-8.44455e-10
1.68722e-10
-7.9317e-10
1.33046e-10
-7.26064e-10
1.03884e-10
-6.49961e-10
8.03941e-11
-5.7105e-10
6.17856e-11
-4.93061e-10
4.71996e-11
-4.18932e-10
3.5928e-11
-3.4942e-10
2.73228e-11
-2.85449e-10
2.09155e-11
-2.26323e-10
1.62834e-11
-1.71871e-10
1.31865e-11
-1.20912e-10
1.1399e-11
-7.27926e-11
1.08435e-11
-2.61392e-11
1.14472e-11
1.97798e-11
1.32826e-11
6.63598e-11
1.64155e-11
1.14388e-10
2.10751e-11
1.65168e-10
2.74988e-11
2.19394e-10
3.6103e-11
2.78283e-10
4.73495e-11
3.42049e-10
6.1895e-11
4.11349e-10
8.04348e-11
4.85416e-10
1.03854e-10
5.63346e-10
1.3296e-10
6.42317e-10
1.68572e-10
7.18785e-10
2.11235e-10
7.86368e-10
2.61178e-10
8.38064e-10
3.17721e-10
8.65373e-10
3.80081e-10
8.58257e-10
4.45753e-10
8.10161e-10
5.12291e-10
7.17289e-10
5.7669e-10
5.82972e-10
6.37334e-10
4.17366e-10
6.94231e-10
2.4134e-10
7.51921e-10
7.97269e-11
8.12197e-10
-5.80672e-11
9.16263e-10
-9.66519e-11
-2.25932e-10
9.07021e-10
3.2004e-10
8.0827e-10
1.88993e-10
7.4567e-10
1.15758e-10
6.87089e-10
-2.50322e-11
6.29806e-10
-1.87212e-10
5.699e-10
-3.60622e-10
5.06769e-10
-5.22467e-10
4.42087e-10
-6.5622e-10
3.78249e-10
-7.50374e-10
3.17722e-10
-8.02801e-10
2.62415e-10
-8.15462e-10
2.13482e-10
-7.95496e-10
1.7141e-10
-7.51077e-10
1.3609e-10
-6.90724e-10
1.07055e-10
-6.20911e-10
8.35286e-11
-5.4751e-10
6.47811e-11
-4.74303e-10
5.00053e-11
-4.04148e-10
3.85236e-11
-3.37931e-10
2.97188e-11
-2.76638e-10
2.31321e-11
-2.19733e-10
1.8355e-11
-1.67092e-10
1.51501e-11
-1.17707e-10
1.32989e-11
-7.09415e-11
1.27191e-11
-2.55615e-11
1.33448e-11
1.91511e-11
1.5243e-11
6.44567e-11
1.8481e-11
1.11145e-10
2.32839e-11
1.60357e-10
2.9887e-11
2.12781e-10
3.86919e-11
2.69467e-10
5.01496e-11
3.30578e-10
6.48892e-11
3.96593e-10
8.35703e-11
4.66716e-10
1.07032e-10
5.3986e-10
1.36021e-10
6.133e-10
1.71281e-10
6.83489e-10
2.13304e-10
7.44303e-10
2.62274e-10
7.89044e-10
3.17572e-10
8.10017e-10
3.78247e-10
7.97515e-10
4.42189e-10
7.46145e-10
5.07129e-10
6.52268e-10
5.70316e-10
5.197e-10
6.30591e-10
3.57004e-10
6.88092e-10
1.8375e-10
7.46862e-10
2.08679e-11
8.09635e-10
-1.20931e-10
9.08209e-10
-1.9532e-10
-3.27723e-10
6.61248e-09
1.05475e-09
5.94213e-09
8.59418e-10
5.42222e-09
6.35741e-10
4.95346e-09
4.43805e-10
4.51138e-09
2.54948e-10
4.07358e-09
7.72536e-11
3.63608e-09
-8.48964e-11
3.19815e-09
-2.18214e-10
2.77089e-09
-3.23051e-10
2.36568e-09
-3.97532e-10
1.99159e-09
-4.41326e-10
1.6559e-09
-4.59753e-10
1.36128e-09
-4.56427e-10
1.10881e-09
-4.38224e-10
8.95828e-10
-4.07901e-10
7.19402e-10
-3.71063e-10
5.75403e-10
-3.30289e-10
4.59429e-10
-2.88161e-10
3.67578e-10
-2.46072e-10
2.95789e-10
-2.04843e-10
2.41174e-10
-1.65114e-10
2.01097e-10
-1.27013e-10
1.7385e-10
-9.04603e-11
1.58068e-10
-5.51619e-11
1.53021e-10
-2.05197e-11
1.58358e-10
1.38062e-11
1.74393e-10
4.84118e-11
2.01836e-10
8.36893e-11
2.42028e-10
1.20149e-10
2.96732e-10
1.5806e-10
3.68518e-10
1.97657e-10
4.6041e-10
2.3866e-10
5.76192e-10
2.80777e-10
7.19788e-10
3.23081e-10
8.95976e-10
3.63624e-10
1.1086e-09
4.00622e-10
1.36094e-09
4.31077e-10
1.6552e-09
4.49953e-10
1.99137e-09
4.52776e-10
2.36583e-09
4.35448e-10
2.77206e-09
3.91156e-10
3.19971e-09
3.18347e-10
3.63802e-09
2.13799e-10
4.07759e-09
7.99664e-11
4.51657e-09
-8.21458e-11
4.96015e-09
-2.60005e-10
5.43e-09
-4.49163e-10
5.95062e-09
-6.4174e-10
6.62093e-09
-8.65834e-10
-1.06189e-09
5.93586e-09
1.6166e-09
5.41894e-09
1.37649e-09
4.95876e-09
1.09609e-09
4.53282e-09
8.69891e-10
4.12756e-09
6.60356e-10
3.73397e-09
4.70984e-10
3.34599e-09
3.03206e-10
2.96843e-09
1.59457e-10
2.60473e-09
4.07507e-11
2.26008e-09
-5.28062e-11
1.94083e-09
-1.21997e-10
1.65092e-09
-1.69789e-10
1.39264e-09
-1.981e-10
1.16643e-09
-2.11972e-10
9.7153e-10
-2.12969e-10
8.0585e-10
-2.05358e-10
6.67061e-10
-1.91481e-10
5.52186e-10
-1.73272e-10
4.5879e-10
-1.52665e-10
3.84149e-10
-1.30194e-10
3.26367e-10
-1.07328e-10
2.83372e-10
-8.40176e-11
2.53784e-10
-6.08744e-11
2.36447e-10
-3.78297e-11
2.30818e-10
-1.48977e-11
2.36639e-10
7.97481e-12
2.54158e-10
3.08796e-11
2.83964e-10
5.38662e-11
3.27056e-10
7.70369e-11
3.84959e-10
1.00131e-10
4.59456e-10
1.23131e-10
5.52914e-10
1.45165e-10
6.67516e-10
1.66132e-10
8.06303e-10
1.8424e-10
9.71817e-10
1.98047e-10
1.16654e-09
2.05826e-10
1.39295e-09
2.04567e-10
1.65151e-09
1.91285e-10
1.94139e-09
1.62761e-10
2.26099e-09
1.15703e-10
2.60552e-09
4.64489e-11
2.97042e-09
-4.6745e-11
3.34928e-09
-1.65276e-10
3.73806e-09
-3.09046e-10
4.1326e-09
-4.76929e-10
4.53883e-09
-6.66496e-10
4.96569e-09
-8.76287e-10
5.4266e-09
-1.10294e-09
5.94395e-09
-1.3835e-09
-1.62402e-09
5.2467e-09
2.06143e-09
4.82874e-09
1.79467e-09
4.43345e-09
1.4916e-09
4.05966e-09
1.24389e-09
3.70209e-09
1.01813e-09
3.35704e-09
8.16215e-10
3.02304e-09
6.37367e-10
2.70105e-09
4.81591e-10
2.39327e-09
3.48657e-10
2.10244e-09
2.38136e-10
1.83165e-09
1.48875e-10
1.58322e-09
7.8723e-11
1.35915e-09
2.60269e-11
1.15978e-09
-1.25532e-11
9.85468e-10
-3.86157e-11
8.34327e-10
-5.41838e-11
7.05437e-10
-6.25666e-11
5.97123e-10
-6.49384e-11
5.07524e-10
-6.30529e-11
4.35085e-10
-5.77447e-11
3.78017e-10
-5.02554e-11
3.35187e-10
-4.11847e-11
3.0538e-10
-3.10697e-11
2.87849e-10
-2.03028e-11
2.82113e-10
-9.17061e-12
2.88004e-10
2.07279e-12
3.05647e-10
1.32197e-11
3.35555e-10
2.394e-11
3.7857e-10
3.39965e-11
4.35523e-10
4.31502e-11
5.0814e-10
5.0478e-11
5.97624e-10
5.56389e-11
7.05996e-10
5.77085e-11
8.34989e-10
5.51874e-11
9.85962e-10
4.69997e-11
1.16045e-09
3.12527e-11
1.35982e-09
5.09408e-12
1.5841e-09
-3.31225e-11
1.83249e-09
-8.57725e-11
2.10379e-09
-1.5577e-10
2.395e-09
-2.44954e-10
2.7034e-09
-3.55362e-10
3.02615e-09
-4.88268e-10
3.36094e-09
-6.44102e-10
3.70681e-09
-8.2308e-10
4.06524e-09
-1.02523e-09
4.43994e-09
-1.25131e-09
4.83588e-09
-1.49923e-09
5.25483e-09
-1.80281e-09
-2.06992e-09
4.50713e-09
2.40085e-09
4.18153e-09
2.12054e-09
3.85911e-09
1.81429e-09
3.5483e-09
1.55496e-09
3.24727e-09
1.31939e-09
2.95575e-09
1.10794e-09
2.67405e-09
9.19253e-10
2.40321e-09
7.52603e-10
2.14482e-09
6.07182e-10
1.9007e-09
4.82385e-10
1.67277e-09
3.76906e-10
1.46249e-09
2.89092e-10
1.27122e-09
2.17367e-10
1.09905e-09
1.59681e-10
9.46227e-10
1.14256e-10
8.12869e-10
7.92158e-11
6.97674e-10
5.26592e-11
5.99722e-10
3.30391e-11
5.17731e-10
1.89568e-11
4.50735e-10
9.26578e-12
3.97557e-10
2.9294e-12
3.57255e-10
-8.77627e-13
3.29088e-10
-2.90454e-12
3.12459e-10
-3.67742e-12
3.06952e-10
-3.67401e-12
3.1252e-10
-3.50773e-12
3.29301e-10
-3.5811e-12
3.57585e-10
-4.3662e-12
3.97931e-10
-6.38015e-12
4.51262e-10
-1.02143e-11
5.18292e-10
-1.65954e-11
6.00218e-10
-2.6336e-11
6.98286e-10
-4.04194e-11
8.1347e-10
-6.00654e-11
9.47007e-10
-8.66212e-11
1.09985e-09
-1.21689e-10
1.27196e-09
-1.67128e-10
1.46345e-09
-2.24746e-10
1.67396e-09
-2.96433e-10
1.90222e-09
-3.84205e-10
2.14673e-09
-4.89671e-10
2.40561e-09
-6.14469e-10
2.67703e-09
-7.59943e-10
2.95934e-09
-9.2669e-10
3.2515e-09
-1.11554e-09
3.55312e-09
-1.32717e-09
3.86452e-09
-1.56304e-09
4.18748e-09
-1.82256e-09
4.51345e-09
-2.12916e-09
-2.40961e-09
3.77342e-09
2.65855e-09
3.52305e-09
2.37119e-09
3.26698e-09
2.07063e-09
3.01633e-09
1.80587e-09
2.77034e-09
1.56561e-09
2.531e-09
1.34749e-09
2.29948e-09
1.15096e-09
2.07681e-09
9.75441e-10
1.86395e-09
8.20184e-10
1.66258e-09
6.83872e-10
1.4741e-09
5.65498e-10
1.2995e-09
4.63784e-10
1.13965e-09
3.77293e-10
9.94947e-10
3.04449e-10
8.65576e-10
2.4368e-10
7.51423e-10
1.93414e-10
6.52002e-10
1.52115e-10
5.66696e-10
1.18374e-10
4.94771e-10
9.09032e-11
4.35498e-10
6.85548e-11
3.88144e-10
5.02935e-11
3.52066e-10
3.52068e-11
3.26683e-10
2.24778e-11
3.11617e-10
1.13845e-11
3.06681e-10
1.25167e-12
3.1173e-10
-8.57033e-12
3.26848e-10
-1.87195e-11
3.52286e-10
-2.98286e-11
3.88446e-10
-4.25721e-11
4.35876e-10
-5.76816e-11
4.9521e-10
-7.5975e-11
5.6718e-10
-9.83572e-11
6.52551e-10
-1.25853e-10
7.52037e-10
-1.59622e-10
8.66279e-10
-2.00947e-10
9.95737e-10
-2.51242e-10
1.14053e-09
-3.12033e-10
1.30055e-09
-3.84888e-10
1.47536e-09
-4.71396e-10
1.66413e-09
-5.73136e-10
1.86582e-09
-6.91554e-10
2.07908e-09
-8.27938e-10
2.30218e-09
-9.83289e-10
2.53418e-09
-1.15895e-09
2.77399e-09
-1.35564e-09
3.02035e-09
-1.57382e-09
3.27184e-09
-1.81485e-09
3.5286e-09
-2.07966e-09
3.7794e-09
-2.38031e-09
-2.66803e-09
3.05513e-09
2.85197e-09
2.86348e-09
2.56309e-09
2.6668e-09
2.26754e-09
2.47033e-09
2.00255e-09
2.27702e-09
1.75912e-09
2.08777e-09
1.53692e-09
1.90373e-09
1.33517e-09
1.72618e-09
1.15313e-09
1.55641e-09
9.90074e-10
1.39546e-09
8.44944e-10
1.24428e-09
7.16764e-10
1.10374e-09
6.04411e-10
9.74467e-10
5.06638e-10
8.56858e-10
4.22118e-10
7.51095e-10
3.49493e-10
6.57154e-10
2.87398e-10
5.74808e-10
2.34494e-10
5.03705e-10
1.89505e-10
4.43401e-10
1.51228e-10
3.93427e-10
1.18546e-10
3.53306e-10
9.0424e-11
3.22608e-10
6.59107e-11
3.00962e-10
4.41241e-11
2.881e-10
2.42428e-11
2.83856e-10
5.48582e-12
2.88171e-10
-1.2898e-11
3.01094e-10
-3.16622e-11
3.22799e-10
-5.15564e-11
3.53557e-10
-7.33608e-11
3.93739e-10
-9.78977e-11
4.4377e-10
-1.26049e-10
5.04129e-10
-1.58764e-10
5.75295e-10
-1.97076e-10
6.57711e-10
-2.42102e-10
7.51735e-10
-2.95046e-10
8.57594e-10
-3.57185e-10
9.75319e-10
-4.29857e-10
1.10475e-09
-5.14426e-10
1.24549e-09
-6.12259e-10
1.3969e-09
-7.24686e-10
1.55814e-09
-8.52959e-10
1.72823e-09
-9.98209e-10
1.90616e-09
-1.16142e-09
2.09062e-09
-1.34363e-09
2.28034e-09
-1.5456e-09
2.47432e-09
-1.76805e-09
2.67098e-09
-2.01178e-09
2.86807e-09
-2.27703e-09
3.06035e-09
-2.57288e-09
-2.86209e-09
2.3534e-09
2.99084e-09
2.21357e-09
2.70312e-09
2.06838e-09
2.41292e-09
1.92219e-09
2.14891e-09
1.77676e-09
1.90471e-09
1.6336e-09
1.68022e-09
1.49395e-09
1.47495e-09
1.35891e-09
1.28829e-09
1.2295e-09
1.11958e-09
1.10656e-09
9.67977e-10
9.90818e-10
8.32581e-10
8.82916e-10
7.12381e-10
7.83335e-10
6.06276e-10
6.92403e-10
5.13101e-10
6.10287e-10
4.3165e-10
5.3702e-10
3.60701e-10
4.72501e-10
2.99042e-10
4.16539e-10
2.45491e-10
3.68873e-10
1.98911e-10
3.29215e-10
1.58217e-10
2.97265e-10
1.22382e-10
2.72748e-10
9.0433e-11
2.55424e-10
6.14481e-11
2.45116e-10
3.45481e-11
2.41709e-10
8.88368e-12
2.45169e-10
-1.63687e-11
2.55527e-10
-4.20369e-11
2.72899e-10
-6.89484e-11
2.97464e-10
-9.79514e-11
3.29462e-10
-1.29925e-10
3.69169e-10
-1.65791e-10
4.16885e-10
-2.0652e-10
4.72903e-10
-2.53141e-10
5.37486e-10
-3.06738e-10
6.10828e-10
-3.68448e-10
6.93032e-10
-4.39456e-10
7.84072e-10
-5.20974e-10
8.83786e-10
-6.14226e-10
9.9185e-10
-7.20421e-10
1.10778e-09
-8.40729e-10
1.23096e-09
-9.76255e-10
1.36062e-09
-1.12801e-09
1.49597e-09
-1.29691e-09
1.63596e-09
-1.48379e-09
1.7795e-09
-1.68932e-09
1.92535e-09
-1.9141e-09
2.07202e-09
-2.15865e-09
2.2178e-09
-2.42304e-09
2.35822e-09
-2.71354e-09
-3.00179e-09
1.66697e-09
3.08343e-09
1.57246e-09
2.79776e-09
1.47305e-09
2.51245e-09
1.37221e-09
2.24987e-09
1.27128e-09
2.00575e-09
1.17147e-09
1.78013e-09
1.07378e-09
1.57273e-09
9.79073e-10
1.38308e-09
8.88102e-10
1.21062e-09
8.01506e-10
1.05464e-09
7.19829e-10
9.14313e-10
6.43521e-10
7.88738e-10
5.72926e-10
6.76912e-10
5.08289e-10
5.77775e-10
4.49749e-10
4.9022e-10
3.97354e-10
4.13121e-10
3.51069e-10
3.45347e-10
3.10798e-10
2.8578e-10
2.76395e-10
2.33326e-10
2.47694e-10
1.86929e-10
2.24515e-10
1.45567e-10
2.06693e-10
1.08259e-10
1.94079e-10
7.40609e-11
1.86566e-10
4.20585e-11
1.84084e-10
1.13591e-11
1.86608e-10
-1.89013e-11
1.94157e-10
-4.95979e-11
2.06804e-10
-8.16105e-11
2.2466e-10
-1.15827e-10
2.47874e-10
-1.5316e-10
2.76612e-10
-1.94555e-10
3.11053e-10
-2.40991e-10
3.51368e-10
-2.9349e-10
3.97703e-10
-3.5311e-10
4.50157e-10
-4.20945e-10
5.08767e-10
-4.98114e-10
5.73488e-10
-5.8575e-10
6.44185e-10
-6.84982e-10
7.20615e-10
-7.96919e-10
8.02436e-10
-9.22626e-10
8.89201e-10
-1.06311e-09
9.80367e-10
-1.21927e-09
1.0753e-09
-1.39195e-09
1.17325e-09
-1.58185e-09
1.27335e-09
-1.78955e-09
1.37461e-09
-2.01551e-09
1.47584e-09
-2.26003e-09
1.57571e-09
-2.52307e-09
1.67082e-09
-2.8088e-09
-3.09512e-09
9.935e-10
3.13571e-09
9.39255e-10
2.85209e-09
8.81655e-10
2.57013e-09
8.22785e-10
2.30881e-09
7.63548e-10
2.06505e-09
7.04737e-10
1.839e-09
6.47007e-10
1.63051e-09
5.90915e-10
1.43922e-09
5.36933e-10
1.26464e-09
4.85465e-10
1.10614e-09
4.36847e-10
9.62963e-10
3.91355e-10
8.34257e-10
3.49199e-10
7.19091e-10
3.10532e-10
6.16463e-10
2.75444e-10
5.25324e-10
2.43979e-10
4.44602e-10
2.16127e-10
3.73211e-10
1.91846e-10
3.1007e-10
1.71064e-10
2.54115e-10
1.53696e-10
2.04302e-10
1.39648e-10
1.59617e-10
1.28833e-10
1.19077e-10
1.21169e-10
8.17236e-11
1.16599e-10
4.66269e-11
1.15097e-10
1.28563e-11
1.1664e-10
-2.04493e-11
1.21223e-10
-5.41891e-11
1.28902e-10
-8.92983e-11
1.39735e-10
-1.26672e-10
1.53802e-10
-1.67241e-10
1.71191e-10
-2.1196e-10
1.91997e-10
-2.61815e-10
2.16305e-10
-3.1782e-10
2.44189e-10
-3.81017e-10
2.75692e-10
-4.52474e-10
3.10823e-10
-5.33274e-10
3.49544e-10
-6.24503e-10
3.91763e-10
-7.27237e-10
4.37331e-10
-8.42527e-10
4.86039e-10
-9.71378e-10
5.37612e-10
-1.11473e-09
5.91715e-10
-1.27343e-09
6.47948e-10
-1.44825e-09
7.0584e-10
-1.63981e-09
7.64839e-10
-1.84863e-09
8.24298e-10
-2.07505e-09
8.83437e-10
-2.31925e-09
9.41362e-10
-2.58108e-09
9.96052e-10
-2.86358e-09
-3.14796e-09
3.29376e-10
3.1182e-10
2.93201e-10
2.74069e-10
2.54741e-10
2.3549e-10
2.16542e-10
1.98088e-10
1.80291e-10
1.63291e-10
1.47202e-10
1.32122e-10
1.18123e-10
1.05264e-10
9.35754e-11
8.30764e-11
7.37675e-11
6.56391e-11
5.86708e-11
5.28386e-11
4.81139e-11
4.447e-11
4.18807e-11
4.03256e-11
3.97949e-11
4.02899e-11
4.18177e-11
4.4394e-11
4.80326e-11
5.2756e-11
5.85889e-11
6.55591e-11
7.36904e-11
8.30033e-11
9.35075e-11
1.05203e-10
1.18072e-10
1.32083e-10
1.4718e-10
1.63289e-10
1.80314e-10
1.98143e-10
2.16635e-10
2.3563e-10
2.54939e-10
2.74338e-10
2.93562e-10
3.123e-10
3.30022e-10
)
;

boundaryField
{
    inlet_water
    {
        type            calculated;
        value           nonuniform List<scalar> 
25
(
-5.42228e-07
-9.06389e-07
-1.01437e-06
-1.04736e-06
-1.06028e-06
-1.06801e-06
-1.07448e-06
-1.0806e-06
-1.08635e-06
-1.09176e-06
-1.09681e-06
-1.10151e-06
-1.10587e-06
-1.10988e-06
-1.11354e-06
-1.11687e-06
-1.11986e-06
-1.12251e-06
-1.12483e-06
-1.12682e-06
-1.12848e-06
-1.12981e-06
-1.1308e-06
-1.13147e-06
-1.13182e-06
)
;
    }
    inlet_air
    {
        type            calculated;
        value           nonuniform List<scalar> 
35
(
-1.13182e-06
-1.62098e-08
6.17368e-10
2.89793e-10
-9.15585e-11
-2.24797e-10
-3.49955e-10
-4.28741e-10
-5.26468e-10
-6.19964e-10
-7.01126e-10
-7.82495e-10
-8.377e-10
-8.98587e-10
-9.30114e-10
-9.68849e-10
-9.83053e-10
-1.00514e-09
-1.00711e-09
-1.0145e-09
-1.02386e-09
-1.01784e-09
-1.01672e-09
-1.01849e-09
-1.00716e-09
-7.33461e-09
-6.48707e-09
-5.68253e-09
-4.83901e-09
-4.02491e-09
-3.24359e-09
-2.4885e-09
-1.75691e-09
-1.04421e-09
-3.45507e-10
)
;
    }
    outlet_water
    {
        type            calculated;
        value           nonuniform List<scalar> 
25
(
5.42226e-07
9.0639e-07
1.01437e-06
1.04736e-06
1.06028e-06
1.06801e-06
1.07449e-06
1.0806e-06
1.08636e-06
1.09176e-06
1.09681e-06
1.10151e-06
1.10587e-06
1.10988e-06
1.11355e-06
1.11687e-06
1.11986e-06
1.12252e-06
1.12484e-06
1.12682e-06
1.12848e-06
1.12981e-06
1.13081e-06
1.13148e-06
1.13182e-06
)
;
    }
    outlet_air
    {
        type            calculated;
        value           nonuniform List<scalar> 
35
(
1.13182e-06
1.61924e-08
-6.1117e-10
-2.84112e-10
9.49838e-11
2.26489e-10
3.53008e-10
4.31897e-10
5.29304e-10
6.23492e-10
7.03704e-10
7.85746e-10
8.40004e-10
9.01266e-10
9.32223e-10
9.70991e-10
9.84979e-10
1.00719e-09
1.00893e-09
1.01607e-09
1.02521e-09
1.01945e-09
1.01818e-09
1.02003e-09
1.00806e-09
7.34251e-09
6.49548e-09
5.69182e-09
4.84572e-09
4.03176e-09
3.24958e-09
2.49425e-09
1.76157e-09
1.04737e-09
3.46387e-10
)
;
    }
    lowerWall
    {
        type            calculated;
        value           uniform 0;
    }
    atmosphere
    {
        type            calculated;
        value           nonuniform List<scalar> 
50
(
3.15236e-09
2.86967e-09
2.58877e-09
2.32796e-09
2.08439e-09
1.85827e-09
1.64947e-09
1.45769e-09
1.28245e-09
1.12315e-09
9.79061e-10
8.49347e-10
7.33096e-10
6.29329e-10
5.37017e-10
4.55105e-10
3.82523e-10
3.18202e-10
2.61085e-10
2.10136e-10
1.64342e-10
1.22721e-10
8.43122e-11
4.81813e-11
1.33851e-11
-2.09461e-11
-5.572e-11
-9.18776e-11
-1.30315e-10
-1.71968e-10
-2.17799e-10
-2.68791e-10
-3.25958e-10
-3.90337e-10
-4.62988e-10
-5.44979e-10
-6.37383e-10
-7.41259e-10
-8.57637e-10
-9.87501e-10
-1.13177e-09
-1.29128e-09
-1.46676e-09
-1.65883e-09
-1.86796e-09
-2.09448e-09
-2.3385e-09
-2.59985e-09
-2.88133e-09
-3.16483e-09
)
;
    }
    defaultFaces
    {
        type            empty;
        value           nonuniform List<scalar> 0();
    }
}


// ************************************************************************* //
