/*--------------------------------*- C++ -*----------------------------------*\
  =========                 |
  \\      /  F ield         | OpenFOAM: The Open Source CFD Toolbox
   \\    /   O peration     | Website:  https://openfoam.org
    \\  /    A nd           | Version:  8
     \\/     M anipulation  |
\*---------------------------------------------------------------------------*/
FoamFile
{
    version     2.0;
    format      ascii;
    class       volVectorField;
    location    "197";
    object      U;
}
// * * * * * * * * * * * * * * * * * * * * * * * * * * * * * * * * * * * * * //

dimensions      [0 1 -1 0 0 0 0];

internalField   nonuniform List<vector> 
3000
(
(0.0120774 0 4.93547e-06)
(0.0120204 0 3.22472e-06)
(0.0120189 0 1.44841e-06)
(0.0120042 0 -3.68566e-07)
(0.0120174 0 -1.77972e-06)
(0.0120305 0 -2.77033e-06)
(0.0120545 0 -3.26184e-06)
(0.0120778 0 -3.34971e-06)
(0.0121021 0 -3.12359e-06)
(0.0121232 0 -2.72056e-06)
(0.0121415 0 -2.24479e-06)
(0.012156 0 -1.77784e-06)
(0.0121674 0 -1.36553e-06)
(0.012176 0 -1.02545e-06)
(0.0121823 0 -7.59608e-07)
(0.012187 0 -5.57236e-07)
(0.0121904 0 -4.07265e-07)
(0.0121928 0 -2.96292e-07)
(0.0121946 0 -2.15132e-07)
(0.0121959 0 -1.54997e-07)
(0.0121969 0 -1.10674e-07)
(0.0121975 0 -7.6985e-08)
(0.012198 0 -5.11048e-08)
(0.0121983 0 -2.97461e-08)
(0.0121984 0 -1.11984e-08)
(0.0121984 0 6.91165e-09)
(0.0121983 0 2.5893e-08)
(0.012198 0 4.79026e-08)
(0.0121976 0 7.43444e-08)
(0.012197 0 1.07856e-07)
(0.0121961 0 1.50871e-07)
(0.0121948 0 2.08157e-07)
(0.0121931 0 2.85152e-07)
(0.0121907 0 3.91439e-07)
(0.0121874 0 5.37248e-07)
(0.0121829 0 7.37227e-07)
(0.0121767 0 1.00343e-06)
(0.0121683 0 1.3465e-06)
(0.0121571 0 1.76472e-06)
(0.0121426 0 2.23893e-06)
(0.0121243 0 2.72308e-06)
(0.0121032 0 3.13414e-06)
(0.0120787 0 3.36716e-06)
(0.0120553 0 3.28508e-06)
(0.0120311 0 2.79703e-06)
(0.0120178 0 1.80829e-06)
(0.0120044 0 3.96191e-07)
(0.012019 0 -1.42577e-06)
(0.0120204 0 -3.21245e-06)
(0.0120774 0 -4.93945e-06)
(0.02019 0 1.03525e-05)
(0.0201489 0 7.62468e-06)
(0.020143 0 3.65853e-06)
(0.0201312 0 -1.6372e-07)
(0.0201378 0 -3.36467e-06)
(0.0201461 0 -5.56887e-06)
(0.020162 0 -6.77285e-06)
(0.0201783 0 -7.05283e-06)
(0.0201955 0 -6.65605e-06)
(0.0202107 0 -5.83591e-06)
(0.020224 0 -4.83914e-06)
(0.0202346 0 -3.83888e-06)
(0.0202429 0 -2.94599e-06)
(0.0202491 0 -2.2052e-06)
(0.0202537 0 -1.62431e-06)
(0.0202571 0 -1.18422e-06)
(0.0202595 0 -8.59513e-07)
(0.0202612 0 -6.2227e-07)
(0.0202625 0 -4.50048e-07)
(0.0202634 0 -3.24124e-07)
(0.0202641 0 -2.31428e-07)
(0.0202645 0 -1.61453e-07)
(0.0202648 0 -1.07185e-07)
(0.020265 0 -6.24904e-08)
(0.0202651 0 -2.3229e-08)
(0.0202652 0 1.47798e-08)
(0.0202651 0 5.46442e-08)
(0.0202649 0 1.00145e-07)
(0.0202646 0 1.54772e-07)
(0.0202641 0 2.236e-07)
(0.0202635 0 3.12938e-07)
(0.0202626 0 4.32756e-07)
(0.0202614 0 5.96763e-07)
(0.0202598 0 8.25043e-07)
(0.0202574 0 1.14232e-06)
(0.0202542 0 1.5785e-06)
(0.0202497 0 2.16107e-06)
(0.0202435 0 2.90894e-06)
(0.0202353 0 3.8146e-06)
(0.0202247 0 4.83058e-06)
(0.0202114 0 5.84501e-06)
(0.0201962 0 6.68174e-06)
(0.0201789 0 7.09231e-06)
(0.0201625 0 6.82289e-06)
(0.0201465 0 5.62404e-06)
(0.0201381 0 3.42099e-06)
(0.0201314 0 2.15486e-07)
(0.0201431 0 -3.62027e-06)
(0.0201489 0 -7.60699e-06)
(0.02019 0 -1.03598e-05)
(0.0225958 0 1.34638e-05)
(0.0225772 0 1.05169e-05)
(0.0225724 0 5.22897e-06)
(0.0225665 0 2.47614e-07)
(0.0225682 0 -4.12499e-06)
(0.0225718 0 -7.12783e-06)
(0.0225789 0 -8.8423e-06)
(0.0225867 0 -9.28723e-06)
(0.0225949 0 -8.82205e-06)
(0.0226023 0 -7.76222e-06)
(0.0226088 0 -6.4515e-06)
(0.022614 0 -5.12132e-06)
(0.0226181 0 -3.92809e-06)
(0.0226212 0 -2.93572e-06)
(0.0226234 0 -2.15739e-06)
(0.022625 0 -1.56929e-06)
(0.0226262 0 -1.13691e-06)
(0.0226271 0 -8.22796e-07)
(0.0226277 0 -5.95716e-07)
(0.0226281 0 -4.30345e-07)
(0.0226284 0 -3.08457e-07)
(0.0226287 0 -2.16197e-07)
(0.0226288 0 -1.43972e-07)
(0.022629 0 -8.40747e-08)
(0.022629 0 -3.09901e-08)
(0.022629 0 2.03411e-08)
(0.022629 0 7.4011e-08)
(0.0226289 0 1.34607e-07)
(0.0226287 0 2.0684e-07)
(0.0226285 0 2.97253e-07)
(0.0226282 0 4.14614e-07)
(0.0226277 0 5.72316e-07)
(0.0226271 0 7.89383e-07)
(0.0226263 0 1.09282e-06)
(0.0226252 0 1.51656e-06)
(0.0226236 0 2.10045e-06)
(0.0226214 0 2.88127e-06)
(0.0226184 0 3.88286e-06)
(0.0226143 0 5.09203e-06)
(0.0226091 0 6.442e-06)
(0.0226026 0 7.7746e-06)
(0.0225952 0 8.85513e-06)
(0.0225869 0 9.33739e-06)
(0.0225791 0 8.90523e-06)
(0.022572 0 7.19662e-06)
(0.0225683 0 4.19405e-06)
(0.0225665 0 -1.86414e-07)
(0.0225724 0 -5.18553e-06)
(0.0225773 0 -1.04992e-05)
(0.0225959 0 -1.34728e-05)
(0.0233311 0 1.48146e-05)
(0.0233228 0 1.18666e-05)
(0.0233195 0 6.04391e-06)
(0.0233167 0 5.02733e-07)
(0.0233171 0 -4.43821e-06)
(0.023319 0 -7.86381e-06)
(0.0233227 0 -9.84543e-06)
(0.0233268 0 -1.03902e-05)
(0.0233312 0 -9.89779e-06)
(0.0233352 0 -8.72327e-06)
(0.0233387 0 -7.25631e-06)
(0.0233416 0 -5.76152e-06)
(0.0233437 0 -4.41797e-06)
(0.0233454 0 -3.30033e-06)
(0.0233466 0 -2.42423e-06)
(0.0233475 0 -1.76342e-06)
(0.0233481 0 -1.27852e-06)
(0.0233486 0 -9.2708e-07)
(0.0233489 0 -6.73298e-07)
(0.0233492 0 -4.88445e-07)
(0.0233494 0 -3.51742e-07)
(0.0233496 0 -2.47691e-07)
(0.0233497 0 -1.65515e-07)
(0.0233497 0 -9.68072e-08)
(0.0233498 0 -3.54796e-08)
(0.0233498 0 2.3879e-08)
(0.0233497 0 8.57554e-08)
(0.0233497 0 1.55074e-07)
(0.0233496 0 2.37074e-07)
(0.0233494 0 3.38997e-07)
(0.0233492 0 4.70761e-07)
(0.023349 0 6.47469e-07)
(0.0233486 0 8.90727e-07)
(0.0233482 0 1.23108e-06)
(0.0233475 0 1.70706e-06)
(0.0233467 0 2.36368e-06)
(0.0233455 0 3.24253e-06)
(0.0233438 0 4.37006e-06)
(0.0233417 0 5.73038e-06)
(0.0233388 0 7.24612e-06)
(0.0233354 0 8.73612e-06)
(0.0233313 0 9.93255e-06)
(0.0233269 0 1.04432e-05)
(0.0233228 0 9.91195e-06)
(0.0233191 0 7.93669e-06)
(0.0233172 0 4.51105e-06)
(0.0233167 0 -4.39187e-07)
(0.0233196 0 -5.99965e-06)
(0.0233228 0 -1.18502e-05)
(0.0233312 0 -1.48246e-05)
(0.0236193 0 1.54443e-05)
(0.0236148 0 1.2552e-05)
(0.0236125 0 6.50168e-06)
(0.0236108 0 6.51923e-07)
(0.0236109 0 -4.59744e-06)
(0.0236123 0 -8.27303e-06)
(0.0236147 0 -1.04104e-05)
(0.0236176 0 -1.10195e-05)
(0.0236206 0 -1.05137e-05)
(0.0236233 0 -9.27561e-06)
(0.0236257 0 -7.7194e-06)
(0.0236277 0 -6.13067e-06)
(0.0236292 0 -4.7012e-06)
(0.0236303 0 -3.51228e-06)
(0.0236312 0 -2.58073e-06)
(0.0236318 0 -1.87884e-06)
(0.0236323 0 -1.36431e-06)
(0.0236326 0 -9.91708e-07)
(0.0236329 0 -7.22604e-07)
(0.0236331 0 -5.26303e-07)
(0.0236333 0 -3.80593e-07)
(0.0236334 0 -2.69069e-07)
(0.0236335 0 -1.80328e-07)
(0.0236336 0 -1.05606e-07)
(0.0236336 0 -3.85383e-08)
(0.0236336 0 2.64535e-08)
(0.0236336 0 9.40414e-08)
(0.0236335 0 1.69318e-07)
(0.0236334 0 2.57789e-07)
(0.0236333 0 3.67073e-07)
(0.0236331 0 5.07705e-07)
(0.0236329 0 6.95738e-07)
(0.0236327 0 9.54203e-07)
(0.0236323 0 1.31566e-06)
(0.0236318 0 1.82125e-06)
(0.0236312 0 2.51901e-06)
(0.0236304 0 3.45338e-06)
(0.0236292 0 4.65235e-06)
(0.0236277 0 6.0987e-06)
(0.0236258 0 7.70861e-06)
(0.0236234 0 9.28806e-06)
(0.0236206 0 1.05484e-05)
(0.0236176 0 1.10727e-05)
(0.0236147 0 1.04776e-05)
(0.0236123 0 8.34687e-06)
(0.023611 0 4.67118e-06)
(0.0236108 0 -5.87971e-07)
(0.0236125 0 -6.45775e-06)
(0.0236149 0 -1.25369e-05)
(0.0236193 0 -1.54551e-05)
(0.0237916 0 1.58325e-05)
(0.0237886 0 1.30339e-05)
(0.0237866 0 6.85116e-06)
(0.0237853 0 7.79065e-07)
(0.0237853 0 -4.70541e-06)
(0.0237863 0 -8.58112e-06)
(0.0237882 0 -1.08476e-05)
(0.0237906 0 -1.15152e-05)
(0.0237931 0 -1.10055e-05)
(0.0237954 0 -9.72176e-06)
(0.0237975 0 -8.09749e-06)
(0.0237992 0 -6.43526e-06)
(0.0238005 0 -4.93745e-06)
(0.0238015 0 -3.69112e-06)
(0.0238023 0 -2.71445e-06)
(0.0238029 0 -1.9788e-06)
(0.0238033 0 -1.43966e-06)
(0.0238037 0 -1.04928e-06)
(0.0238039 0 -7.67109e-07)
(0.0238041 0 -5.60863e-07)
(0.0238043 0 -4.07178e-07)
(0.0238044 0 -2.88899e-07)
(0.0238045 0 -1.94129e-07)
(0.0238046 0 -1.13809e-07)
(0.0238046 0 -4.13647e-08)
(0.0238046 0 2.89182e-08)
(0.0238046 0 1.01851e-07)
(0.0238045 0 1.82668e-07)
(0.0238044 0 2.77088e-07)
(0.0238043 0 3.93049e-07)
(0.0238042 0 5.41586e-07)
(0.0238039 0 7.39537e-07)
(0.0238037 0 1.01107e-06)
(0.0238034 0 1.39038e-06)
(0.0238029 0 1.92064e-06)
(0.0238023 0 2.65225e-06)
(0.0238016 0 3.63176e-06)
(0.0238005 0 4.88816e-06)
(0.0237992 0 6.40279e-06)
(0.0237975 0 8.08617e-06)
(0.0237954 0 9.73364e-06)
(0.0237931 0 1.10396e-05)
(0.0237906 0 1.15682e-05)
(0.0237883 0 1.09147e-05)
(0.0237863 0 8.65509e-06)
(0.0237853 0 4.77924e-06)
(0.0237853 0 -7.15289e-07)
(0.0237867 0 -6.80793e-06)
(0.0237886 0 -1.30201e-05)
(0.0237916 0 -1.58439e-05)
(0.0239358 0 1.61381e-05)
(0.0239334 0 1.34174e-05)
(0.0239317 0 7.15552e-06)
(0.0239305 0 8.9654e-07)
(0.0239304 0 -4.79253e-06)
(0.0239312 0 -8.85288e-06)
(0.0239328 0 -1.12415e-05)
(0.0239349 0 -1.19691e-05)
(0.0239372 0 -1.14609e-05)
(0.0239393 0 -1.01397e-05)
(0.0239413 0 -8.45567e-06)
(0.0239429 0 -6.72729e-06)
(0.0239442 0 -5.16692e-06)
(0.0239453 0 -3.86732e-06)
(0.023946 0 -2.84823e-06)
(0.0239466 0 -2.0804e-06)
(0.0239471 0 -1.51745e-06)
(0.0239474 0 -1.10954e-06)
(0.0239477 0 -8.14244e-07)
(0.0239479 0 -5.978e-07)
(0.0239481 0 -4.35779e-07)
(0.0239482 0 -3.10323e-07)
(0.0239483 0 -2.09074e-07)
(0.0239484 0 -1.22691e-07)
(0.0239484 0 -4.44027e-08)
(0.0239484 0 3.16377e-08)
(0.0239484 0 1.10377e-07)
(0.0239483 0 1.97193e-07)
(0.0239482 0 2.98015e-07)
(0.0239481 0 4.21092e-07)
(0.0239479 0 5.77939e-07)
(0.0239477 0 7.86128e-07)
(0.0239475 0 1.07088e-06)
(0.0239471 0 1.46786e-06)
(0.0239467 0 2.02207e-06)
(0.0239461 0 2.78597e-06)
(0.0239453 0 3.80789e-06)
(0.0239442 0 5.11749e-06)
(0.0239429 0 6.69447e-06)
(0.0239413 0 8.44377e-06)
(0.0239394 0 1.01508e-05)
(0.0239372 0 1.14941e-05)
(0.0239349 0 1.20211e-05)
(0.0239329 0 1.13079e-05)
(0.0239312 0 8.92637e-06)
(0.0239304 0 4.8659e-06)
(0.0239305 0 -8.33426e-07)
(0.0239318 0 -7.11329e-06)
(0.0239335 0 -1.34049e-05)
(0.0239358 0 -1.615e-05)
(0.024072 0 1.64019e-05)
(0.0240702 0 1.3751e-05)
(0.0240688 0 7.44219e-06)
(0.0240676 0 1.02643e-06)
(0.0240675 0 -4.85089e-06)
(0.0240681 0 -9.08851e-06)
(0.0240695 0 -1.16011e-05)
(0.0240714 0 -1.23953e-05)
(0.0240734 0 -1.18982e-05)
(0.0240754 0 -1.05489e-05)
(0.0240773 0 -8.81281e-06)
(0.0240788 0 -7.02364e-06)
(0.0240801 0 -5.40374e-06)
(0.0240811 0 -4.05199e-06)
(0.0240819 0 -2.99035e-06)
(0.0240825 0 -2.18948e-06)
(0.024083 0 -1.60157e-06)
(0.0240833 0 -1.17497e-06)
(0.0240836 0 -8.65479e-07)
(0.0240838 0 -6.37914e-07)
(0.024084 0 -4.66779e-07)
(0.0240841 0 -3.33489e-07)
(0.0240842 0 -2.25195e-07)
(0.0240843 0 -1.3225e-07)
(0.0240843 0 -4.76584e-08)
(0.0240843 0 3.45823e-08)
(0.0240843 0 1.19578e-07)
(0.0240842 0 2.12875e-07)
(0.0240842 0 3.20647e-07)
(0.024084 0 4.51488e-07)
(0.0240839 0 6.17435e-07)
(0.0240836 0 8.36821e-07)
(0.0240833 0 1.13593e-06)
(0.024083 0 1.55181e-06)
(0.0240825 0 2.13118e-06)
(0.0240819 0 2.92825e-06)
(0.0240811 0 3.99271e-06)
(0.0240801 0 5.3543e-06)
(0.0240788 0 6.9905e-06)
(0.0240773 0 8.80025e-06)
(0.0240754 0 1.0559e-05)
(0.0240734 0 1.19302e-05)
(0.0240714 0 1.24461e-05)
(0.0240696 0 1.16663e-05)
(0.0240681 0 9.16105e-06)
(0.0240675 0 4.92333e-06)
(0.0240677 0 -9.64397e-07)
(0.0240688 0 -7.40122e-06)
(0.0240702 0 -1.37397e-05)
(0.024072 0 -1.64142e-05)
(0.0242002 0 1.66073e-05)
(0.024199 0 1.40102e-05)
(0.0241979 0 7.68648e-06)
(0.0241969 0 1.1513e-06)
(0.0241967 0 -4.88313e-06)
(0.0241972 0 -9.27715e-06)
(0.0241984 0 -1.19049e-05)
(0.0242 0 -1.27663e-05)
(0.0242019 0 -1.22879e-05)
(0.0242037 0 -1.09211e-05)
(0.0242054 0 -9.14401e-06)
(0.0242069 0 -7.30359e-06)
(0.0242081 0 -5.63145e-06)
(0.0242091 0 -4.23253e-06)
(0.0242099 0 -3.13137e-06)
(0.0242105 0 -2.29907e-06)
(0.024211 0 -1.68688e-06)
(0.0242114 0 -1.24173e-06)
(0.0242117 0 -9.17934e-07)
(0.0242119 0 -6.79026e-07)
(0.0242121 0 -4.98535e-07)
(0.0242122 0 -3.5719e-07)
(0.0242123 0 -2.41663e-07)
(0.0242124 0 -1.41997e-07)
(0.0242124 0 -5.09663e-08)
(0.0242124 0 3.76019e-08)
(0.0242124 0 1.28985e-07)
(0.0242123 0 2.28914e-07)
(0.0242122 0 3.43817e-07)
(0.0242121 0 4.82645e-07)
(0.0242119 0 6.5795e-07)
(0.0242117 0 8.88789e-07)
(0.0242114 0 1.20241e-06)
(0.024211 0 1.63712e-06)
(0.0242105 0 2.24101e-06)
(0.0242099 0 3.06966e-06)
(0.0242091 0 4.17361e-06)
(0.0242081 0 5.58216e-06)
(0.0242069 0 7.27021e-06)
(0.0242054 0 9.13075e-06)
(0.0242037 0 1.093e-05)
(0.0242019 0 1.23184e-05)
(0.0242 0 1.28156e-05)
(0.0241984 0 1.19685e-05)
(0.0241972 0 9.3483e-06)
(0.0241967 0 4.95421e-06)
(0.0241969 0 -1.09072e-06)
(0.0241979 0 -7.64699e-06)
(0.024199 0 -1.4e-05)
(0.0242003 0 -1.66199e-05)
(0.0243206 0 1.67547e-05)
(0.0243198 0 1.42009e-05)
(0.024319 0 7.88752e-06)
(0.0243182 0 1.26267e-06)
(0.024318 0 -4.90151e-06)
(0.0243184 0 -9.43277e-06)
(0.0243194 0 -1.2166e-05)
(0.0243209 0 -1.30934e-05)
(0.0243225 0 -1.26383e-05)
(0.0243242 0 -1.12619e-05)
(0.0243258 0 -9.45261e-06)
(0.0243272 0 -7.56892e-06)
(0.0243284 0 -5.85092e-06)
(0.0243294 0 -4.40937e-06)
(0.0243301 0 -3.27158e-06)
(0.0243308 0 -2.40948e-06)
(0.0243312 0 -1.77377e-06)
(0.0243316 0 -1.31027e-06)
(0.0243319 0 -9.72054e-07)
(0.0243322 0 -7.2156e-07)
(0.0243324 0 -5.31422e-07)
(0.0243325 0 -3.81734e-07)
(0.0243326 0 -2.58705e-07)
(0.0243327 0 -1.52073e-07)
(0.0243327 0 -5.4376e-08)
(0.0243327 0 4.07391e-08)
(0.0243327 0 1.38734e-07)
(0.0243326 0 2.45533e-07)
(0.0243325 0 3.67834e-07)
(0.0243324 0 5.1494e-07)
(0.0243322 0 6.99905e-07)
(0.024332 0 9.42465e-07)
(0.0243316 0 1.27075e-06)
(0.0243313 0 1.7241e-06)
(0.0243308 0 2.3518e-06)
(0.0243302 0 3.21043e-06)
(0.0243294 0 4.35098e-06)
(0.0243284 0 5.80194e-06)
(0.0243272 0 7.53541e-06)
(0.0243258 0 9.4387e-06)
(0.0243242 0 1.12697e-05)
(0.0243225 0 1.26673e-05)
(0.0243209 0 1.3141e-05)
(0.0243194 0 1.22279e-05)
(0.0243184 0 9.50226e-06)
(0.024318 0 4.97093e-06)
(0.0243182 0 -1.20379e-06)
(0.024319 0 -7.84963e-06)
(0.0243199 0 -1.41918e-05)
(0.0243207 0 -1.67676e-05)
(0.0244332 0 1.68466e-05)
(0.0244329 0 1.43272e-05)
(0.0244322 0 8.04467e-06)
(0.0244316 0 1.35506e-06)
(0.0244314 0 -4.91428e-06)
(0.0244318 0 -9.56482e-06)
(0.0244327 0 -1.23936e-05)
(0.0244339 0 -1.33842e-05)
(0.0244354 0 -1.29552e-05)
(0.024437 0 -1.15752e-05)
(0.0244384 0 -9.74095e-06)
(0.0244398 0 -7.82093e-06)
(0.0244409 0 -6.06283e-06)
(0.0244418 0 -4.58289e-06)
(0.0244426 0 -3.41129e-06)
(0.0244432 0 -2.521e-06)
(0.0244437 0 -1.86253e-06)
(0.0244441 0 -1.38091e-06)
(0.0244444 0 -1.02818e-06)
(0.0244447 0 -7.65826e-07)
(0.0244449 0 -5.65711e-07)
(0.024445 0 -4.07337e-07)
(0.0244452 0 -2.7648e-07)
(0.0244452 0 -1.62576e-07)
(0.0244453 0 -5.79224e-08)
(0.0244453 0 4.40227e-08)
(0.0244452 0 1.48917e-07)
(0.0244452 0 2.62891e-07)
(0.0244451 0 3.92914e-07)
(0.0244449 0 5.48643e-07)
(0.0244447 0 7.4361e-07)
(0.0244445 0 9.98174e-07)
(0.0244441 0 1.34124e-06)
(0.0244437 0 1.81306e-06)
(0.0244432 0 2.46381e-06)
(0.0244426 0 3.35081e-06)
(0.0244418 0 4.52516e-06)
(0.0244409 0 6.01427e-06)
(0.0244398 0 7.78741e-06)
(0.0244384 0 9.7265e-06)
(0.024437 0 1.15818e-05)
(0.0244354 0 1.29827e-05)
(0.024434 0 1.34299e-05)
(0.0244327 0 1.24536e-05)
(0.0244318 0 9.6325e-06)
(0.0244315 0 4.98187e-06)
(0.0244316 0 -1.29802e-06)
(0.0244323 0 -8.00848e-06)
(0.0244329 0 -1.43192e-05)
(0.0244333 0 -1.68597e-05)
(0.024538 0 1.68853e-05)
(0.0245381 0 1.43912e-05)
(0.0245377 0 8.15692e-06)
(0.0245372 0 1.42458e-06)
(0.0245371 0 -4.92658e-06)
(0.0245374 0 -9.67859e-06)
(0.0245382 0 -1.25921e-05)
(0.0245393 0 -1.36419e-05)
(0.0245406 0 -1.32406e-05)
(0.024542 0 -1.18619e-05)
(0.0245434 0 -1.00092e-05)
(0.0245446 0 -8.05939e-06)
(0.0245457 0 -6.26678e-06)
(0.0245466 0 -4.75272e-06)
(0.0245474 0 -3.55021e-06)
(0.024548 0 -2.63349e-06)
(0.0245485 0 -1.95315e-06)
(0.0245489 0 -1.45369e-06)
(0.0245492 0 -1.08637e-06)
(0.0245495 0 -8.11919e-07)
(0.0245497 0 -6.01492e-07)
(0.0245499 0 -4.34077e-07)
(0.02455 0 -2.95047e-07)
(0.02455 0 -1.73543e-07)
(0.0245501 0 -6.162e-08)
(0.0245501 0 4.74628e-08)
(0.02455 0 1.59569e-07)
(0.02455 0 2.81046e-07)
(0.0245499 0 4.19139e-07)
(0.0245497 0 5.83849e-07)
(0.0245495 0 7.89161e-07)
(0.0245492 0 1.05599e-06)
(0.0245489 0 1.41392e-06)
(0.0245485 0 1.90392e-06)
(0.024548 0 2.57686e-06)
(0.0245474 0 3.49049e-06)
(0.0245466 0 4.69573e-06)
(0.0245457 0 6.21874e-06)
(0.0245446 0 8.02594e-06)
(0.0245434 0 9.9943e-06)
(0.024542 0 1.18675e-05)
(0.0245406 0 1.32665e-05)
(0.0245393 0 1.36859e-05)
(0.0245382 0 1.26501e-05)
(0.0245374 0 9.74436e-06)
(0.0245372 0 4.99224e-06)
(0.0245373 0 -1.36949e-06)
(0.0245377 0 -8.12247e-06)
(0.0245381 0 -1.43843e-05)
(0.024538 0 -1.68986e-05)
(0.024635 0 1.68727e-05)
(0.0246355 0 1.43941e-05)
(0.0246353 0 8.22319e-06)
(0.0246351 0 1.46819e-06)
(0.0246351 0 -4.94228e-06)
(0.0246354 0 -9.77783e-06)
(0.024636 0 -1.27644e-05)
(0.024637 0 -1.38685e-05)
(0.0246382 0 -1.34954e-05)
(0.0246394 0 -1.21223e-05)
(0.0246406 0 -1.02572e-05)
(0.0246418 0 -8.2838e-06)
(0.0246428 0 -6.46225e-06)
(0.0246437 0 -4.9184e-06)
(0.0246444 0 -3.68801e-06)
(0.0246451 0 -2.74675e-06)
(0.0246456 0 -2.04552e-06)
(0.024646 0 -1.52859e-06)
(0.0246463 0 -1.14668e-06)
(0.0246466 0 -8.59884e-07)
(0.0246468 0 -6.38815e-07)
(0.024647 0 -4.62001e-07)
(0.0246471 0 -3.14441e-07)
(0.0246472 0 -1.84996e-07)
(0.0246472 0 -6.54774e-08)
(0.0246472 0 5.1065e-08)
(0.0246472 0 1.70711e-07)
(0.0246471 0 3.00034e-07)
(0.024647 0 4.46556e-07)
(0.0246468 0 6.20612e-07)
(0.0246466 0 8.36604e-07)
(0.0246463 0 1.11594e-06)
(0.024646 0 1.48875e-06)
(0.0246456 0 1.99657e-06)
(0.0246451 0 2.69073e-06)
(0.0246444 0 3.6291e-06)
(0.0246437 0 4.86222e-06)
(0.0246428 0 6.41479e-06)
(0.0246418 0 8.25051e-06)
(0.0246406 0 1.02419e-05)
(0.0246394 0 1.2127e-05)
(0.0246382 0 1.352e-05)
(0.024637 0 1.39108e-05)
(0.024636 0 1.28206e-05)
(0.0246354 0 9.84166e-06)
(0.0246351 0 5.00594e-06)
(0.0246352 0 -1.41508e-06)
(0.0246354 0 -8.19049e-06)
(0.0246355 0 -1.43883e-05)
(0.0246351 0 -1.68863e-05)
(0.0247243 0 1.68104e-05)
(0.0247252 0 1.4337e-05)
(0.0247253 0 8.24298e-06)
(0.0247253 0 1.48375e-06)
(0.0247253 0 -4.96421e-06)
(0.0247256 0 -9.86539e-06)
(0.0247262 0 -1.2913e-05)
(0.024727 0 -1.40657e-05)
(0.024728 0 -1.37207e-05)
(0.0247291 0 -1.23567e-05)
(0.0247302 0 -1.04848e-05)
(0.0247313 0 -8.49394e-06)
(0.0247323 0 -6.64895e-06)
(0.0247331 0 -5.0797e-06)
(0.0247339 0 -3.82455e-06)
(0.0247345 0 -2.8607e-06)
(0.024735 0 -2.13964e-06)
(0.0247354 0 -1.60566e-06)
(0.0247358 0 -1.20914e-06)
(0.0247361 0 -9.09784e-07)
(0.0247363 0 -6.77741e-07)
(0.0247365 0 -4.91158e-07)
(0.0247366 0 -3.347e-07)
(0.0247367 0 -1.96961e-07)
(0.0247367 0 -6.95039e-08)
(0.0247367 0 5.48354e-08)
(0.0247367 0 1.82365e-07)
(0.0247366 0 3.19891e-07)
(0.0247365 0 4.75216e-07)
(0.0247363 0 6.58994e-07)
(0.0247361 0 8.86006e-07)
(0.0247358 0 1.17808e-06)
(0.0247354 0 1.56577e-06)
(0.024735 0 2.091e-06)
(0.0247345 0 2.80531e-06)
(0.0247339 0 3.76648e-06)
(0.0247331 0 5.02436e-06)
(0.0247323 0 6.60212e-06)
(0.0247313 0 8.46088e-06)
(0.0247302 0 1.04692e-05)
(0.0247291 0 1.23606e-05)
(0.024728 0 1.3744e-05)
(0.024727 0 1.41064e-05)
(0.0247262 0 1.29674e-05)
(0.0247256 0 9.92729e-06)
(0.0247254 0 5.02587e-06)
(0.0247254 0 -1.43261e-06)
(0.0247254 0 -8.21201e-06)
(0.0247253 0 -1.43323e-05)
(0.0247244 0 -1.68244e-05)
(0.0248061 0 1.67002e-05)
(0.0248074 0 1.42212e-05)
(0.0248077 0 8.21639e-06)
(0.0248079 0 1.47008e-06)
(0.024808 0 -4.99421e-06)
(0.0248082 0 -9.94319e-06)
(0.0248087 0 -1.30396e-05)
(0.0248094 0 -1.42348e-05)
(0.0248103 0 -1.39171e-05)
(0.0248112 0 -1.25655e-05)
(0.0248122 0 -1.06922e-05)
(0.0248132 0 -8.68982e-06)
(0.0248141 0 -6.82685e-06)
(0.024815 0 -5.23659e-06)
(0.0248157 0 -3.95982e-06)
(0.0248163 0 -2.97539e-06)
(0.0248168 0 -2.23558e-06)
(0.0248173 0 -1.68496e-06)
(0.0248176 0 -1.27385e-06)
(0.0248179 0 -9.61699e-07)
(0.0248182 0 -7.18337e-07)
(0.0248183 0 -5.21602e-07)
(0.0248185 0 -3.55864e-07)
(0.0248186 0 -2.0946e-07)
(0.0248186 0 -7.37085e-08)
(0.0248186 0 5.87804e-08)
(0.0248186 0 1.94552e-07)
(0.0248185 0 3.40656e-07)
(0.0248183 0 5.05174e-07)
(0.0248182 0 6.99063e-07)
(0.0248179 0 9.37444e-07)
(0.0248176 0 1.24249e-06)
(0.0248173 0 1.64506e-06)
(0.0248168 0 2.18726e-06)
(0.0248163 0 2.92065e-06)
(0.0248157 0 3.90261e-06)
(0.024815 0 5.18212e-06)
(0.0248141 0 6.7807e-06)
(0.0248132 0 8.65706e-06)
(0.0248122 0 1.06764e-05)
(0.0248112 0 1.25687e-05)
(0.0248103 0 1.39392e-05)
(0.0248094 0 1.42739e-05)
(0.0248087 0 1.30921e-05)
(0.0248083 0 1.00032e-05)
(0.024808 0 5.05389e-06)
(0.0248079 0 -1.42089e-06)
(0.0248077 0 -8.18712e-06)
(0.0248074 0 -1.42176e-05)
(0.0248061 0 -1.67146e-05)
(0.0248802 0 1.65438e-05)
(0.0248819 0 1.40479e-05)
(0.0248824 0 8.14396e-06)
(0.0248828 0 1.42685e-06)
(0.024883 0 -5.0331e-06)
(0.0248833 0 -1.00121e-05)
(0.0248837 0 -1.31448e-05)
(0.0248842 0 -1.43762e-05)
(0.0248849 0 -1.40851e-05)
(0.0248858 0 -1.27491e-05)
(0.0248867 0 -1.08796e-05)
(0.0248876 0 -8.87163e-06)
(0.0248884 0 -6.99613e-06)
(0.0248892 0 -5.38923e-06)
(0.0248899 0 -4.09399e-06)
(0.0248905 0 -3.09096e-06)
(0.0248911 0 -2.33347e-06)
(0.0248915 0 -1.76662e-06)
(0.0248919 0 -1.34092e-06)
(0.0248922 0 -1.01572e-06)
(0.0248924 0 -7.60674e-07)
(0.0248926 0 -5.53387e-07)
(0.0248928 0 -3.77969e-07)
(0.0248929 0 -2.22516e-07)
(0.0248929 0 -7.80995e-08)
(0.0248929 0 6.29061e-08)
(0.0248929 0 2.07294e-07)
(0.0248928 0 3.62366e-07)
(0.0248926 0 5.36482e-07)
(0.0248925 0 7.4089e-07)
(0.0248922 0 9.91008e-07)
(0.0248919 0 1.30927e-06)
(0.0248915 0 1.72673e-06)
(0.0248911 0 2.28549e-06)
(0.0248905 0 3.03688e-06)
(0.0248899 0 4.03764e-06)
(0.0248892 0 5.33564e-06)
(0.0248884 0 6.95068e-06)
(0.0248875 0 8.83921e-06)
(0.0248867 0 1.08637e-05)
(0.0248858 0 1.27516e-05)
(0.0248849 0 1.41061e-05)
(0.0248842 0 1.44139e-05)
(0.0248837 0 1.31956e-05)
(0.0248833 0 1.00703e-05)
(0.024883 0 5.09086e-06)
(0.0248829 0 -1.37955e-06)
(0.0248824 0 -8.11633e-06)
(0.0248819 0 -1.40452e-05)
(0.0248803 0 -1.65585e-05)
(0.0249468 0 1.6343e-05)
(0.0249489 0 1.3818e-05)
(0.0249496 0 8.02662e-06)
(0.0249502 0 1.35452e-06)
(0.0249505 0 -5.08075e-06)
(0.0249508 0 -1.00721e-05)
(0.0249511 0 -1.32286e-05)
(0.0249515 0 -1.449e-05)
(0.0249521 0 -1.42249e-05)
(0.0249528 0 -1.29077e-05)
(0.0249535 0 -1.10474e-05)
(0.0249543 0 -9.03974e-06)
(0.0249551 0 -7.15715e-06)
(0.0249559 0 -5.53798e-06)
(0.0249566 0 -4.22737e-06)
(0.0249572 0 -3.20768e-06)
(0.0249578 0 -2.43353e-06)
(0.0249582 0 -1.85083e-06)
(0.0249586 0 -1.41047e-06)
(0.0249589 0 -1.07194e-06)
(0.0249592 0 -8.04828e-07)
(0.0249594 0 -5.86568e-07)
(0.0249595 0 -4.01054e-07)
(0.0249596 0 -2.36152e-07)
(0.0249597 0 -8.26846e-08)
(0.0249597 0 6.72186e-08)
(0.0249596 0 2.20611e-07)
(0.0249595 0 3.85057e-07)
(0.0249594 0 5.69195e-07)
(0.0249592 0 7.8455e-07)
(0.024959 0 1.0468e-06)
(0.0249586 0 1.37856e-06)
(0.0249583 0 1.81094e-06)
(0.0249578 0 2.3859e-06)
(0.0249572 0 3.15425e-06)
(0.0249566 0 4.17187e-06)
(0.0249559 0 5.48527e-06)
(0.0249551 0 7.11244e-06)
(0.0249543 0 9.00772e-06)
(0.0249535 0 1.10314e-05)
(0.0249527 0 1.29097e-05)
(0.0249521 0 1.42449e-05)
(0.0249515 0 1.45264e-05)
(0.0249511 0 1.32779e-05)
(0.0249508 0 1.01285e-05)
(0.0249505 0 5.13665e-06)
(0.0249503 0 -1.30903e-06)
(0.0249496 0 -8.00054e-06)
(0.0249489 0 -1.38163e-05)
(0.0249469 0 -1.63581e-05)
(0.025006 0 1.60991e-05)
(0.0250083 0 1.35324e-05)
(0.0250093 0 7.86548e-06)
(0.0250101 0 1.25423e-06)
(0.0250105 0 -5.13608e-06)
(0.0250107 0 -1.01222e-05)
(0.0250109 0 -1.32904e-05)
(0.0250112 0 -1.45758e-05)
(0.0250116 0 -1.43364e-05)
(0.0250122 0 -1.30414e-05)
(0.0250129 0 -1.11959e-05)
(0.0250136 0 -9.19469e-06)
(0.0250143 0 -7.31048e-06)
(0.0250151 0 -5.68335e-06)
(0.0250158 0 -4.3604e-06)
(0.0250164 0 -3.32591e-06)
(0.025017 0 -2.53603e-06)
(0.0250174 0 -1.93777e-06)
(0.0250179 0 -1.48265e-06)
(0.0250182 0 -1.13048e-06)
(0.0250184 0 -8.50876e-07)
(0.0250187 0 -6.21198e-07)
(0.0250188 0 -4.25153e-07)
(0.0250189 0 -2.50387e-07)
(0.0250189 0 -8.74707e-08)
(0.0250189 0 7.17232e-08)
(0.0250189 0 2.34521e-07)
(0.0250188 0 4.0876e-07)
(0.0250187 0 6.03364e-07)
(0.0250185 0 8.30117e-07)
(0.0250182 0 1.10492e-06)
(0.0250179 0 1.4505e-06)
(0.0250175 0 1.89792e-06)
(0.025017 0 2.48875e-06)
(0.0250164 0 3.27313e-06)
(0.0250158 0 4.30575e-06)
(0.0250151 0 5.63153e-06)
(0.0250143 0 7.26652e-06)
(0.0250136 0 9.16311e-06)
(0.0250129 0 1.118e-05)
(0.0250122 0 1.30429e-05)
(0.0250116 0 1.43555e-05)
(0.0250112 0 1.4611e-05)
(0.0250109 0 1.33381e-05)
(0.0250107 0 1.01769e-05)
(0.0250105 0 5.1902e-06)
(0.0250102 0 -1.21047e-06)
(0.0250094 0 -7.84085e-06)
(0.0250084 0 -1.35317e-05)
(0.025006 0 -1.61145e-05)
(0.0250577 0 1.58142e-05)
(0.0250604 0 1.31921e-05)
(0.0250616 0 7.66217e-06)
(0.0250626 0 1.12793e-06)
(0.025063 0 -5.1971e-06)
(0.0250632 0 -1.01604e-05)
(0.0250633 0 -1.33285e-05)
(0.0250635 0 -1.46327e-05)
(0.0250637 0 -1.44191e-05)
(0.0250641 0 -1.31505e-05)
(0.0250647 0 -1.13258e-05)
(0.0250653 0 -9.33719e-06)
(0.025066 0 -7.45687e-06)
(0.0250668 0 -5.82603e-06)
(0.0250675 0 -4.49364e-06)
(0.0250681 0 -3.44608e-06)
(0.0250687 0 -2.64129e-06)
(0.0250692 0 -2.02767e-06)
(0.0250696 0 -1.55762e-06)
(0.0250699 0 -1.19142e-06)
(0.0250702 0 -8.98877e-07)
(0.0250704 0 -6.57313e-07)
(0.0250706 0 -4.50288e-07)
(0.0250707 0 -2.65233e-07)
(0.0250707 0 -9.24613e-08)
(0.0250707 0 7.64238e-08)
(0.0250707 0 2.49036e-07)
(0.0250706 0 4.335e-07)
(0.0250704 0 6.39023e-07)
(0.0250702 0 8.77648e-07)
(0.0250699 0 1.16546e-06)
(0.0250696 0 1.52524e-06)
(0.0250692 0 1.98785e-06)
(0.0250687 0 2.59436e-06)
(0.0250681 0 3.39394e-06)
(0.0250675 0 4.43983e-06)
(0.0250668 0 5.77511e-06)
(0.025066 0 7.41368e-06)
(0.0250653 0 9.3061e-06)
(0.0250647 0 1.13099e-05)
(0.0250641 0 1.31517e-05)
(0.0250637 0 1.44375e-05)
(0.0250635 0 1.46667e-05)
(0.0250633 0 1.33748e-05)
(0.0250632 0 1.02135e-05)
(0.025063 0 5.24953e-06)
(0.0250626 0 -1.08579e-06)
(0.0250616 0 -7.63889e-06)
(0.0250604 0 -1.31922e-05)
(0.0250577 0 -1.58299e-05)
(0.025102 0 1.54896e-05)
(0.025105 0 1.27979e-05)
(0.0251064 0 7.41848e-06)
(0.0251076 0 9.78127e-07)
(0.0251081 0 -5.26105e-06)
(0.0251082 0 -1.01841e-05)
(0.0251082 0 -1.33408e-05)
(0.0251082 0 -1.46592e-05)
(0.0251083 0 -1.44727e-05)
(0.0251086 0 -1.3235e-05)
(0.025109 0 -1.14375e-05)
(0.0251096 0 -9.46801e-06)
(0.0251103 0 -7.5971e-06)
(0.025111 0 -5.96668e-06)
(0.0251117 0 -4.62761e-06)
(0.0251123 0 -3.56854e-06)
(0.0251129 0 -2.74953e-06)
(0.0251134 0 -2.12065e-06)
(0.0251139 0 -1.63542e-06)
(0.0251142 0 -1.25478e-06)
(0.0251145 0 -9.48821e-07)
(0.0251147 0 -6.94897e-07)
(0.0251149 0 -4.76443e-07)
(0.025115 0 -2.80679e-07)
(0.0251151 0 -9.76535e-08)
(0.0251151 0 8.13151e-08)
(0.025115 0 2.64142e-07)
(0.0251149 0 4.59254e-07)
(0.0251148 0 6.76152e-07)
(0.0251145 0 9.27128e-07)
(0.0251142 0 1.22843e-06)
(0.0251139 0 1.60282e-06)
(0.0251135 0 2.08087e-06)
(0.0251129 0 2.70295e-06)
(0.0251123 0 3.51704e-06)
(0.0251117 0 4.57464e-06)
(0.025111 0 5.91666e-06)
(0.0251103 0 7.5547e-06)
(0.0251096 0 9.43747e-06)
(0.025109 0 1.14219e-05)
(0.0251086 0 1.32361e-05)
(0.0251083 0 1.44904e-05)
(0.0251082 0 1.46922e-05)
(0.0251082 0 1.33858e-05)
(0.0251082 0 1.02357e-05)
(0.0251081 0 5.31187e-06)
(0.0251076 0 -9.37518e-07)
(0.0251065 0 -7.39644e-06)
(0.0251051 0 -1.27987e-05)
(0.025102 0 -1.55055e-05)
(0.0251389 0 1.51265e-05)
(0.0251423 0 1.23492e-05)
(0.0251439 0 7.13553e-06)
(0.0251452 0 8.07209e-07)
(0.0251458 0 -5.32492e-06)
(0.0251458 0 -1.01903e-05)
(0.0251457 0 -1.3325e-05)
(0.0251455 0 -1.4654e-05)
(0.0251454 0 -1.44966e-05)
(0.0251456 0 -1.32956e-05)
(0.0251459 0 -1.15322e-05)
(0.0251464 0 -9.58848e-06)
(0.0251471 0 -7.73248e-06)
(0.0251478 0 -6.10648e-06)
(0.0251485 0 -4.76324e-06)
(0.0251491 0 -3.69398e-06)
(0.0251497 0 -2.86123e-06)
(0.0251503 0 -2.21702e-06)
(0.0251507 0 -1.71625e-06)
(0.0251511 0 -1.32069e-06)
(0.0251514 0 -1.00078e-06)
(0.0251516 0 -7.33994e-07)
(0.0251518 0 -5.03643e-07)
(0.0251519 0 -2.96737e-07)
(0.025152 0 -1.0305e-07)
(0.025152 0 8.64012e-08)
(0.0251519 0 2.79852e-07)
(0.0251518 0 4.86047e-07)
(0.0251516 0 7.14791e-07)
(0.0251514 0 9.78627e-07)
(0.0251511 0 1.29394e-06)
(0.0251507 0 1.68343e-06)
(0.0251503 0 2.17728e-06)
(0.0251498 0 2.81499e-06)
(0.0251491 0 3.64311e-06)
(0.0251485 0 4.71111e-06)
(0.0251478 0 6.05738e-06)
(0.0251471 0 7.69093e-06)
(0.0251464 0 9.55857e-06)
(0.0251459 0 1.15169e-05)
(0.0251456 0 1.32966e-05)
(0.0251454 0 1.45138e-05)
(0.0251455 0 1.46862e-05)
(0.0251457 0 1.33688e-05)
(0.0251459 0 1.02405e-05)
(0.0251458 0 5.37423e-06)
(0.0251453 0 -7.68031e-07)
(0.025144 0 -7.11461e-06)
(0.0251423 0 -1.23505e-05)
(0.0251389 0 -1.51426e-05)
(0.0251685 0 1.47168e-05)
(0.0251722 0 1.18349e-05)
(0.0251741 0 6.80827e-06)
(0.0251755 0 6.15353e-07)
(0.0251761 0 -5.38417e-06)
(0.0251761 0 -1.01722e-05)
(0.0251757 0 -1.32742e-05)
(0.0251753 0 -1.46118e-05)
(0.0251751 0 -1.44879e-05)
(0.0251751 0 -1.33314e-05)
(0.0251753 0 -1.16109e-05)
(0.0251758 0 -9.70084e-06)
(0.0251764 0 -7.86586e-06)
(0.0251771 0 -6.24837e-06)
(0.0251778 0 -4.90328e-06)
(0.0251785 0 -3.82481e-06)
(0.0251791 0 -2.97839e-06)
(0.0251797 0 -2.3184e-06)
(0.0251802 0 -1.80139e-06)
(0.0251806 0 -1.39011e-06)
(0.0251809 0 -1.05551e-06)
(0.0251811 0 -7.75147e-07)
(0.0251813 0 -5.32258e-07)
(0.0251814 0 -3.13625e-07)
(0.0251815 0 -1.08727e-07)
(0.0251815 0 9.17444e-08)
(0.0251814 0 2.96369e-07)
(0.0251813 0 5.14232e-07)
(0.0251811 0 7.55462e-07)
(0.0251809 0 1.03286e-06)
(0.0251806 0 1.36296e-06)
(0.0251802 0 1.76833e-06)
(0.0251797 0 2.27868e-06)
(0.0251791 0 2.93248e-06)
(0.0251785 0 3.77457e-06)
(0.0251778 0 4.85199e-06)
(0.0251771 0 6.2002e-06)
(0.0251764 0 7.82519e-06)
(0.0251758 0 9.67161e-06)
(0.0251753 0 1.15959e-05)
(0.0251751 0 1.33324e-05)
(0.0251751 0 1.45048e-05)
(0.0251753 0 1.46432e-05)
(0.0251757 0 1.3317e-05)
(0.0251761 0 1.02211e-05)
(0.0251761 0 5.43194e-06)
(0.0251756 0 -5.7761e-07)
(0.0251741 0 -6.78842e-06)
(0.0251723 0 -1.18367e-05)
(0.0251685 0 -1.4733e-05)
(0.0251907 0 1.42483e-05)
(0.0251948 0 1.1234e-05)
(0.0251969 0 6.42725e-06)
(0.0251985 0 4.02865e-07)
(0.025199 0 -5.42999e-06)
(0.0251989 0 -1.01169e-05)
(0.0251983 0 -1.31751e-05)
(0.0251978 0 -1.45216e-05)
(0.0251973 0 -1.44398e-05)
(0.0251972 0 -1.334e-05)
(0.0251973 0 -1.16749e-05)
(0.0251977 0 -9.80906e-06)
(0.0251983 0 -8.00273e-06)
(0.025199 0 -6.39838e-06)
(0.0251997 0 -5.05363e-06)
(0.0252005 0 -3.96637e-06)
(0.0252011 0 -3.10562e-06)
(0.0252017 0 -2.42863e-06)
(0.0252022 0 -1.89395e-06)
(0.0252026 0 -1.46553e-06)
(0.0252029 0 -1.11489e-06)
(0.0252032 0 -8.19751e-07)
(0.0252034 0 -5.63243e-07)
(0.0252035 0 -3.31898e-07)
(0.0252035 0 -1.14867e-07)
(0.0252035 0 9.75261e-08)
(0.0252035 0 3.14243e-07)
(0.0252034 0 5.44753e-07)
(0.0252032 0 7.99546e-07)
(0.0252029 0 1.09172e-06)
(0.0252026 0 1.43792e-06)
(0.0252022 0 1.86062e-06)
(0.0252017 0 2.38891e-06)
(0.0252011 0 3.06004e-06)
(0.0252005 0 3.91678e-06)
(0.0251998 0 5.00322e-06)
(0.025199 0 6.35119e-06)
(0.0251983 0 7.96299e-06)
(0.0251977 0 9.78059e-06)
(0.0251973 0 1.16604e-05)
(0.0251971 0 1.33411e-05)
(0.0251973 0 1.44564e-05)
(0.0251978 0 1.45523e-05)
(0.0251984 0 1.32167e-05)
(0.0251989 0 1.01642e-05)
(0.025199 0 5.47611e-06)
(0.0251985 0 -3.66665e-07)
(0.025197 0 -6.40849e-06)
(0.0251949 0 -1.12362e-05)
(0.0251907 0 -1.42646e-05)
(0.0252056 0 1.3743e-05)
(0.0252101 0 1.0574e-05)
(0.0252125 0 6.01489e-06)
(0.0252142 0 1.90369e-07)
(0.0252147 0 -5.4442e-06)
(0.0252143 0 -1.00096e-05)
(0.0252136 0 -1.30166e-05)
(0.0252127 0 -1.43756e-05)
(0.0252121 0 -1.43465e-05)
(0.0252118 0 -1.33169e-05)
(0.0252118 0 -1.17202e-05)
(0.0252122 0 -9.90902e-06)
(0.0252128 0 -8.1387e-06)
(0.0252135 0 -6.55192e-06)
(0.0252143 0 -5.20963e-06)
(0.025215 0 -4.11416e-06)
(0.0252157 0 -3.23873e-06)
(0.0252163 0 -2.54397e-06)
(0.0252168 0 -1.99072e-06)
(0.0252173 0 -1.54427e-06)
(0.0252176 0 -1.17679e-06)
(0.0252179 0 -8.66194e-07)
(0.0252181 0 -5.95475e-07)
(0.0252182 0 -3.50894e-07)
(0.0252182 0 -1.21248e-07)
(0.0252182 0 1.03534e-07)
(0.0252182 0 3.32821e-07)
(0.0252181 0 5.76496e-07)
(0.0252179 0 8.45437e-07)
(0.0252176 0 1.15306e-06)
(0.0252173 0 1.51617e-06)
(0.0252169 0 1.95708e-06)
(0.0252163 0 2.50423e-06)
(0.0252157 0 3.19346e-06)
(0.0252151 0 4.06517e-06)
(0.0252143 0 5.16004e-06)
(0.0252135 0 6.50562e-06)
(0.0252128 0 8.09975e-06)
(0.0252122 0 9.88111e-06)
(0.0252118 0 1.17059e-05)
(0.0252118 0 1.33178e-05)
(0.0252121 0 1.43625e-05)
(0.0252127 0 1.44052e-05)
(0.0252136 0 1.30566e-05)
(0.0252144 0 1.0055e-05)
(0.0252147 0 5.4881e-06)
(0.0252142 0 -1.56201e-07)
(0.0252125 0 -5.99763e-06)
(0.0252102 0 -1.05767e-05)
(0.0252057 0 -1.37595e-05)
(0.0252132 0 1.34472e-05)
(0.0252182 0 1.01905e-05)
(0.0252208 0 5.77871e-06)
(0.0252226 0 8.41249e-08)
(0.025223 0 -5.42184e-06)
(0.0252224 0 -9.90965e-06)
(0.0252214 0 -1.28859e-05)
(0.0252203 0 -1.42567e-05)
(0.0252194 0 -1.42657e-05)
(0.025219 0 -1.32855e-05)
(0.0252189 0 -1.17365e-05)
(0.0252193 0 -9.96361e-06)
(0.0252199 0 -8.21877e-06)
(0.0252206 0 -6.64498e-06)
(0.0252214 0 -5.30546e-06)
(0.0252222 0 -4.20554e-06)
(0.0252229 0 -3.3213e-06)
(0.0252236 0 -2.61561e-06)
(0.0252241 0 -2.05082e-06)
(0.0252245 0 -1.59315e-06)
(0.0252249 0 -1.2152e-06)
(0.0252252 0 -8.94984e-07)
(0.0252254 0 -6.15434e-07)
(0.0252255 0 -3.62638e-07)
(0.0252256 0 -1.25168e-07)
(0.0252256 0 1.07294e-07)
(0.0252255 0 3.44378e-07)
(0.0252254 0 5.96226e-07)
(0.0252252 0 8.73963e-07)
(0.0252249 0 1.1912e-06)
(0.0252246 0 1.56486e-06)
(0.0252241 0 2.01712e-06)
(0.0252236 0 2.57599e-06)
(0.0252229 0 3.27635e-06)
(0.0252222 0 4.15706e-06)
(0.0252214 0 5.25647e-06)
(0.0252206 0 6.59928e-06)
(0.0252199 0 8.18031e-06)
(0.0252193 0 9.93598e-06)
(0.0252189 0 1.17222e-05)
(0.025219 0 1.3286e-05)
(0.0252194 0 1.4281e-05)
(0.0252203 0 1.42854e-05)
(0.0252214 0 1.29248e-05)
(0.0252225 0 9.95361e-06)
(0.025223 0 5.46431e-06)
(0.0252226 0 -5.11146e-08)
(0.0252208 0 -5.76227e-06)
(0.0252182 0 -1.01933e-05)
(0.0252133 0 -1.34636e-05)
(0.0252132 0 1.32599e-05)
(0.0252188 0 9.94756e-06)
(0.0252217 0 5.62342e-06)
(0.0252236 0 -1.09398e-08)
(0.0252239 0 -5.44996e-06)
(0.0252231 0 -9.89616e-06)
(0.0252217 0 -1.28529e-05)
(0.0252203 0 -1.42234e-05)
(0.0252192 0 -1.42451e-05)
(0.0252186 0 -1.32829e-05)
(0.0252185 0 -1.1752e-05)
(0.0252188 0 -9.99335e-06)
(0.0252194 0 -8.25775e-06)
(0.0252202 0 -6.68813e-06)
(0.0252211 0 -5.34873e-06)
(0.0252219 0 -4.24613e-06)
(0.0252227 0 -3.35758e-06)
(0.0252233 0 -2.64683e-06)
(0.0252239 0 -2.07689e-06)
(0.0252244 0 -1.61429e-06)
(0.0252247 0 -1.23178e-06)
(0.025225 0 -9.07413e-07)
(0.0252252 0 -6.24065e-07)
(0.0252253 0 -3.67743e-07)
(0.0252254 0 -1.2692e-07)
(0.0252254 0 1.08832e-07)
(0.0252253 0 3.49251e-07)
(0.0252252 0 6.04595e-07)
(0.025225 0 8.86096e-07)
(0.0252247 0 1.20746e-06)
(0.0252244 0 1.58566e-06)
(0.0252239 0 2.04286e-06)
(0.0252234 0 2.60693e-06)
(0.0252227 0 3.31239e-06)
(0.0252219 0 4.19749e-06)
(0.0252211 0 5.29966e-06)
(0.0252202 0 6.64241e-06)
(0.0252194 0 8.21934e-06)
(0.0252188 0 9.96583e-06)
(0.0252185 0 1.17378e-05)
(0.0252186 0 1.32836e-05)
(0.0252192 0 1.42605e-05)
(0.0252203 0 1.4252e-05)
(0.0252218 0 1.28913e-05)
(0.0252231 0 9.93944e-06)
(0.0252239 0 5.49149e-06)
(0.0252237 0 4.30289e-08)
(0.0252218 0 -5.60805e-06)
(0.0252189 0 -9.9513e-06)
(0.0252133 0 -1.32772e-05)
(0.000361215 0 9.92095e-06)
(0.00041601 0 5.4464e-06)
(0.000416046 0 3.10225e-06)
(0.000423774 0 -9.82303e-07)
(0.000421963 0 -5.39807e-06)
(0.000420162 0 -9.02991e-06)
(0.000416676 0 -1.16503e-05)
(0.000412772 0 -1.31067e-05)
(0.000409 0 -1.3476e-05)
(0.000405737 0 -1.29705e-05)
(0.000403152 0 -1.18784e-05)
(0.000401265 0 -1.04625e-05)
(0.000399981 0 -8.9479e-06)
(0.000399173 0 -7.48394e-06)
(0.000398704 0 -6.15999e-06)
(0.000398462 0 -5.01185e-06)
(0.000398364 0 -4.04278e-06)
(0.000398346 0 -3.23622e-06)
(0.000398368 0 -2.56794e-06)
(0.000398408 0 -2.01145e-06)
(0.000398451 0 -1.54254e-06)
(0.000398491 0 -1.1397e-06)
(0.000398522 0 -7.84877e-07)
(0.000398545 0 -4.62428e-07)
(0.000398557 0 -1.58846e-07)
(0.000398562 0 1.38427e-07)
(0.000398558 0 4.41364e-07)
(0.000398544 0 7.62456e-07)
(0.000398523 0 1.1151e-06)
(0.000398495 0 1.51489e-06)
(0.000398462 0 1.97995e-06)
(0.000398435 0 2.53212e-06)
(0.000398425 0 3.1961e-06)
(0.000398456 0 3.99919e-06)
(0.00039857 0 4.96638e-06)
(0.00039883 0 6.11503e-06)
(0.000399321 0 7.44226e-06)
(0.000400157 0 8.91231e-06)
(0.000401473 0 1.04356e-05)
(0.000403395 0 1.1862e-05)
(0.00040601 0 1.29658e-05)
(0.00040929 0 1.3483e-05)
(0.000413052 0 1.31246e-05)
(0.000416902 0 1.16764e-05)
(0.000420282 0 9.06034e-06)
(0.000421914 0 5.4274e-06)
(0.000423526 0 9.89974e-07)
(0.000415568 0 -3.09216e-06)
(0.000415501 0 -5.45026e-06)
(0.000360828 0 -9.93824e-06)
(-1.37739e-05 0 6.72311e-06)
(1.81495e-05 0 3.73732e-06)
(1.68573e-05 0 5.72126e-06)
(2.55212e-05 0 2.93462e-07)
(2.397e-05 0 -4.16175e-06)
(2.2861e-05 0 -8.11854e-06)
(1.9923e-05 0 -1.10544e-05)
(1.65064e-05 0 -1.25871e-05)
(1.30312e-05 0 -1.28907e-05)
(9.95181e-06 0 -1.22293e-05)
(7.44893e-06 0 -1.09621e-05)
(5.56458e-06 0 -9.43219e-06)
(4.24176e-06 0 -7.87912e-06)
(3.37109e-06 0 -6.44667e-06)
(2.83742e-06 0 -5.20225e-06)
(2.53614e-06 0 -4.16241e-06)
(2.38702e-06 0 -3.31317e-06)
(2.32792e-06 0 -2.62455e-06)
(2.31828e-06 0 -2.06732e-06)
(2.334e-06 0 -1.61108e-06)
(2.35959e-06 0 -1.23163e-06)
(2.38587e-06 0 -9.09767e-07)
(2.40827e-06 0 -6.2609e-07)
(2.42477e-06 0 -3.69228e-07)
(2.43406e-06 0 -1.27939e-07)
(2.43502e-06 0 1.08169e-07)
(2.42759e-06 0 3.4896e-07)
(2.41291e-06 0 6.0466e-07)
(2.39203e-06 0 8.86363e-07)
(2.36662e-06 0 1.20501e-06)
(2.34085e-06 0 1.58013e-06)
(2.32324e-06 0 2.03093e-06)
(2.32785e-06 0 2.58301e-06)
(2.37965e-06 0 3.26576e-06)
(2.51882e-06 0 4.11175e-06)
(2.80727e-06 0 5.15096e-06)
(3.32699e-06 0 6.39753e-06)
(4.18252e-06 0 7.83657e-06)
(5.49097e-06 0 9.39948e-06)
(7.36383e-06 0 1.09425e-05)
(9.85924e-06 0 1.22252e-05)
(1.29383e-05 0 1.2903e-05)
(1.64244e-05 0 1.26213e-05)
(1.98662e-05 0 1.11144e-05)
(2.28461e-05 0 8.20474e-06)
(2.40178e-05 0 4.26202e-06)
(2.56307e-05 0 -2.1042e-07)
(1.70303e-05 0 -5.65141e-06)
(1.83124e-05 0 -3.7555e-06)
(-1.36359e-05 0 -6.7668e-06)
(-6.48031e-06 0 -4.34863e-07)
(1.62099e-05 0 -3.79884e-06)
(1.56864e-05 0 3.63037e-07)
(2.24327e-05 0 -2.68194e-06)
(2.10266e-05 0 -5.84134e-06)
(1.9598e-05 0 -8.84551e-06)
(1.66159e-05 0 -1.08698e-05)
(1.32387e-05 0 -1.19808e-05)
(9.88905e-06 0 -1.21703e-05)
(6.91779e-06 0 -1.16188e-05)
(4.48118e-06 0 -1.05779e-05)
(2.62551e-06 0 -9.27338e-06)
(1.29997e-06 0 -7.90738e-06)
(4.10564e-07 0 -6.59914e-06)
(-1.53174e-07 0 -5.42681e-06)
(-4.8718e-07 0 -4.41505e-06)
(-6.66351e-07 0 -3.56401e-06)
(-7.51453e-07 0 -2.85545e-06)
(-7.82595e-07 0 -2.26937e-06)
(-7.83802e-07 0 -1.78036e-06)
(-7.71135e-07 0 -1.36746e-06)
(-7.54576e-07 0 -1.01187e-06)
(-7.39021e-07 0 -6.97928e-07)
(-7.26682e-07 0 -4.12057e-07)
(-7.19467e-07 0 -1.42408e-07)
(-7.18069e-07 0 1.21821e-07)
(-7.22492e-07 0 3.90913e-07)
(-7.3204e-07 0 6.75656e-07)
(-7.44923e-07 0 9.87724e-07)
(-7.59366e-07 0 1.34045e-06)
(-7.70769e-07 0 1.74954e-06)
(-7.69239e-07 0 2.2344e-06)
(-7.40511e-07 0 2.81636e-06)
(-6.5968e-07 0 3.52047e-06)
(-4.85998e-07 0 4.36908e-06)
(-1.59864e-07 0 5.38011e-06)
(3.95533e-07 0 6.55506e-06)
(1.27711e-06 0 7.86814e-06)
(2.59597e-06 0 9.24292e-06)
(4.44689e-06 0 1.05588e-05)
(6.88181e-06 0 1.16124e-05)
(9.85545e-06 0 1.21801e-05)
(1.3212e-05 0 1.2005e-05)
(1.66012e-05 0 1.09066e-05)
(1.9601e-05 0 8.89093e-06)
(2.10522e-05 0 5.88658e-06)
(2.24911e-05 0 2.70964e-06)
(1.57845e-05 0 -3.43537e-07)
(1.63092e-05 0 3.80233e-06)
(-6.35381e-06 0 4.19874e-07)
(2.01218e-06 0 3.63822e-06)
(1.51867e-05 0 7.34391e-07)
(1.39561e-05 0 4.02932e-06)
(2.11113e-05 0 -2.25169e-07)
(1.95397e-05 0 -3.97755e-06)
(1.86467e-05 0 -7.46531e-06)
(1.60827e-05 0 -1.00069e-05)
(1.303e-05 0 -1.13954e-05)
(9.88506e-06 0 -1.17085e-05)
(7.05001e-06 0 -1.12602e-05)
(4.6964e-06 0 -1.02942e-05)
(2.8761e-06 0 -9.05722e-06)
(1.55331e-06 0 -7.73733e-06)
(6.43376e-07 0 -6.47162e-06)
(5.00288e-08 0 -5.3292e-06)
(-3.15777e-07 0 -4.33704e-06)
(-5.25726e-07 0 -3.50133e-06)
(-6.37948e-07 0 -2.80632e-06)
(-6.91595e-07 0 -2.22902e-06)
(-7.10582e-07 0 -1.74796e-06)
(-7.11725e-07 0 -1.34196e-06)
(-7.0527e-07 0 -9.92999e-07)
(-6.96842e-07 0 -6.84626e-07)
(-6.89225e-07 0 -4.04155e-07)
(-6.84279e-07 0 -1.40152e-07)
(-6.82937e-07 0 1.18497e-07)
(-6.8519e-07 0 3.81984e-07)
(-6.90115e-07 0 6.61143e-07)
(-6.961e-07 0 9.67773e-07)
(-7.00596e-07 0 1.31372e-06)
(-6.98138e-07 0 1.7159e-06)
(-6.78981e-07 0 2.19344e-06)
(-6.27827e-07 0 2.76514e-06)
(-5.1936e-07 0 3.4572e-06)
(-3.14712e-07 0 4.29001e-06)
(4.40121e-08 0 5.28182e-06)
(6.30113e-07 0 6.42712e-06)
(1.53254e-06 0 7.69855e-06)
(2.84916e-06 0 9.02717e-06)
(4.66551e-06 0 1.02752e-05)
(7.01802e-06 0 1.12543e-05)
(9.85534e-06 0 1.17176e-05)
(1.30072e-05 0 1.14192e-05)
(1.60725e-05 0 1.00455e-05)
(1.86541e-05 0 7.51563e-06)
(1.95712e-05 0 4.03344e-06)
(2.11634e-05 0 2.85425e-07)
(1.40303e-05 0 -4.00013e-06)
(1.52736e-05 0 -7.57345e-07)
(2.0884e-06 0 -3.68902e-06)
(4.98012e-06 0 -2.51918e-06)
(1.62796e-05 0 -6.7624e-06)
(1.54785e-05 0 1.56338e-07)
(2.08146e-05 0 -3.23974e-06)
(1.95615e-05 0 -5.11413e-06)
(1.83749e-05 0 -7.64742e-06)
(1.58125e-05 0 -9.51255e-06)
(1.2881e-05 0 -1.07085e-05)
(9.89864e-06 0 -1.10241e-05)
(7.18318e-06 0 -1.06419e-05)
(4.9043e-06 0 -9.78258e-06)
(3.11939e-06 0 -8.6529e-06)
(1.79958e-06 0 -7.43799e-06)
(8.74678e-07 0 -6.25552e-06)
(2.56224e-07 0 -5.17813e-06)
(-1.39127e-07 0 -4.23468e-06)
(-3.7773e-07 0 -3.43421e-06)
(-5.14516e-07 0 -2.76399e-06)
(-5.8845e-07 0 -2.20301e-06)
(-6.23916e-07 0 -1.7324e-06)
(-6.37669e-07 0 -1.33331e-06)
(-6.40637e-07 0 -9.88371e-07)
(-6.38779e-07 0 -6.8261e-07)
(-6.35315e-07 0 -4.0348e-07)
(-6.32464e-07 0 -1.39972e-07)
(-6.31161e-07 0 1.18401e-07)
(-6.31464e-07 0 3.81406e-07)
(-6.32365e-07 0 6.59357e-07)
(-6.3187e-07 0 9.63195e-07)
(-6.27177e-07 0 1.30551e-06)
(-6.12231e-07 0 1.70135e-06)
(-5.76762e-07 0 2.16755e-06)
(-5.05085e-07 0 2.72394e-06)
(-3.7198e-07 0 3.39156e-06)
(-1.38282e-07 0 4.18866e-06)
(2.50432e-07 0 5.13416e-06)
(8.61849e-07 0 6.21317e-06)
(1.7802e-06 0 7.40178e-06)
(3.0945e-06 0 8.62316e-06)
(4.87562e-06 0 9.76327e-06)
(7.15369e-06 0 1.06361e-05)
(9.87191e-06 0 1.10304e-05)
(1.2861e-05 0 1.07292e-05)
(1.58038e-05 0 9.54463e-06)
(1.83817e-05 0 7.68725e-06)
(1.95889e-05 0 5.15499e-06)
(2.08669e-05 0 3.26926e-06)
(1.55581e-05 0 -1.37032e-07)
(1.6362e-05 0 6.76013e-06)
(5.01772e-06 0 2.48967e-06)
(7.76738e-06 0 8.18939e-07)
(1.57263e-05 0 -1.87809e-06)
(1.46604e-05 0 1.81404e-06)
(2.00571e-05 0 -1.38749e-06)
(1.86581e-05 0 -4.10403e-06)
(1.77669e-05 0 -6.98291e-06)
(1.54704e-05 0 -8.98288e-06)
(1.27276e-05 0 -1.01533e-05)
(9.8983e-06 0 -1.0496e-05)
(7.29823e-06 0 -1.01907e-05)
(5.09413e-06 0 -9.41652e-06)
(3.34494e-06 0 -8.38071e-06)
(2.03271e-06 0 -7.24525e-06)
(1.09527e-06 0 -6.1261e-06)
(4.54125e-07 0 -5.09955e-06)
(3.2936e-08 0 -4.19018e-06)
(-2.3166e-07 0 -3.41041e-06)
(-3.91782e-07 0 -2.75357e-06)
(-4.85349e-07 0 -2.20085e-06)
(-5.36715e-07 0 -1.73382e-06)
(-5.62991e-07 0 -1.3363e-06)
(-5.75201e-07 0 -9.91632e-07)
(-5.79936e-07 0 -6.85123e-07)
(-5.8077e-07 0 -4.05323e-07)
(-5.79975e-07 0 -1.4086e-07)
(-5.78733e-07 0 1.18517e-07)
(-5.7707e-07 0 3.82428e-07)
(-5.73829e-07 0 6.6114e-07)
(-5.66941e-07 0 9.65702e-07)
(-5.53036e-07 0 1.30775e-06)
(-5.258e-07 0 1.70213e-06)
(-4.74535e-07 0 2.16509e-06)
(-3.83097e-07 0 2.71429e-06)
(-2.26486e-07 0 3.36871e-06)
(3.37386e-08 0 4.14659e-06)
(4.48845e-07 0 5.05557e-06)
(1.08357e-06 0 6.08503e-06)
(2.01447e-06 0 7.20896e-06)
(3.32139e-06 0 8.3519e-06)
(5.06802e-06 0 9.39738e-06)
(7.27137e-06 0 1.01841e-05)
(9.87391e-06 0 1.05015e-05)
(1.271e-05 0 1.01717e-05)
(1.5464e-05 0 9.01218e-06)
(1.77761e-05 0 7.02174e-06)
(1.86875e-05 0 4.14637e-06)
(2.01049e-05 0 1.42826e-06)
(1.47281e-05 0 -1.79642e-06)
(1.58035e-05 0 1.86284e-06)
(7.83526e-06 0 -8.50025e-07)
(9.52246e-06 0 -3.44242e-06)
(1.64822e-05 0 -6.92836e-06)
(1.55764e-05 0 3.105e-08)
(1.9631e-05 0 -3.13509e-06)
(1.84424e-05 0 -4.50245e-06)
(1.73991e-05 0 -6.73776e-06)
(1.51785e-05 0 -8.48521e-06)
(1.25784e-05 0 -9.59989e-06)
(9.89116e-06 0 -9.95624e-06)
(7.39907e-06 0 -9.70748e-06)
(5.2663e-06 0 -9.01798e-06)
(3.55364e-06 0 -8.06743e-06)
(2.2505e-06 0 -7.01169e-06)
(1.30382e-06 0 -5.96032e-06)
(6.43407e-07 0 -4.98356e-06)
(1.98701e-07 0 -4.11241e-06)
(-9.04089e-08 0 -3.35922e-06)
(-2.72604e-07 0 -2.72038e-06)
(-3.84499e-07 0 -2.1799e-06)
(-4.51007e-07 0 -1.72119e-06)
(-4.89233e-07 0 -1.32885e-06)
(-5.10403e-07 0 -9.87343e-07)
(-5.21518e-07 0 -6.82961e-07)
(-5.26462e-07 0 -4.04259e-07)
(-5.27696e-07 0 -1.40682e-07)
(-5.26504e-07 0 1.17972e-07)
(-5.2294e-07 0 3.81088e-07)
(-5.1571e-07 0 6.58496e-07)
(-5.02548e-07 0 9.61201e-07)
(-4.79892e-07 0 1.30038e-06)
(-4.40763e-07 0 1.68947e-06)
(-3.74331e-07 0 2.14494e-06)
(-2.64363e-07 0 2.68189e-06)
(-8.55203e-08 0 3.31892e-06)
(1.9909e-07 0 4.07033e-06)
(6.38119e-07 0 4.94062e-06)
(1.29253e-06 0 5.91964e-06)
(2.23357e-06 0 6.97449e-06)
(3.53218e-06 0 8.03928e-06)
(5.24207e-06 0 8.99928e-06)
(7.37451e-06 0 9.69884e-06)
(9.86942e-06 0 9.96123e-06)
(1.25632e-05 0 9.61584e-06)
(1.51738e-05 0 8.51161e-06)
(1.74085e-05 0 6.77053e-06)
(1.84701e-05 0 4.53581e-06)
(1.96783e-05 0 3.16016e-06)
(1.56448e-05 0 -1.64246e-08)
(1.65549e-05 0 6.92308e-06)
(9.59261e-06 0 3.41444e-06)
(1.16992e-05 0 -1.48859e-06)
(1.64244e-05 0 -4.11542e-06)
(1.54189e-05 0 2.56477e-07)
(1.91504e-05 0 -2.30542e-06)
(1.79376e-05 0 -4.09154e-06)
(1.69704e-05 0 -6.36229e-06)
(1.48979e-05 0 -8.01554e-06)
(1.24334e-05 0 -9.0757e-06)
(9.87678e-06 0 -9.44598e-06)
(7.48588e-06 0 -9.25124e-06)
(5.42214e-06 0 -8.63728e-06)
(3.7462e-06 0 -7.76787e-06)
(2.45413e-06 0 -6.7872e-06)
(1.5009e-06 0 -5.79885e-06)
(8.23706e-07 0 -4.87165e-06)
(3.57802e-07 0 -4.03846e-06)
(4.67452e-08 0 -3.312e-06)
(-1.55918e-07 0 -2.68922e-06)
(-2.85512e-07 0 -2.16029e-06)
(-3.66505e-07 0 -1.70905e-06)
(-4.16221e-07 0 -1.32181e-06)
(-4.46024e-07 0 -9.83353e-07)
(-4.63319e-07 0 -6.80771e-07)
(-4.72314e-07 0 -4.03266e-07)
(-4.75529e-07 0 -1.40565e-07)
(-4.74379e-07 0 1.17365e-07)
(-4.68965e-07 0 3.7968e-07)
(-4.57806e-07 0 6.55841e-07)
(-4.38564e-07 0 9.56745e-07)
(-4.07382e-07 0 1.29316e-06)
(-3.5689e-07 0 1.67772e-06)
(-2.76052e-07 0 2.12541e-06)
(-1.483e-07 0 2.65101e-06)
(5.12018e-08 0 3.27134e-06)
(3.58078e-07 0 3.99626e-06)
(8.18705e-07 0 4.82982e-06)
(1.49034e-06 0 5.75943e-06)
(2.4384e-06 0 6.75252e-06)
(3.72635e-06 0 7.74009e-06)
(5.39993e-06 0 8.61834e-06)
(7.46376e-06 0 9.24281e-06)
(9.8573e-06 0 9.44955e-06)
(1.242e-05 0 9.08962e-06)
(1.4895e-05 0 8.03803e-06)
(1.69809e-05 0 6.39277e-06)
(1.79654e-05 0 4.12322e-06)
(1.91944e-05 0 2.33208e-06)
(1.54805e-05 0 -2.4584e-07)
(1.64931e-05 0 4.10043e-06)
(1.17622e-05 0 1.46066e-06)
(1.37823e-05 0 -3.46639e-06)
(1.68347e-05 0 -6.38512e-06)
(1.59383e-05 0 -3.65559e-07)
(1.87613e-05 0 -2.90354e-06)
(1.76309e-05 0 -4.08797e-06)
(1.66143e-05 0 -6.03178e-06)
(1.46358e-05 0 -7.57201e-06)
(1.22923e-05 0 -8.57553e-06)
(9.85605e-06 0 -8.96142e-06)
(7.56081e-06 0 -8.81105e-06)
(5.56297e-06 0 -8.26642e-06)
(3.92366e-06 0 -7.47243e-06)
(2.6443e-06 0 -6.56257e-06)
(1.68692e-06 0 -5.63467e-06)
(9.95485e-07 0 -4.75553e-06)
(5.10629e-07 0 -3.95855e-06)
(1.79438e-07 0 -3.25848e-06)
(-4.22612e-08 0 -2.6542e-06)
(-1.88467e-07 0 -2.1373e-06)
(-2.83312e-07 0 -1.69417e-06)
(-3.44093e-07 0 -1.31248e-06)
(-3.82195e-07 0 -9.77463e-07)
(-4.05501e-07 0 -6.77459e-07)
(-4.18421e-07 0 -4.01618e-07)
(-4.2357e-07 0 -1.40216e-07)
(-4.22455e-07 0 1.16576e-07)
(-4.15245e-07 0 3.77571e-07)
(-4.00297e-07 0 6.52204e-07)
(-3.75085e-07 0 9.50501e-07)
(-3.35698e-07 0 1.28371e-06)
(-2.74313e-07 0 1.6627e-06)
(-1.79673e-07 0 2.10272e-06)
(-3.51774e-08 0 2.61645e-06)
(1.83529e-07 0 3.21867e-06)
(5.10784e-07 0 3.91735e-06)
(9.90753e-07 0 4.71466e-06)
(1.67707e-06 0 5.59617e-06)
(2.6297e-06 0 6.52857e-06)
(3.90534e-06 0 7.44462e-06)
(5.54261e-06 0 8.24729e-06)
(7.54075e-06 0 8.8015e-06)
(9.83878e-06 0 8.96254e-06)
(1.22809e-05 0 8.58711e-06)
(1.46345e-05 0 7.59202e-06)
(1.66255e-05 0 6.05681e-06)
(1.7658e-05 0 4.11357e-06)
(1.88044e-05 0 2.92294e-06)
(1.59983e-05 0 3.77334e-07)
(1.68997e-05 0 6.37524e-06)
(1.38607e-05 0 3.43804e-06)
(1.55905e-05 0 -2.92022e-06)
(1.7048e-05 0 -5.22433e-06)
(1.61151e-05 0 -5.57124e-07)
(1.84058e-05 0 -2.72511e-06)
(1.73119e-05 0 -3.8996e-06)
(1.62735e-05 0 -5.70664e-06)
(1.43892e-05 0 -7.15213e-06)
(1.21555e-05 0 -8.09997e-06)
(9.82967e-06 0 -8.49533e-06)
(7.62487e-06 0 -8.38643e-06)
(5.68986e-06 0 -7.9057e-06)
(4.08697e-06 0 -7.18201e-06)
(2.82169e-06 0 -6.33885e-06)
(1.86231e-06 0 -5.46886e-06)
(1.15893e-06 0 -4.63631e-06)
(6.57211e-07 0 -3.87506e-06)
(3.07613e-07 0 -3.20134e-06)
(6.83177e-08 0 -2.6158e-06)
(-9.35051e-08 0 -2.11161e-06)
(-2.0154e-07 0 -1.67714e-06)
(-2.72881e-07 0 -1.30134e-06)
(-3.1902e-07 0 -9.7015e-07)
(-3.4815e-07 0 -6.73151e-07)
(-3.64865e-07 0 -3.99427e-07)
(-3.7189e-07 0 -1.39673e-07)
(-3.70821e-07 0 1.15607e-07)
(-3.6184e-07 0 3.74901e-07)
(-3.4322e-07 0 6.47614e-07)
(-3.12262e-07 0 9.43076e-07)
(-2.64943e-07 0 1.27232e-06)
(-1.9309e-07 0 1.64547e-06)
(-8.53014e-08 0 2.07722e-06)
(7.48894e-08 0 2.57848e-06)
(3.11382e-07 0 3.16212e-06)
(6.57276e-07 0 3.83469e-06)
(1.15447e-06 0 4.59633e-06)
(1.85312e-06 0 5.43121e-06)
(2.80809e-06 0 6.30559e-06)
(4.07009e-06 0 7.15452e-06)
(5.67131e-06 0 7.88643e-06)
(7.60681e-06 0 8.37616e-06)
(9.81442e-06 0 8.49451e-06)
(1.21459e-05 0 8.10906e-06)
(1.43889e-05 0 7.16924e-06)
(1.62852e-05 0 5.72726e-06)
(1.73386e-05 0 3.92299e-06)
(1.84471e-05 0 2.74137e-06)
(1.61708e-05 0 5.61594e-07)
(1.71086e-05 0 5.20715e-06)
(1.56477e-05 0 2.89069e-06)
(1.74035e-05 0 -3.28033e-06)
(1.73104e-05 0 -5.63524e-06)
(1.6438e-05 0 -8.16136e-07)
(1.80928e-05 0 -2.74836e-06)
(1.70346e-05 0 -3.77051e-06)
(1.59638e-05 0 -5.39459e-06)
(1.41571e-05 0 -6.74588e-06)
(1.20236e-05 0 -7.64749e-06)
(9.79875e-06 0 -8.04742e-06)
(7.67873e-06 0 -7.97682e-06)
(5.80385e-06 0 -7.55489e-06)
(4.23703e-06 0 -6.89672e-06)
(2.98693e-06 0 -6.1166e-06)
(2.02743e-06 0 -5.30187e-06)
(1.31424e-06 0 -4.51442e-06)
(7.97623e-07 0 -3.78827e-06)
(4.3129e-07 0 -3.14073e-06)
(1.75684e-07 0 -2.57402e-06)
(-7.36106e-10 0 -2.08328e-06)
(-1.21259e-07 0 -1.65782e-06)
(-2.02694e-07 0 -1.28852e-06)
(-2.56557e-07 0 -9.61558e-07)
(-2.91356e-07 0 -6.67925e-07)
(-3.11726e-07 0 -3.96636e-07)
(-3.20563e-07 0 -1.38933e-07)
(-3.1954e-07 0 1.14458e-07)
(-3.08843e-07 0 3.71654e-07)
(-2.86662e-07 0 6.42129e-07)
(-2.50143e-07 0 9.34309e-07)
(-1.95219e-07 0 1.25919e-06)
(-1.13333e-07 0 1.62618e-06)
(6.92855e-09 0 2.04904e-06)
(1.81802e-07 0 2.53714e-06)
(4.34769e-07 0 3.10208e-06)
(7.97625e-07 0 3.74863e-06)
(1.31006e-06 0 4.47526e-06)
(2.01892e-06 0 5.26497e-06)
(2.97436e-06 0 6.08392e-06)
(4.22151e-06 0 6.86985e-06)
(5.78693e-06 0 7.53542e-06)
(7.66236e-06 0 7.96514e-06)
(9.78535e-06 0 8.0448e-06)
(1.20158e-05 0 7.65438e-06)
(1.41581e-05 0 6.76077e-06)
(1.59762e-05 0 5.41299e-06)
(1.70608e-05 0 3.79008e-06)
(1.81321e-05 0 2.76118e-06)
(1.64913e-05 0 8.18754e-07)
(1.73686e-05 0 5.62026e-06)
(1.74757e-05 0 3.25238e-06)
(1.86337e-05 0 -3.19331e-06)
(1.75435e-05 0 -5.17733e-06)
(1.66924e-05 0 -9.85719e-07)
(1.78149e-05 0 -2.67925e-06)
(1.67826e-05 0 -3.60979e-06)
(1.56784e-05 0 -5.09206e-06)
(1.39386e-05 0 -6.35378e-06)
(1.18952e-05 0 -7.21434e-06)
(9.7638e-06 0 -7.6177e-06)
(7.72338e-06 0 -7.58168e-06)
(5.90588e-06 0 -7.21361e-06)
(4.37462e-06 0 -6.61633e-06)
(3.14066e-06 0 -5.89612e-06)
(2.18274e-06 0 -5.13406e-06)
(1.46165e-06 0 -4.39028e-06)
(9.3195e-07 0 -3.69848e-06)
(5.50462e-07 0 -3.07697e-06)
(2.79807e-07 0 -2.52926e-06)
(8.97354e-08 0 -2.05221e-06)
(-4.25884e-08 0 -1.63667e-06)
(-1.3363e-07 0 -1.27371e-06)
(-1.94902e-07 0 -9.518e-07)
(-2.35166e-07 0 -6.61813e-07)
(-2.59067e-07 0 -3.93307e-07)
(-2.69671e-07 0 -1.38008e-07)
(-2.68704e-07 0 1.13144e-07)
(-2.56306e-07 0 3.67921e-07)
(-2.3069e-07 0 6.35743e-07)
(-1.88849e-07 0 9.24265e-07)
(-1.26569e-07 0 1.24419e-06)
(-3.51211e-08 0 1.60509e-06)
(9.689e-08 0 2.01817e-06)
(2.85498e-07 0 2.49276e-06)
(5.53679e-07 0 3.03886e-06)
(9.3191e-07 0 3.65953e-06)
(1.45773e-06 0 4.35185e-06)
(2.17485e-06 0 5.09785e-06)
(3.12906e-06 0 5.8638e-06)
(4.36039e-06 0 6.58987e-06)
(5.89036e-06 0 7.19388e-06)
(7.70868e-06 0 7.56915e-06)
(9.75226e-06 0 7.61424e-06)
(1.18891e-05 0 7.21908e-06)
(1.39406e-05 0 6.36589e-06)
(1.56911e-05 0 5.10716e-06)
(1.68083e-05 0 3.62466e-06)
(1.78528e-05 0 2.68776e-06)
(1.67425e-05 0 9.86109e-07)
(1.75981e-05 0 5.15574e-06)
(1.86848e-05 0 3.16357e-06)
(1.99906e-05 0 -3.04798e-06)
(1.77543e-05 0 -4.85844e-06)
(1.69375e-05 0 -1.10623e-06)
(1.75679e-05 0 -2.57583e-06)
(1.6552e-05 0 -3.44166e-06)
(1.5415e-05 0 -4.79633e-06)
(1.37326e-05 0 -5.97801e-06)
(1.17708e-05 0 -6.79881e-06)
(9.72528e-06 0 -7.20428e-06)
(7.75955e-06 0 -7.20011e-06)
(5.99692e-06 0 -6.88157e-06)
(4.50052e-06 0 -6.34145e-06)
(3.28338e-06 0 -5.67741e-06)
(2.3286e-06 0 -4.96582e-06)
(1.60136e-06 0 -4.26423e-06)
(1.06028e-06 0 -3.60605e-06)
(6.65132e-07 0 -3.01034e-06)
(3.80636e-07 0 -2.48178e-06)
(1.77782e-07 0 -2.01871e-06)
(3.44398e-08 0 -1.61347e-06)
(-6.57206e-08 0 -1.25735e-06)
(-1.34177e-07 0 -9.40842e-07)
(-1.79658e-07 0 -6.54889e-07)
(-2.06965e-07 0 -3.89474e-07)
(-2.19273e-07 0 -1.36939e-07)
(-2.18354e-07 0 1.11712e-07)
(-2.04323e-07 0 3.63806e-07)
(-1.75394e-07 0 6.28425e-07)
(-1.28454e-07 0 9.13058e-07)
(-5.90546e-08 0 1.22772e-06)
(4.14623e-08 0 1.58184e-06)
(1.84462e-07 0 1.98479e-06)
(3.8594e-07 0 2.44563e-06)
(6.68124e-07 0 2.97274e-06)
(1.06022e-06 0 3.56775e-06)
(1.59772e-06 0 4.22648e-06)
(2.32131e-06 0 4.93022e-06)
(3.27277e-06 0 5.64555e-06)
(4.48752e-06 0 6.31511e-06)
(5.98279e-06 0 6.86154e-06)
(7.74643e-06 0 7.18739e-06)
(9.71533e-06 0 7.19959e-06)
(1.17661e-05 0 6.80076e-06)
(1.37357e-05 0 5.98635e-06)
(1.5428e-05 0 4.80877e-06)
(1.65769e-05 0 3.45335e-06)
(1.76043e-05 0 2.58136e-06)
(1.69848e-05 0 1.10376e-06)
(1.78065e-05 0 4.83728e-06)
(2.005e-05 0 3.01966e-06)
(2.06934e-05 0 -2.82027e-06)
(1.79339e-05 0 -4.40348e-06)
(1.71488e-05 0 -1.17723e-06)
(1.73478e-05 0 -2.43982e-06)
(1.63385e-05 0 -3.26145e-06)
(1.51712e-05 0 -4.50538e-06)
(1.35381e-05 0 -5.61296e-06)
(1.16499e-05 0 -6.39982e-06)
(9.68353e-06 0 -6.80571e-06)
(7.78792e-06 0 -6.8307e-06)
(6.07761e-06 0 -6.55847e-06)
(4.61545e-06 0 -6.07209e-06)
(3.41578e-06 0 -5.46086e-06)
(2.46538e-06 0 -4.79745e-06)
(1.7336e-06 0 -4.13661e-06)
(1.18273e-06 0 -3.51131e-06)
(7.75316e-07 0 -2.9411e-06)
(4.78133e-07 0 -2.43176e-06)
(2.63397e-07 0 -1.98292e-06)
(1.09683e-07 0 -1.58806e-06)
(8.95714e-10 0 -1.23971e-06)
(-7.44091e-08 0 -9.28793e-07)
(-1.24892e-07 0 -6.47243e-07)
(-1.55477e-07 0 -3.85095e-07)
(-1.69434e-07 0 -1.35675e-07)
(-1.68555e-07 0 1.10127e-07)
(-1.52963e-07 0 3.59108e-07)
(-1.20839e-07 0 6.20432e-07)
(-6.89914e-08 0 9.00755e-07)
(7.18783e-09 0 1.20991e-06)
(1.16294e-07 0 1.5564e-06)
(2.69647e-07 0 1.94914e-06)
(4.83087e-07 0 2.39599e-06)
(7.78103e-07 0 2.90398e-06)
(1.18266e-06 0 3.4736e-06)
(1.73023e-06 0 4.09948e-06)
(2.45867e-06 0 4.76237e-06)
(3.40604e-06 0 5.42941e-06)
(4.60358e-06 0 6.0453e-06)
(6.06482e-06 0 6.53809e-06)
(7.77629e-06 0 6.81834e-06)
(9.67493e-06 0 6.7992e-06)
(1.16465e-05 0 6.40003e-06)
(1.35422e-05 0 5.61849e-06)
(1.51844e-05 0 4.51363e-06)
(1.63628e-05 0 3.26988e-06)
(1.73829e-05 0 2.44329e-06)
(1.71936e-05 0 1.17157e-06)
(1.79833e-05 0 4.38174e-06)
(2.07401e-05 0 2.78822e-06)
(2.15568e-05 0 -2.52956e-06)
(1.80846e-05 0 -3.91502e-06)
(1.73302e-05 0 -1.20281e-06)
(1.7151e-05 0 -2.27889e-06)
(1.61389e-05 0 -3.06856e-06)
(1.49446e-05 0 -4.21817e-06)
(1.33537e-05 0 -5.26043e-06)
(1.15323e-05 0 -6.01619e-06)
(9.6391e-06 0 -6.42043e-06)
(7.80899e-06 0 -6.47565e-06)
(6.14864e-06 0 -6.24391e-06)
(4.72004e-06 0 -5.80765e-06)
(3.53831e-06 0 -5.24661e-06)
(2.59345e-06 0 -4.6292e-06)
(1.85859e-06 0 -4.00774e-06)
(1.29939e-06 0 -3.41454e-06)
(8.81042e-07 0 -2.86953e-06)
(5.72273e-07 0 -2.37941e-06)
(3.46521e-07 0 -1.94499e-06)
(1.83081e-07 0 -1.56083e-06)
(6.6132e-08 0 -1.22052e-06)
(-1.56843e-08 0 -9.1565e-07)
(-7.09182e-08 0 -6.38746e-07)
(-1.04651e-07 0 -3.80324e-07)
(-1.20228e-07 0 -1.3419e-07)
(-1.19398e-07 0 1.08316e-07)
(-1.02262e-07 0 3.53995e-07)
(-6.70644e-08 0 6.11689e-07)
(-1.05577e-08 0 8.87376e-07)
(7.20736e-08 0 1.19061e-06)
(1.89308e-07 0 1.52915e-06)
(3.5238e-07 0 1.91135e-06)
(5.76907e-07 0 2.34397e-06)
(8.83646e-07 0 2.83291e-06)
(1.29932e-06 0 3.37737e-06)
(1.85547e-06 0 3.97115e-06)
(2.58729e-06 0 4.59464e-06)
(3.52935e-06 0 5.21514e-06)
(4.70926e-06 0 5.78089e-06)
(6.13739e-06 0 6.22314e-06)
(7.79865e-06 0 6.46226e-06)
(9.63167e-06 0 6.41175e-06)
(1.153e-05 0 6.01482e-06)
(1.33584e-05 0 5.26357e-06)
(1.49582e-05 0 4.22381e-06)
(1.61628e-05 0 3.07403e-06)
(1.71846e-05 0 2.27973e-06)
(1.73725e-05 0 1.19379e-06)
(1.81315e-05 0 3.89216e-06)
(2.16043e-05 0 2.49749e-06)
(2.18737e-05 0 -2.18854e-06)
(1.82006e-05 0 -3.39133e-06)
(1.7476e-05 0 -1.17719e-06)
(1.69746e-05 0 -2.0962e-06)
(1.59506e-05 0 -2.86355e-06)
(1.47328e-05 0 -3.93448e-06)
(1.31785e-05 0 -4.91855e-06)
(1.14179e-05 0 -5.64593e-06)
(9.59164e-06 0 -6.04836e-06)
(7.82322e-06 0 -6.13242e-06)
(6.21121e-06 0 -5.93779e-06)
(4.81491e-06 0 -5.54841e-06)
(3.65147e-06 0 -5.0348e-06)
(2.71315e-06 0 -4.4614e-06)
(1.97653e-06 0 -3.87788e-06)
(1.41037e-06 0 -3.31603e-06)
(9.82342e-07 0 -2.79584e-06)
(6.6304e-07 0 -2.32496e-06)
(4.27112e-07 0 -1.90507e-06)
(2.54576e-07 0 -1.53191e-06)
(1.29932e-07 0 -1.1999e-06)
(4.1945e-08 0 -9.01385e-07)
(-1.78272e-08 0 -6.29404e-07)
(-5.45657e-08 0 -3.75209e-07)
(-7.17061e-08 0 -1.32644e-07)
(-7.09183e-08 0 1.06433e-07)
(-5.22887e-08 0 3.4858e-07)
(-1.41631e-08 0 6.02095e-07)
(4.67924e-08 0 8.72902e-07)
(1.35542e-07 0 1.16989e-06)
(2.60443e-07 0 1.50021e-06)
(4.32611e-07 0 1.87158e-06)
(6.67398e-07 0 2.28981e-06)
(9.84783e-07 0 2.75964e-06)
(1.4103e-06 0 3.27934e-06)
(1.97368e-06 0 3.8418e-06)
(2.70746e-06 0 4.4273e-06)
(3.64328e-06 0 5.00361e-06)
(4.80518e-06 0 5.52176e-06)
(6.20109e-06 0 5.91655e-06)
(7.81401e-06 0 6.11629e-06)
(9.58544e-06 0 6.03985e-06)
(1.14168e-05 0 5.64263e-06)
(1.3184e-05 0 4.91942e-06)
(1.47465e-05 0 3.93839e-06)
(1.59739e-05 0 2.86628e-06)
(1.70068e-05 0 2.09446e-06)
(1.7516e-05 0 1.16791e-06)
(1.82454e-05 0 3.36826e-06)
(2.19164e-05 0 2.15854e-06)
(2.23662e-05 0 -1.81932e-06)
(1.82879e-05 0 -2.8494e-06)
(1.75892e-05 0 -1.10846e-06)
(1.68137e-05 0 -1.89962e-06)
(1.57712e-05 0 -2.6504e-06)
(1.45336e-05 0 -3.65342e-06)
(1.30114e-05 0 -4.58574e-06)
(1.13063e-05 0 -5.28841e-06)
(9.5418e-06 0 -5.69147e-06)
(7.83111e-06 0 -5.79779e-06)
(6.26544e-06 0 -5.63972e-06)
(4.90064e-06 0 -5.29434e-06)
(3.75571e-06 0 -4.82558e-06)
(2.82483e-06 0 -4.29426e-06)
(2.08766e-06 0 -3.74732e-06)
(1.51579e-06 0 -3.21602e-06)
(1.07926e-06 0 -2.72027e-06)
(7.50425e-07 0 -2.26857e-06)
(5.05129e-07 0 -1.86335e-06)
(3.24115e-07 0 -1.50141e-06)
(1.92238e-07 0 -1.17796e-06)
(9.84152e-08 0 -8.86101e-07)
(3.43169e-08 0 -6.19335e-07)
(-5.29921e-09 0 -3.69655e-07)
(-2.38998e-08 0 -1.30976e-07)
(-2.31529e-08 0 1.04453e-07)
(-3.13006e-09 0 3.42734e-07)
(3.78e-08 0 5.91758e-07)
(1.03001e-07 0 8.57412e-07)
(1.97536e-07 0 1.14782e-06)
(3.29646e-07 0 1.4697e-06)
(5.10298e-07 0 1.82996e-06)
(7.5452e-07 0 2.23368e-06)
(1.08155e-06 0 2.68439e-06)
(1.51575e-06 0 3.17978e-06)
(2.08506e-06 0 3.71167e-06)
(2.81965e-06 0 4.2605e-06)
(3.74824e-06 0 4.7949e-06)
(4.89184e-06 0 5.26756e-06)
(6.2563e-06 0 5.61815e-06)
(7.82331e-06 0 5.78097e-06)
(9.53693e-06 0 5.68219e-06)
(1.13059e-05 0 5.28262e-06)
(1.30176e-05 0 4.58453e-06)
(1.45476e-05 0 3.65372e-06)
(1.5794e-05 0 2.65053e-06)
(1.68449e-05 0 1.89544e-06)
(1.76272e-05 0 1.10006e-06)
(1.83307e-05 0 2.82725e-06)
(2.24118e-05 0 1.7886e-06)
(2.24106e-05 0 -1.42475e-06)
(1.83436e-05 0 -2.30653e-06)
(1.76659e-05 0 -1.00256e-06)
(1.66662e-05 0 -1.68765e-06)
(1.55998e-05 0 -2.42695e-06)
(1.43457e-05 0 -3.37424e-06)
(1.28515e-05 0 -4.26138e-06)
(1.11967e-05 0 -4.94129e-06)
(9.48976e-06 0 -5.34729e-06)
(7.83356e-06 0 -5.47343e-06)
(6.31189e-06 0 -5.34918e-06)
(4.97774e-06 0 -5.04479e-06)
(3.85148e-06 0 -4.61896e-06)
(2.9288e-06 0 -4.12792e-06)
(2.19218e-06 0 -3.61628e-06)
(1.61578e-06 0 -3.11476e-06)
(1.17183e-06 0 -2.64303e-06)
(8.34424e-07 0 -2.21044e-06)
(5.80543e-07 0 -1.81992e-06)
(3.91654e-07 0 -1.46945e-06)
(2.52995e-07 0 -1.15476e-06)
(1.53669e-07 0 -8.69857e-07)
(8.54621e-08 0 -6.08573e-07)
(4.31062e-08 0 -3.63665e-07)
(2.31154e-08 0 -1.29087e-07)
(2.38235e-08 0 1.02264e-07)
(4.51723e-08 0 3.36461e-07)
(8.87724e-08 0 5.80742e-07)
(1.58006e-07 0 8.40968e-07)
(2.58e-07 0 1.12451e-06)
(3.96871e-07 0 1.43772e-06)
(5.85407e-07 0 1.78665e-06)
(8.38282e-07 0 2.17579e-06)
(1.174e-06 0 2.6075e-06)
(1.61576e-06 0 3.07892e-06)
(2.18982e-06 0 3.58102e-06)
(2.92411e-06 0 4.0945e-06)
(3.84469e-06 0 4.58852e-06)
(4.96983e-06 0 5.01845e-06)
(6.30377e-06 0 5.3274e-06)
(7.82681e-06 0 5.45627e-06)
(9.48577e-06 0 5.33488e-06)
(1.11973e-05 0 4.93487e-06)
(1.28582e-05 0 4.25937e-06)
(1.43597e-05 0 3.37211e-06)
(1.56222e-05 0 2.42454e-06)
(1.66967e-05 0 1.68117e-06)
(1.77023e-05 0 9.90802e-07)
(1.83839e-05 0 2.28277e-06)
(2.24511e-05 0 1.39146e-06)
(2.25759e-05 0 -1.022e-06)
(1.8373e-05 0 -1.79321e-06)
(1.77129e-05 0 -8.42957e-07)
(1.65288e-05 0 -1.46405e-06)
(1.54339e-05 0 -2.19449e-06)
(1.41667e-05 0 -3.09734e-06)
(1.2698e-05 0 -3.94619e-06)
(1.10891e-05 0 -4.60618e-06)
(9.43537e-06 0 -5.01263e-06)
(7.83073e-06 0 -5.15854e-06)
(6.35117e-06 0 -5.06623e-06)
(5.04668e-06 0 -4.80079e-06)
(3.93908e-06 0 -4.41521e-06)
(3.02537e-06 0 -3.96262e-06)
(2.29029e-06 0 -3.48498e-06)
(1.71044e-06 0 -3.01246e-06)
(1.26012e-06 0 -2.56432e-06)
(9.15047e-07 0 -2.15073e-06)
(6.53328e-07 0 -1.77494e-06)
(4.57147e-07 0 -1.43611e-06)
(3.12155e-07 0 -1.13041e-06)
(2.07652e-07 0 -8.52709e-07)
(1.35555e-07 0 -5.97162e-07)
(9.05979e-08 0 -3.57284e-07)
(6.92859e-08 0 -1.27061e-07)
(6.99568e-08 0 9.9946e-08)
(9.25654e-08 0 3.29805e-07)
(1.38701e-07 0 5.69084e-07)
(2.11754e-07 0 8.23667e-07)
(3.16885e-07 0 1.10004e-06)
(4.62074e-07 0 1.40436e-06)
(6.57911e-07 0 1.74177e-06)
(9.18689e-07 0 2.11628e-06)
(1.26218e-06 0 2.52911e-06)
(1.71045e-06 0 2.97699e-06)
(2.28818e-06 0 3.45004e-06)
(3.02115e-06 0 3.9295e-06)
(3.93303e-06 0 4.3849e-06)
(5.03962e-06 0 4.77422e-06)
(6.34386e-06 0 5.04394e-06)
(7.8248e-06 0 5.14054e-06)
(9.43265e-06 0 4.99947e-06)
(1.10908e-05 0 4.59882e-06)
(1.2705e-05 0 3.94185e-06)
(1.41806e-05 0 3.09339e-06)
(1.54558e-05 0 2.18958e-06)
(1.65582e-05 0 1.45483e-06)
(1.77474e-05 0 8.27635e-07)
(1.84115e-05 0 1.76664e-06)
(2.26107e-05 0 9.90224e-07)
(2.27848e-05 0 -5.93109e-07)
(1.83801e-05 0 -1.28277e-06)
(1.77317e-05 0 -6.39462e-07)
(1.63959e-05 0 -1.2359e-06)
(1.52732e-05 0 -1.95717e-06)
(1.39953e-05 0 -2.82248e-06)
(1.25497e-05 0 -3.6386e-06)
(1.09835e-05 0 -4.28203e-06)
(9.37928e-06 0 -4.68871e-06)
(7.82284e-06 0 -4.85208e-06)
(6.38344e-06 0 -4.79051e-06)
(5.10794e-06 0 -4.56224e-06)
(4.01912e-06 0 -4.21439e-06)
(3.11485e-06 0 -3.79853e-06)
(2.38221e-06 0 -3.35363e-06)
(1.79991e-06 0 -2.90934e-06)
(1.34418e-06 0 -2.48433e-06)
(9.923e-07 0 -2.08959e-06)
(7.23466e-07 0 -1.72854e-06)
(5.20558e-07 0 -1.40151e-06)
(3.69675e-07 0 -1.10495e-06)
(2.60319e-07 0 -8.34711e-07)
(1.84547e-07 0 -5.85129e-07)
(1.37126e-07 0 -3.50541e-07)
(1.14561e-07 0 -1.24904e-07)
(1.15197e-07 0 9.75059e-08)
(1.39e-07 0 3.22792e-07)
(1.87545e-07 0 5.56819e-07)
(2.64196e-07 0 8.05484e-07)
(3.74139e-07 0 1.07446e-06)
(5.25218e-07 0 1.36974e-06)
(7.27791e-07 0 1.69547e-06)
(9.95749e-07 0 2.05534e-06)
(1.34614e-06 0 2.44942e-06)
(1.79995e-06 0 2.87418e-06)
(2.38033e-06 0 3.31898e-06)
(3.11108e-06 0 3.76561e-06)
(4.01364e-06 0 4.18407e-06)
(5.10164e-06 0 4.53492e-06)
(6.37703e-06 0 4.76781e-06)
(7.81791e-06 0 4.834e-06)
(9.37742e-06 0 4.67508e-06)
(1.09858e-05 0 4.27157e-06)
(1.25571e-05 0 3.63174e-06)
(1.40093e-05 0 2.81601e-06)
(1.52945e-05 0 1.95004e-06)
(1.64242e-05 0 1.22513e-06)
(1.77646e-05 0 6.22159e-07)
(1.84171e-05 0 1.25627e-06)
(2.28148e-05 0 5.6076e-07)
(2.26512e-05 0 -1.57523e-07)
(1.83642e-05 0 -7.79818e-07)
(1.77223e-05 0 -4.09416e-07)
(1.62653e-05 0 -9.99146e-07)
(1.51166e-05 0 -1.71448e-06)
(1.38304e-05 0 -2.54938e-06)
(1.24061e-05 0 -3.33684e-06)
(1.08791e-05 0 -3.96527e-06)
(9.32136e-06 0 -4.37487e-06)
(7.81036e-06 0 -4.55506e-06)
(6.40913e-06 0 -4.52184e-06)
(5.1619e-06 0 -4.32788e-06)
(4.09182e-06 0 -4.01637e-06)
(3.19752e-06 0 -3.6357e-06)
(2.46813e-06 0 -3.22241e-06)
(1.8843e-06 0 -2.80555e-06)
(1.42407e-06 0 -2.40324e-06)
(1.0662e-06 0 -2.02718e-06)
(7.90944e-07 0 -1.68084e-06)
(5.81864e-07 0 -1.36573e-06)
(4.25515e-07 0 -1.07845e-06)
(3.11616e-07 0 -8.15907e-07)
(2.32389e-07 0 -5.72511e-07)
(1.82643e-07 0 -3.43445e-07)
(1.58895e-07 0 -1.22623e-07)
(1.59496e-07 0 9.49551e-08)
(1.84428e-07 0 3.15436e-07)
(2.35239e-07 0 5.4398e-07)
(3.15283e-07 0 7.8647e-07)
(4.29736e-07 0 1.04788e-06)
(5.86274e-07 0 1.33393e-06)
(7.95031e-07 0 1.64786e-06)
(1.06948e-06 0 1.99309e-06)
(1.42595e-06 0 2.36861e-06)
(1.88437e-06 0 2.77069e-06)
(2.46646e-06 0 3.18802e-06)
(3.19417e-06 0 3.60301e-06)
(4.08689e-06 0 3.98604e-06)
(5.15636e-06 0 4.30044e-06)
(6.40368e-06 0 4.49895e-06)
(7.80625e-06 0 4.53587e-06)
(9.32016e-06 0 4.35971e-06)
(1.08821e-05 0 3.95384e-06)
(1.24139e-05 0 3.32866e-06)
(1.38443e-05 0 2.5408e-06)
(1.51376e-05 0 1.70525e-06)
(1.62926e-05 0 9.86742e-07)
(1.77536e-05 0 3.90857e-07)
(1.83996e-05 0 7.52328e-07)
(2.26869e-05 0 1.24314e-07)
(2.26269e-05 0 2.77557e-07)
(1.833e-05 0 -2.97659e-07)
(1.76878e-05 0 -1.59734e-07)
(1.61348e-05 0 -7.54209e-07)
(1.49631e-05 0 -1.46725e-06)
(1.36709e-05 0 -2.2779e-06)
(1.22665e-05 0 -3.04148e-06)
(1.07758e-05 0 -3.65786e-06)
(9.26132e-06 0 -4.06961e-06)
(7.79345e-06 0 -4.26628e-06)
(6.42888e-06 0 -4.26048e-06)
(5.20903e-06 0 -4.09832e-06)
(4.15755e-06 0 -3.82126e-06)
(3.27364e-06 0 -3.4743e-06)
(2.54824e-06 0 -3.09145e-06)
(1.96374e-06 0 -2.70127e-06)
(1.49985e-06 0 -2.32119e-06)
(1.13678e-06 0 -1.96362e-06)
(8.55755e-07 0 -1.63195e-06)
(6.41036e-07 0 -1.32887e-06)
(4.7964e-07 0 -1.05102e-06)
(3.61507e-07 0 -7.96372e-07)
(2.7904e-07 0 -5.59342e-07)
(2.27104e-07 0 -3.36021e-07)
(2.02242e-07 0 -1.20223e-07)
(2.02809e-07 0 9.22882e-08)
(2.28805e-07 0 3.07759e-07)
(2.81751e-07 0 5.30609e-07)
(3.64976e-07 0 7.66749e-07)
(4.83631e-07 0 1.02033e-06)
(6.45214e-07 0 1.29702e-06)
(8.59624e-07 0 1.59905e-06)
(1.1399e-06 0 1.92968e-06)
(1.50166e-06 0 2.28681e-06)
(1.96383e-06 0 2.66666e-06)
(2.54679e-06 0 3.05723e-06)
(3.27068e-06 0 3.44175e-06)
(4.15312e-06 0 3.79095e-06)
(5.20422e-06 0 4.07055e-06)
(6.42412e-06 0 4.23698e-06)
(7.79006e-06 0 4.24526e-06)
(9.26101e-06 0 4.05326e-06)
(1.07795e-05 0 3.64484e-06)
(1.22745e-05 0 3.03183e-06)
(1.36846e-05 0 2.26721e-06)
(1.49837e-05 0 1.45599e-06)
(1.61614e-05 0 7.39374e-07)
(1.77177e-05 0 1.4052e-07)
(1.83641e-05 0 2.69925e-07)
(2.26593e-05 0 -3.10792e-07)
(2.26667e-05 0 7.34124e-07)
(1.82771e-05 0 1.69723e-07)
(1.7631e-05 0 1.01042e-07)
(1.60038e-05 0 -5.01892e-07)
(1.48119e-05 0 -1.21654e-06)
(1.35156e-05 0 -2.00852e-06)
(1.21301e-05 0 -2.75251e-06)
(1.06735e-05 0 -3.35954e-06)
(9.19972e-06 0 -3.77349e-06)
(7.77223e-06 0 -3.98489e-06)
(6.44276e-06 0 -4.00562e-06)
(5.24978e-06 0 -3.87352e-06)
(4.21666e-06 0 -3.6291e-06)
(3.3435e-06 0 -3.31442e-06)
(2.62276e-06 0 -2.96094e-06)
(2.03838e-06 0 -2.59665e-06)
(1.57162e-06 0 -2.23837e-06)
(1.20407e-06 0 -1.89906e-06)
(9.17916e-07 0 -1.58203e-06)
(6.9807e-07 0 -1.291e-06)
(5.32033e-07 0 -1.02273e-06)
(4.09972e-07 0 -7.76107e-07)
(3.24478e-07 0 -5.45671e-07)
(2.70485e-07 0 -3.28283e-07)
(2.44576e-07 0 -1.1772e-07)
(2.45111e-07 0 8.95234e-08)
(2.72111e-07 0 2.99768e-07)
(3.27057e-07 0 5.1674e-07)
(4.13248e-07 0 7.46325e-07)
(5.3581e-07 0 9.9193e-07)
(7.02037e-07 0 1.25911e-06)
(9.21584e-07 0 1.54919e-06)
(1.20705e-06 0 1.86524e-06)
(1.57337e-06 0 2.20423e-06)
(2.03848e-06 0 2.56225e-06)
(2.62151e-06 0 2.92684e-06)
(3.34094e-06 0 3.28196e-06)
(4.21268e-06 0 3.59883e-06)
(5.2456e-06 0 3.84524e-06)
(6.43866e-06 0 3.98159e-06)
(7.76955e-06 0 3.96277e-06)
(9.20012e-06 0 3.7559e-06)
(1.06779e-05 0 3.34418e-06)
(1.21384e-05 0 2.74147e-06)
(1.35292e-05 0 1.99553e-06)
(1.48321e-05 0 1.20342e-06)
(1.60295e-05 0 4.85291e-07)
(1.76598e-05 0 -1.22118e-07)
(1.83098e-05 0 -1.97689e-07)
(2.27009e-05 0 -7.68853e-07)
(2.24148e-05 0 1.19873e-06)
(1.82067e-05 0 6.21284e-07)
(1.75572e-05 0 3.70296e-07)
(1.58752e-05 0 -2.47808e-07)
(1.46655e-05 0 -9.66406e-07)
(1.33671e-05 0 -1.73828e-06)
(1.19993e-05 0 -2.46462e-06)
(1.05743e-05 0 -3.05954e-06)
(9.13854e-06 0 -3.47679e-06)
(7.74902e-06 0 -3.70317e-06)
(6.45291e-06 0 -3.7517e-06)
(5.28589e-06 0 -3.65004e-06)
(4.27076e-06 0 -3.43841e-06)
(3.40853e-06 0 -3.15533e-06)
(2.69295e-06 0 -2.8303e-06)
(2.10932e-06 0 -2.49173e-06)
(1.64037e-06 0 -2.15515e-06)
(1.26899e-06 0 -1.83382e-06)
(9.78266e-07 0 -1.53183e-06)
(7.5376e-07 0 -1.25254e-06)
(5.83456e-07 0 -9.94066e-07)
(4.57738e-07 0 -7.55392e-07)
(3.6941e-07 0 -5.31764e-07)
(3.13493e-07 0 -3.20303e-07)
(2.86599e-07 0 -1.15234e-07)
(2.87106e-07 0 8.67776e-08)
(3.15056e-07 0 2.91601e-07)
(3.71884e-07 0 5.02574e-07)
(4.60855e-07 0 7.25429e-07)
(5.87056e-07 0 9.63077e-07)
(7.57565e-07 0 1.22044e-06)
(9.8179e-07 0 1.49859e-06)
(1.2719e-06 0 1.79995e-06)
(1.64212e-06 0 2.12109e-06)
(2.10948e-06 0 2.45752e-06)
(2.69195e-06 0 2.79684e-06)
(3.40641e-06 0 3.12303e-06)
(4.26725e-06 0 3.40823e-06)
(5.28241e-06 0 3.62181e-06)
(6.44946e-06 0 3.72691e-06)
(7.74701e-06 0 3.68161e-06)
(9.13966e-06 0 3.45941e-06)
(1.05794e-05 0 3.0445e-06)
(1.20079e-05 0 2.4506e-06)
(1.33804e-05 0 1.7246e-06)
(1.46854e-05 0 9.51476e-07)
(1.59002e-05 0 2.29738e-07)
(1.75849e-05 0 -3.92914e-07)
(1.8238e-05 0 -6.49721e-07)
(2.24349e-05 0 -1.23342e-06)
(2.17662e-05 0 3.17802e-06)
(1.78188e-05 0 2.42665e-06)
(1.71527e-05 0 1.68101e-06)
(1.53079e-05 0 9.29705e-07)
(1.40423e-05 0 1.51973e-07)
(1.27448e-05 0 -6.0942e-07)
(1.14498e-05 0 -1.30564e-06)
(1.0151e-05 0 -1.8874e-06)
(8.86462e-06 0 -2.32511e-06)
(7.6254e-06 0 -2.60694e-06)
(6.46491e-06 0 -2.7435e-06)
(5.40756e-06 0 -2.74861e-06)
(4.46924e-06 0 -2.6552e-06)
(3.65624e-06 0 -2.48913e-06)
(2.9653e-06 0 -2.27539e-06)
(2.38778e-06 0 -2.03655e-06)
(1.91312e-06 0 -1.78724e-06)
(1.52831e-06 0 -1.53959e-06)
(1.22102e-06 0 -1.30014e-06)
(9.79145e-07 0 -1.07281e-06)
(7.92293e-07 0 -8.58412e-07)
(6.5239e-07 0 -6.56642e-07)
(5.529e-07 0 -4.65061e-07)
(4.89343e-07 0 -2.81677e-07)
(4.58587e-07 0 -1.02996e-07)
(4.59024e-07 0 7.3696e-08)
(4.906e-07 0 2.52195e-07)
(5.54833e-07 0 4.35106e-07)
(6.54777e-07 0 6.26168e-07)
(7.94994e-07 0 8.27246e-07)
(9.8192e-07 0 1.04094e-06)
(1.22389e-06 0 1.26734e-06)
(1.53111e-06 0 1.50637e-06)
(1.9149e-06 0 1.75349e-06)
(2.38855e-06 0 2.00297e-06)
(2.96521e-06 0 2.24253e-06)
(3.65543e-06 0 2.45693e-06)
(4.46766e-06 0 2.62467e-06)
(5.40617e-06 0 2.72051e-06)
(6.46482e-06 0 2.71735e-06)
(7.62733e-06 0 2.58413e-06)
(8.86867e-06 0 2.30383e-06)
(1.01562e-05 0 1.86794e-06)
(1.14586e-05 0 1.28612e-06)
(1.27584e-05 0 5.91597e-07)
(1.40599e-05 0 -1.71273e-07)
(1.53297e-05 0 -9.51071e-07)
(1.71763e-05 0 -1.7058e-06)
(1.78455e-05 0 -2.45424e-06)
(2.17897e-05 0 -3.20995e-06)
(1.92519e-05 0 6.10739e-06)
(1.62662e-05 0 5.09951e-06)
(1.56318e-05 0 3.89802e-06)
(1.40264e-05 0 2.95131e-06)
(1.28439e-05 0 2.06693e-06)
(1.1666e-05 0 1.26418e-06)
(1.0511e-05 0 5.52933e-07)
(9.37617e-06 0 -5.56633e-08)
(8.27522e-06 0 -5.4895e-07)
(7.22167e-06 0 -9.2307e-07)
(6.23623e-06 0 -1.18322e-06)
(5.32973e-06 0 -1.33958e-06)
(4.51218e-06 0 -1.40955e-06)
(3.79242e-06 0 -1.40938e-06)
(3.16683e-06 0 -1.35686e-06)
(2.63164e-06 0 -1.26623e-06)
(2.18007e-06 0 -1.15091e-06)
(1.80402e-06 0 -1.02098e-06)
(1.49533e-06 0 -8.83743e-07)
(1.24644e-06 0 -7.44669e-07)
(1.05038e-06 0 -6.06354e-07)
(9.01226e-07 0 -4.70691e-07)
(7.93817e-07 0 -3.37811e-07)
(7.24369e-07 0 -2.07565e-07)
(6.90383e-07 0 -7.90692e-08)
(6.90678e-07 0 4.86996e-08)
(7.25209e-07 0 1.77058e-07)
(7.95259e-07 0 3.07026e-07)
(9.03146e-07 0 4.39522e-07)
(1.05265e-06 0 5.74907e-07)
(1.24868e-06 0 7.12686e-07)
(1.49745e-06 0 8.51498e-07)
(1.8057e-06 0 9.88199e-07)
(2.1814e-06 0 1.11783e-06)
(2.63283e-06 0 1.2335e-06)
(3.16739e-06 0 1.32442e-06)
(3.79299e-06 0 1.37786e-06)
(4.51356e-06 0 1.37897e-06)
(5.33145e-06 0 1.31064e-06)
(6.23837e-06 0 1.15528e-06)
(7.22417e-06 0 8.96352e-07)
(8.2793e-06 0 5.22777e-07)
(9.38401e-06 0 3.02734e-08)
(1.0522e-05 0 -5.77154e-07)
(1.16796e-05 0 -1.28852e-06)
(1.28603e-05 0 -2.09174e-06)
(1.40456e-05 0 -2.97712e-06)
(1.56531e-05 0 -3.92632e-06)
(1.62904e-05 0 -5.12863e-06)
(1.92769e-05 0 -6.13848e-06)
(1.68649e-05 0 8.27791e-06)
(1.45036e-05 0 7.12699e-06)
(1.39304e-05 0 5.81415e-06)
(1.25613e-05 0 4.7502e-06)
(1.15116e-05 0 3.77808e-06)
(1.04738e-05 0 2.90664e-06)
(9.47006e-06 0 2.13559e-06)
(8.49822e-06 0 1.46962e-06)
(7.56355e-06 0 9.09554e-07)
(6.67403e-06 0 4.5418e-07)
(5.84018e-06 0 9.90292e-08)
(5.06809e-06 0 -1.66971e-07)
(4.36456e-06 0 -3.52008e-07)
(3.7353e-06 0 -4.70906e-07)
(3.18004e-06 0 -5.36204e-07)
(2.69674e-06 0 -5.59997e-07)
(2.28103e-06 0 -5.51921e-07)
(1.92907e-06 0 -5.20738e-07)
(1.6355e-06 0 -4.72923e-07)
(1.39524e-06 0 -4.13993e-07)
(1.20328e-06 0 -3.47623e-07)
(1.05522e-06 0 -2.7683e-07)
(9.47604e-07 0 -2.03448e-07)
(8.77471e-07 0 -1.28737e-07)
(8.42999e-07 0 -5.33353e-08)
(8.4323e-07 0 2.21538e-08)
(8.78105e-07 0 9.74174e-08)
(9.48546e-07 0 1.71979e-07)
(1.05662e-06 0 2.45092e-07)
(1.20476e-06 0 3.15572e-07)
(1.39682e-06 0 3.81642e-07)
(1.63718e-06 0 4.40465e-07)
(1.93062e-06 0 4.88023e-07)
(2.28287e-06 0 5.19438e-07)
(2.69846e-06 0 5.27597e-07)
(3.18178e-06 0 5.04296e-07)
(3.73728e-06 0 4.39701e-07)
(4.36685e-06 0 3.21244e-07)
(5.07066e-06 0 1.36525e-07)
(5.84343e-06 0 -1.28814e-07)
(6.67861e-06 0 -4.83382e-07)
(7.56959e-06 0 -9.37624e-07)
(8.50632e-06 0 -1.49728e-06)
(9.48046e-06 0 -2.16358e-06)
(1.04866e-05 0 -2.93514e-06)
(1.1527e-05 0 -3.80758e-06)
(1.25779e-05 0 -4.78086e-06)
(1.39491e-05 0 -5.84626e-06)
(1.45262e-05 0 -7.16093e-06)
(1.68924e-05 0 -8.31381e-06)
(1.43618e-05 0 1.00037e-05)
(1.25692e-05 0 8.77501e-06)
(1.20666e-05 0 7.40316e-06)
(1.09723e-05 0 6.26842e-06)
(1.00785e-05 0 5.23838e-06)
(9.20229e-06 0 4.31754e-06)
(8.35549e-06 0 3.50004e-06)
(7.53711e-06 0 2.78319e-06)
(6.75206e-06 0 2.16363e-06)
(6.00588e-06 0 1.63927e-06)
(5.30451e-06 0 1.2042e-06)
(4.65318e-06 0 8.50066e-07)
(4.05628e-06 0 5.70044e-07)
(3.51612e-06 0 3.53573e-07)
(3.03319e-06 0 1.91324e-07)
(2.60806e-06 0 7.35115e-08)
(2.23895e-06 0 -7.73924e-09)
(1.92252e-06 0 -5.99047e-08)
(1.65545e-06 0 -8.94045e-08)
(1.43439e-06 0 -1.01489e-07)
(1.25613e-06 0 -1.00649e-07)
(1.11749e-06 0 -9.02533e-08)
(1.01596e-06 0 -7.32454e-08)
(9.49539e-07 0 -5.18973e-08)
(9.1672e-07 0 -2.81389e-08)
(9.16808e-07 0 -3.59138e-09)
(9.49947e-07 0 2.01256e-08)
(1.01677e-06 0 4.13689e-08)
(1.11854e-06 0 5.82371e-08)
(1.25747e-06 0 6.8362e-08)
(1.43603e-06 0 6.9163e-08)
(1.65703e-06 0 5.68774e-08)
(1.92416e-06 0 2.73787e-08)
(2.24076e-06 0 -2.47996e-08)
(2.61012e-06 0 -1.06111e-07)
(3.03555e-06 0 -2.23703e-07)
(3.51841e-06 0 -3.85853e-07)
(4.0588e-06 0 -6.02094e-07)
(4.65636e-06 0 -8.81967e-07)
(5.30851e-06 0 -1.23568e-06)
(6.01096e-06 0 -1.67057e-06)
(6.75845e-06 0 -2.19476e-06)
(7.54508e-06 0 -2.81442e-06)
(8.36521e-06 0 -3.53161e-06)
(9.21359e-06 0 -4.34981e-06)
(1.00917e-05 0 -5.27169e-06)
(1.09876e-05 0 -6.30344e-06)
(1.2083e-05 0 -7.43874e-06)
(1.25878e-05 0 -8.81251e-06)
(1.43816e-05 0 -1.00422e-05)
(1.19458e-05 0 1.13209e-05)
(1.06014e-05 0 1.0051e-05)
(1.01705e-05 0 8.69323e-06)
(9.31415e-06 0 7.52196e-06)
(8.58527e-06 0 6.4573e-06)
(7.8663e-06 0 5.49917e-06)
(7.16853e-06 0 4.64074e-06)
(6.49361e-06 0 3.87839e-06)
(5.84767e-06 0 3.20821e-06)
(5.23488e-06 0 2.62579e-06)
(4.65637e-06 0 2.12583e-06)
(4.11686e-06 0 1.70198e-06)
(3.61982e-06 0 1.34733e-06)
(3.16722e-06 0 1.05413e-06)
(2.75995e-06 0 8.15001e-07)
(2.39814e-06 0 6.22475e-07)
(2.0809e-06 0 4.68945e-07)
(1.80657e-06 0 3.47898e-07)
(1.57313e-06 0 2.53373e-07)
(1.37838e-06 0 1.80272e-07)
(1.22013e-06 0 1.23961e-07)
(1.09633e-06 0 8.0527e-08)
(1.00514e-06 0 4.65608e-08)
(9.45131e-07 0 1.90203e-08)
(9.15458e-07 0 -4.81003e-09)
(9.15627e-07 0 -2.73949e-08)
(9.45546e-07 0 -5.12135e-08)
(1.00571e-06 0 -7.88358e-08)
(1.09711e-06 0 -1.12942e-07)
(1.22114e-06 0 -1.56495e-07)
(1.3796e-06 0 -2.13024e-07)
(1.5745e-06 0 -2.86324e-07)
(1.80811e-06 0 -3.80913e-07)
(2.08263e-06 0 -5.02088e-07)
(2.4001e-06 0 -6.55661e-07)
(2.76217e-06 0 -8.48332e-07)
(3.1697e-06 0 -1.08753e-06)
(3.62268e-06 0 -1.38061e-06)
(4.12029e-06 0 -1.73522e-06)
(4.66052e-06 0 -2.15905e-06)
(5.23997e-06 0 -2.65909e-06)
(5.85383e-06 0 -3.24169e-06)
(6.50104e-06 0 -3.91221e-06)
(7.17737e-06 0 -4.67509e-06)
(7.8765e-06 0 -5.53423e-06)
(8.59661e-06 0 -6.49308e-06)
(9.32734e-06 0 -7.55856e-06)
(1.01855e-05 0 -8.73106e-06)
(1.06196e-05 0 -1.00903e-05)
(1.1966e-05 0 -1.13612e-05)
(9.62696e-06 0 1.23155e-05)
(8.62635e-06 0 1.10282e-05)
(8.273e-06 0 9.69559e-06)
(7.61843e-06 0 8.51426e-06)
(7.04433e-06 0 7.4327e-06)
(6.47745e-06 0 6.45034e-06)
(5.92432e-06 0 5.56281e-06)
(5.38832e-06 0 4.76613e-06)
(4.87316e-06 0 4.05703e-06)
(4.38231e-06 0 3.42946e-06)
(3.91879e-06 0 2.8792e-06)
(3.48543e-06 0 2.40102e-06)
(3.0845e-06 0 1.98896e-06)
(2.71763e-06 0 1.63663e-06)
(2.3857e-06 0 1.33759e-06)
(2.08898e-06 0 1.08534e-06)
(1.82709e-06 0 8.7358e-07)
(1.59916e-06 0 6.96357e-07)
(1.40401e-06 0 5.4816e-07)
(1.24027e-06 0 4.23953e-07)
(1.10651e-06 0 3.19133e-07)
(1.00139e-06 0 2.29536e-07)
(9.23697e-07 0 1.51359e-07)
(8.72483e-07 0 8.11405e-08)
(8.47097e-07 0 1.56205e-08)
(8.47203e-07 0 -4.83881e-08)
(8.72786e-07 0 -1.13967e-07)
(9.24178e-07 0 -1.84247e-07)
(1.00205e-06 0 -2.62493e-07)
(1.10735e-06 0 -3.52193e-07)
(1.24128e-06 0 -4.57143e-07)
(1.40519e-06 0 -5.81494e-07)
(1.60052e-06 0 -7.29827e-07)
(1.82864e-06 0 -9.07196e-07)
(2.09076e-06 0 -1.11911e-06)
(2.38774e-06 0 -1.37151e-06)
(2.71999e-06 0 -1.67072e-06)
(3.08726e-06 0 -2.02319e-06)
(3.48871e-06 0 -2.43542e-06)
(3.92271e-06 0 -2.91383e-06)
(4.387e-06 0 -3.4644e-06)
(4.87877e-06 0 -4.09241e-06)
(5.39498e-06 0 -4.80204e-06)
(5.93217e-06 0 -5.59944e-06)
(6.4866e-06 0 -6.4878e-06)
(7.05523e-06 0 -7.47109e-06)
(7.63063e-06 0 -8.55345e-06)
(8.28535e-06 0 -9.73594e-06)
(8.64124e-06 0 -1.10703e-05)
(9.64466e-06 0 -1.23593e-05)
(7.38588e-06 0 1.30387e-05)
(6.67018e-06 0 1.1752e-05)
(6.39963e-06 0 1.04469e-05)
(5.91982e-06 0 9.26837e-06)
(5.48939e-06 0 8.18247e-06)
(5.06145e-06 0 7.18772e-06)
(4.64222e-06 0 6.28124e-06)
(4.23494e-06 0 5.46e-06)
(3.84266e-06 0 4.72064e-06)
(3.46813e-06 0 4.05921e-06)
(3.11371e-06 0 3.47139e-06)
(2.78151e-06 0 2.9524e-06)
(2.47324e-06 0 2.49704e-06)
(2.19015e-06 0 2.09984e-06)
(1.93301e-06 0 1.75512e-06)
(1.70213e-06 0 1.45717e-06)
(1.49742e-06 0 1.20037e-06)
(1.31844e-06 0 9.79279e-07)
(1.16452e-06 0 7.88702e-07)
(1.03484e-06 0 6.23758e-07)
(9.28505e-07 0 4.79859e-07)
(8.44665e-07 0 3.52719e-07)
(7.82546e-07 0 2.38311e-07)
(7.41524e-07 0 1.32836e-07)
(7.21166e-07 0 3.2648e-08)
(7.21246e-07 0 -6.57967e-08)
(7.41758e-07 0 -1.66012e-07)
(7.82925e-07 0 -2.71542e-07)
(8.45186e-07 0 -3.86029e-07)
(9.29169e-07 0 -5.13275e-07)
(1.03565e-06 0 -6.57306e-07)
(1.16548e-06 0 -8.22402e-07)
(1.31956e-06 0 -1.01315e-06)
(1.49871e-06 0 -1.23443e-06)
(1.70363e-06 0 -1.49143e-06)
(1.93475e-06 0 -1.7896e-06)
(2.19218e-06 0 -2.13458e-06)
(2.47562e-06 0 -2.53208e-06)
(2.78433e-06 0 -2.98777e-06)
(3.11706e-06 0 -3.50717e-06)
(3.4721e-06 0 -4.0955e-06)
(3.84737e-06 0 -4.75755e-06)
(4.2405e-06 0 -5.49766e-06)
(4.64872e-06 0 -6.3198e-06)
(5.06902e-06 0 -7.22736e-06)
(5.49814e-06 0 -8.22333e-06)
(5.93006e-06 0 -9.31085e-06)
(6.41028e-06 0 -1.04907e-05)
(6.68321e-06 0 -1.1797e-05)
(7.40291e-06 0 -1.30856e-05)
(5.21454e-06 0 1.35503e-05)
(4.73738e-06 0 1.22722e-05)
(4.54759e-06 0 1.09904e-05)
(4.22181e-06 0 9.81768e-06)
(3.92337e-06 0 8.73012e-06)
(3.6256e-06 0 7.72776e-06)
(3.33273e-06 0 6.80873e-06)
(3.04743e-06 0 5.97062e-06)
(2.77197e-06 0 5.21057e-06)
(2.50843e-06 0 4.52511e-06)
(2.25857e-06 0 3.91041e-06)
(2.02391e-06 0 3.36216e-06)
(1.80567e-06 0 2.87573e-06)
(1.60474e-06 0 2.44619e-06)
(1.4217e-06 0 2.06843e-06)
(1.25686e-06 0 1.73726e-06)
(1.11025e-06 0 1.44749e-06)
(9.81656e-07 0 1.19404e-06)
(8.70731e-07 0 9.71954e-07)
(7.77003e-07 0 7.76483e-07)
(6.99953e-07 0 6.03076e-07)
(6.39066e-07 0 4.47386e-07)
(5.93872e-07 0 3.05255e-07)
(5.63989e-07 0 1.72683e-07)
(5.49149e-07 0 4.57854e-08)
(5.49213e-07 0 -7.9225e-08)
(5.64168e-07 0 -2.06131e-07)
(5.94153e-07 0 -3.38752e-07)
(6.39447e-07 0 -4.80965e-07)
(7.00436e-07 0 -6.36767e-07)
(7.77592e-07 0 -8.10315e-07)
(8.71432e-07 0 -1.00595e-06)
(9.8248e-07 0 -1.22823e-06)
(1.11121e-06 0 -1.48191e-06)
(1.25799e-06 0 -1.77193e-06)
(1.42302e-06 0 -2.1034e-06)
(1.60628e-06 0 -2.48149e-06)
(1.80749e-06 0 -2.91142e-06)
(2.02606e-06 0 -3.3983e-06)
(2.26111e-06 0 -3.94708e-06)
(2.51144e-06 0 -4.56244e-06)
(2.77553e-06 0 -5.24866e-06)
(3.0516e-06 0 -6.00962e-06)
(3.33762e-06 0 -6.8488e-06)
(3.6313e-06 0 -7.76908e-06)
(3.93e-06 0 -8.77287e-06)
(4.22956e-06 0 -9.86206e-06)
(4.55605e-06 0 -1.10367e-05)
(4.7477e-06 0 -1.232e-05)
(5.22833e-06 0 -1.36008e-05)
(3.09925e-06 0 1.38661e-05)
(2.8292e-06 0 1.25974e-05)
(2.71785e-06 0 1.13342e-05)
(2.52936e-06 0 1.01672e-05)
(2.35451e-06 0 9.08048e-06)
(2.17936e-06 0 8.0745e-06)
(2.00651e-06 0 7.14817e-06)
(1.8377e-06 0 6.29967e-06)
(1.6744e-06 0 5.52658e-06)
(1.51789e-06 0 4.82589e-06)
(1.36928e-06 0 4.19409e-06)
(1.2295e-06 0 3.62723e-06)
(1.09929e-06 0 3.12102e-06)
(9.79205e-07 0 2.67088e-06)
(8.69614e-07 0 2.27203e-06)
(7.70722e-07 0 1.91961e-06)
(6.82585e-07 0 1.60869e-06)
(6.05131e-07 0 1.3344e-06)
(5.38187e-07 0 1.09195e-06)
(4.8152e-07 0 8.76664e-07)
(4.34859e-07 0 6.84027e-07)
(3.97933e-07 0 5.09663e-07)
(3.70491e-07 0 3.49336e-07)
(3.52321e-07 0 1.98935e-07)
(3.43304e-07 0 5.44226e-08)
(3.43372e-07 0 -8.80986e-08)
(3.52468e-07 0 -2.3257e-07)
(3.70673e-07 0 -3.83007e-07)
(3.98164e-07 0 -5.43412e-07)
(4.35144e-07 0 -7.17889e-07)
(4.81865e-07 0 -9.10672e-07)
(5.386e-07 0 -1.12613e-06)
(6.0562e-07 0 -1.36879e-06)
(6.83162e-07 0 -1.64332e-06)
(7.71401e-07 0 -1.95452e-06)
(8.70413e-07 0 -2.30727e-06)
(9.8015e-07 0 -2.7065e-06)
(1.10041e-06 0 -3.15709e-06)
(1.23082e-06 0 -3.66382e-06)
(1.37085e-06 0 -4.2313e-06)
(1.51975e-06 0 -4.86383e-06)
(1.67659e-06 0 -5.56538e-06)
(1.84028e-06 0 -6.33949e-06)
(2.00954e-06 0 -7.18917e-06)
(2.18291e-06 0 -8.11688e-06)
(2.35867e-06 0 -9.12446e-06)
(2.53426e-06 0 -1.0213e-05)
(2.72333e-06 0 -1.13822e-05)
(2.83596e-06 0 -1.26476e-05)
(3.10861e-06 0 -1.39193e-05)
(1.02548e-06 0 1.40446e-05)
(9.38984e-07 0 1.27852e-05)
(9.0288e-07 0 1.15337e-05)
(8.41875e-07 0 1.03718e-05)
(7.84921e-07 0 9.28668e-06)
(7.27669e-07 0 8.27927e-06)
(6.71003e-07 0 7.34905e-06)
(6.15527e-07 0 6.49463e-06)
(5.61745e-07 0 5.71392e-06)
(5.10099e-07 0 5.00421e-06)
(4.6097e-07 0 4.36225e-06)
(4.14676e-07 0 3.78434e-06)
(3.71477e-07 0 3.26641e-06)
(3.31572e-07 0 2.80409e-06)
(2.95097e-07 0 2.39281e-06)
(2.62128e-07 0 2.02786e-06)
(2.32696e-07 0 1.70446e-06)
(2.06789e-07 0 1.41788e-06)
(1.84361e-07 0 1.16338e-06)
(1.65346e-07 0 9.3637e-07)
(1.49665e-07 0 7.32323e-07)
(1.37236e-07 0 5.46862e-07)
(1.27981e-07 0 3.75713e-07)
(1.21815e-07 0 2.14712e-07)
(1.18794e-07 0 5.96579e-08)
(1.18604e-07 0 -9.33251e-08)
(1.21684e-07 0 -2.4828e-07)
(1.27768e-07 0 -4.09399e-07)
(1.37e-07 0 -5.80675e-07)
(1.49421e-07 0 -7.66278e-07)
(1.65101e-07 0 -9.7049e-07)
(1.8412e-07 0 -1.1977e-06)
(2.06555e-07 0 -1.45241e-06)
(2.32473e-07 0 -1.73926e-06)
(2.61919e-07 0 -2.06296e-06)
(2.94905e-07 0 -2.42826e-06)
(3.31406e-07 0 -2.83996e-06)
(3.71343e-07 0 -3.30276e-06)
(4.14584e-07 0 -3.82126e-06)
(4.60933e-07 0 -4.39984e-06)
(5.1013e-07 0 -5.04259e-06)
(5.61861e-07 0 -5.75324e-06)
(6.15747e-07 0 -6.53505e-06)
(6.71349e-07 0 -7.39074e-06)
(7.28169e-07 0 -8.32246e-06)
(7.85612e-07 0 -9.33161e-06)
(8.42813e-07 0 -1.04188e-05)
(9.04037e-07 0 -1.15831e-05)
(9.40604e-07 0 -1.28372e-05)
(1.02808e-06 0 -1.41002e-05)
)
;

boundaryField
{
    inlet_water
    {
        type            zeroGradient;
    }
    inlet_air
    {
        type            zeroGradient;
    }
    outlet_water
    {
        type            zeroGradient;
    }
    outlet_air
    {
        type            zeroGradient;
    }
    lowerWall
    {
        type            fixedValue;
        value           uniform (0 0 0);
    }
    atmosphere
    {
        type            pressureInletOutletVelocity;
        value           nonuniform List<vector> 
50
(
(1.02548e-06 0 1.40446e-05)
(9.38984e-07 0 1.27852e-05)
(9.0288e-07 0 1.15337e-05)
(8.41875e-07 0 1.03718e-05)
(7.84921e-07 0 9.28668e-06)
(7.27669e-07 0 8.27927e-06)
(6.71003e-07 0 7.34905e-06)
(6.15527e-07 0 6.49463e-06)
(5.61745e-07 0 5.71392e-06)
(5.10099e-07 0 5.00421e-06)
(4.6097e-07 0 4.36225e-06)
(4.14676e-07 0 3.78434e-06)
(3.71477e-07 0 3.26641e-06)
(3.31572e-07 0 2.80409e-06)
(2.95097e-07 0 2.39281e-06)
(2.62128e-07 0 2.02786e-06)
(2.32696e-07 0 1.70446e-06)
(2.06789e-07 0 1.41788e-06)
(1.84361e-07 0 1.16338e-06)
(1.65346e-07 0 9.3637e-07)
(1.49665e-07 0 7.32323e-07)
(1.37236e-07 0 5.46862e-07)
(1.27981e-07 0 3.75713e-07)
(1.21815e-07 0 2.14712e-07)
(1.18794e-07 0 5.96579e-08)
(0 0 -9.33251e-08)
(0 0 -2.4828e-07)
(0 0 -4.09399e-07)
(0 0 -5.80675e-07)
(0 0 -7.66278e-07)
(0 0 -9.7049e-07)
(0 0 -1.1977e-06)
(0 0 -1.45241e-06)
(0 0 -1.73926e-06)
(0 0 -2.06296e-06)
(0 0 -2.42826e-06)
(0 0 -2.83996e-06)
(0 0 -3.30276e-06)
(0 0 -3.82126e-06)
(0 0 -4.39984e-06)
(0 0 -5.04259e-06)
(0 0 -5.75324e-06)
(0 0 -6.53505e-06)
(0 0 -7.39074e-06)
(0 0 -8.32246e-06)
(0 0 -9.33161e-06)
(0 0 -1.04188e-05)
(0 0 -1.15831e-05)
(0 0 -1.28372e-05)
(0 0 -1.41002e-05)
)
;
    }
    defaultFaces
    {
        type            empty;
    }
}


// ************************************************************************* //
