# Wall shear stress
# Time        	patch         	min           	max           
0.000000e+00	lowerWall	(-1.615899e-01 0.000000e+00 0.000000e+00)	(-1.615899e-01 0.000000e+00 0.000000e+00)
1.000000e+01	lowerWall	(-1.366341e-01 0.000000e+00 -1.815807e-03)	(-1.236412e-01 0.000000e+00 1.815904e-03)
2.000000e+01	lowerWall	(-1.190777e-01 0.000000e+00 -1.188201e-03)	(-1.087691e-01 0.000000e+00 1.188364e-03)
3.000000e+01	lowerWall	(-1.096137e-01 0.000000e+00 -8.227692e-04)	(-1.022632e-01 0.000000e+00 8.229738e-04)
4.000000e+01	lowerWall	(-1.038027e-01 0.000000e+00 -6.002314e-04)	(-9.862367e-02 0.000000e+00 6.010287e-04)
5.000000e+01	lowerWall	(-9.991635e-02 0.000000e+00 -4.586458e-04)	(-9.621789e-02 0.000000e+00 4.589969e-04)
6.000000e+01	lowerWall	(-9.715215e-02 0.000000e+00 -3.531982e-04)	(-9.448721e-02 0.000000e+00 3.534537e-04)
7.000000e+01	lowerWall	(-9.509468e-02 0.000000e+00 -2.932129e-04)	(-9.310012e-02 0.000000e+00 2.941682e-04)
8.000000e+01	lowerWall	(-9.346368e-02 0.000000e+00 -2.360100e-04)	(-9.199061e-02 0.000000e+00 2.367635e-04)
9.000000e+01	lowerWall	(-9.219051e-02 0.000000e+00 -1.900081e-04)	(-9.108891e-02 0.000000e+00 1.906209e-04)
1.000000e+02	lowerWall	(-9.122746e-02 0.000000e+00 -1.518033e-04)	(-9.034411e-02 0.000000e+00 1.523240e-04)
1.100000e+02	lowerWall	(-9.069673e-02 0.000000e+00 -1.222833e-04)	(-8.971998e-02 0.000000e+00 1.227386e-04)
1.200000e+02	lowerWall	(-9.024680e-02 0.000000e+00 -9.817738e-05)	(-8.919914e-02 0.000000e+00 9.858122e-05)
1.300000e+02	lowerWall	(-8.986061e-02 0.000000e+00 -7.784234e-05)	(-8.875449e-02 0.000000e+00 7.820124e-05)
1.400000e+02	lowerWall	(-8.952328e-02 0.000000e+00 -6.163751e-05)	(-8.837328e-02 0.000000e+00 6.195867e-05)
1.500000e+02	lowerWall	(-8.922498e-02 0.000000e+00 -4.896529e-05)	(-8.804876e-02 0.000000e+00 4.874693e-05)
1.600000e+02	lowerWall	(-8.896062e-02 0.000000e+00 -4.264102e-05)	(-8.777014e-02 0.000000e+00 4.235969e-05)
1.690000e+02	lowerWall	(-8.873251e-02 0.000000e+00 -5.027449e-05)	(-8.759833e-02 0.000000e+00 5.001302e-05)
