/*--------------------------------*- C++ -*----------------------------------*\
  =========                 |
  \\      /  F ield         | OpenFOAM: The Open Source CFD Toolbox
   \\    /   O peration     | Website:  https://openfoam.org
    \\  /    A nd           | Version:  8
     \\/     M anipulation  |
\*---------------------------------------------------------------------------*/
FoamFile
{
    version     2.0;
    format      ascii;
    class       volScalarField;
    location    "28497";
    object      nu1;
}
// * * * * * * * * * * * * * * * * * * * * * * * * * * * * * * * * * * * * * //

dimensions      [0 2 -1 0 0 0 0];

internalField   nonuniform List<scalar> 
3000
(
0.000830331
0.000830331
0.000830329
0.000830324
0.000830315
0.000830302
0.000830285
0.000830264
0.000830238
0.000830209
0.000830176
0.00083014
0.000830102
0.000830063
0.000830021
0.000829979
0.000829935
0.000829891
0.000829847
0.000829802
0.000829757
0.000829711
0.000829666
0.000829621
0.000829576
0.000829532
0.000829488
0.000829446
0.000829405
0.000829367
0.000829332
0.000829301
0.000829274
0.000829253
0.000829238
0.00082923
0.000829229
0.000829235
0.000829247
0.000829265
0.000829286
0.00082931
0.000829334
0.000829357
0.000829377
0.000829392
0.000829403
0.000829408
0.00082941
0.00082941
0.000845232
0.000845232
0.00084523
0.000845226
0.000845219
0.000845207
0.000845192
0.000845172
0.000845148
0.00084512
0.000845089
0.000845055
0.000845017
0.000844978
0.000844937
0.000844894
0.000844849
0.000844804
0.000844758
0.000844711
0.000844664
0.000844616
0.000844568
0.00084452
0.000844471
0.000844424
0.000844377
0.00084433
0.000844286
0.000844244
0.000844205
0.000844169
0.000844138
0.000844113
0.000844094
0.000844081
0.000844076
0.000844077
0.000844086
0.0008441
0.000844119
0.000844141
0.000844164
0.000844187
0.000844208
0.000844225
0.000844237
0.000844245
0.000844249
0.00084425
0.00086215
0.00086215
0.000862149
0.000862146
0.00086214
0.00086213
0.000862117
0.0008621
0.000862078
0.000862053
0.000862024
0.000861991
0.000861956
0.000861918
0.000861878
0.000861836
0.000861792
0.000861746
0.0008617
0.000861652
0.000861604
0.000861555
0.000861505
0.000861455
0.000861405
0.000861355
0.000861305
0.000861256
0.000861209
0.000861163
0.00086112
0.000861081
0.000861046
0.000861016
0.000860992
0.000860975
0.000860964
0.000860961
0.000860965
0.000860975
0.00086099
0.000861009
0.000861031
0.000861053
0.000861073
0.000861091
0.000861105
0.000861115
0.000861121
0.000861123
0.000881569
0.000881569
0.000881569
0.000881567
0.000881563
0.000881555
0.000881544
0.00088153
0.000881512
0.000881489
0.000881463
0.000881434
0.000881402
0.000881366
0.000881329
0.000881289
0.000881247
0.000881203
0.000881157
0.000881111
0.000881063
0.000881014
0.000880964
0.000880914
0.000880863
0.000880812
0.000880762
0.000880711
0.000880662
0.000880615
0.000880569
0.000880527
0.000880489
0.000880455
0.000880426
0.000880404
0.000880388
0.00088038
0.000880378
0.000880383
0.000880394
0.000880409
0.000880428
0.000880448
0.000880467
0.000880485
0.0008805
0.00088051
0.000880517
0.000880521
0.000904074
0.000904075
0.000904075
0.000904074
0.000904072
0.000904067
0.000904058
0.000904047
0.000904032
0.000904014
0.000903992
0.000903967
0.000903939
0.000903908
0.000903874
0.000903837
0.000903799
0.000903758
0.000903716
0.000903672
0.000903627
0.00090358
0.000903533
0.000903485
0.000903435
0.000903386
0.000903336
0.000903287
0.000903238
0.00090319
0.000903144
0.0009031
0.000903059
0.000903022
0.00090299
0.000902964
0.000902943
0.000902929
0.000902922
0.000902922
0.000902927
0.000902937
0.000902952
0.000902968
0.000902986
0.000903002
0.000903016
0.000903027
0.000903034
0.000903038
0.000930435
0.000930437
0.000930438
0.000930438
0.000930437
0.000930435
0.000930429
0.000930422
0.000930411
0.000930397
0.00093038
0.00093036
0.000930338
0.000930312
0.000930284
0.000930253
0.00093022
0.000930185
0.000930148
0.00093011
0.00093007
0.000930029
0.000929986
0.000929942
0.000929898
0.000929852
0.000929806
0.00092976
0.000929714
0.000929668
0.000929624
0.00092958
0.00092954
0.000929502
0.000929468
0.000929438
0.000929414
0.000929395
0.000929383
0.000929376
0.000929376
0.000929381
0.00092939
0.000929402
0.000929415
0.000929429
0.00092944
0.000929449
0.000929456
0.000929459
0.000961699
0.000961701
0.000961703
0.000961704
0.000961705
0.000961704
0.000961702
0.000961699
0.000961693
0.000961684
0.000961673
0.00096166
0.000961644
0.000961626
0.000961606
0.000961583
0.000961559
0.000961532
0.000961504
0.000961474
0.000961443
0.00096141
0.000961376
0.000961341
0.000961304
0.000961267
0.000961229
0.00096119
0.00096115
0.00096111
0.00096107
0.000961031
0.000960993
0.000960956
0.000960923
0.000960892
0.000960866
0.000960844
0.000960827
0.000960816
0.000960809
0.000960808
0.000960811
0.000960817
0.000960825
0.000960833
0.00096084
0.000960845
0.000960849
0.000960849
0.000999323
0.000999325
0.000999328
0.000999331
0.000999333
0.000999335
0.000999337
0.000999337
0.000999337
0.000999335
0.000999332
0.000999327
0.000999321
0.000999313
0.000999303
0.000999292
0.000999279
0.000999265
0.000999249
0.000999233
0.000999215
0.000999195
0.000999175
0.000999153
0.00099913
0.000999106
0.00099908
0.000999054
0.000999026
0.000998996
0.000998966
0.000998936
0.000998905
0.000998874
0.000998844
0.000998816
0.00099879
0.000998767
0.000998748
0.000998732
0.000998721
0.000998713
0.000998709
0.000998707
0.000998707
0.000998707
0.000998707
0.000998706
0.000998704
0.000998699
0.00104541
0.00104542
0.00104542
0.00104543
0.00104543
0.00104543
0.00104544
0.00104545
0.00104545
0.00104546
0.00104547
0.00104547
0.00104548
0.00104549
0.00104549
0.0010455
0.0010455
0.0010455
0.00104551
0.00104551
0.00104551
0.00104551
0.00104551
0.00104551
0.00104551
0.00104551
0.0010455
0.00104549
0.00104549
0.00104547
0.00104546
0.00104545
0.00104543
0.00104541
0.00104539
0.00104537
0.00104535
0.00104533
0.00104531
0.00104529
0.00104527
0.00104526
0.00104524
0.00104523
0.00104522
0.00104521
0.0010452
0.00104519
0.00104518
0.00104517
0.00110316
0.00110316
0.00110316
0.00110317
0.00110318
0.00110319
0.0011032
0.00110321
0.00110323
0.00110325
0.00110327
0.00110329
0.00110331
0.00110334
0.00110337
0.0011034
0.00110343
0.00110346
0.00110349
0.00110352
0.00110355
0.00110358
0.00110362
0.00110365
0.00110368
0.00110371
0.00110373
0.00110376
0.00110378
0.0011038
0.00110381
0.00110382
0.00110383
0.00110383
0.00110382
0.00110382
0.00110381
0.00110379
0.00110378
0.00110376
0.00110374
0.00110372
0.0011037
0.00110367
0.00110365
0.00110362
0.0011036
0.00110357
0.00110355
0.00110352
0.00117767
0.00117767
0.00117768
0.00117769
0.0011777
0.00117772
0.00117774
0.00117776
0.00117779
0.00117783
0.00117787
0.00117792
0.00117797
0.00117803
0.00117809
0.00117816
0.00117823
0.0011783
0.00117837
0.00117845
0.00117853
0.00117861
0.00117869
0.00117877
0.00117885
0.00117893
0.00117901
0.00117909
0.00117916
0.00117922
0.00117928
0.00117933
0.00117938
0.00117941
0.00117944
0.00117946
0.00117947
0.00117947
0.00117946
0.00117945
0.00117942
0.00117939
0.00117936
0.00117932
0.00117927
0.00117922
0.00117917
0.00117913
0.00117908
0.00117904
0.00127806
0.00127806
0.00127807
0.00127809
0.00127811
0.00127814
0.00127817
0.00127822
0.00127828
0.00127835
0.00127843
0.00127852
0.00127862
0.00127873
0.00127885
0.00127898
0.00127911
0.00127926
0.00127941
0.00127956
0.00127972
0.00127988
0.00128004
0.00128021
0.00128038
0.00128054
0.0012807
0.00128086
0.00128101
0.00128116
0.00128129
0.00128142
0.00128153
0.00128162
0.0012817
0.00128177
0.00128181
0.00128184
0.00128184
0.00128183
0.0012818
0.00128176
0.0012817
0.00128164
0.00128156
0.00128148
0.0012814
0.00128132
0.00128125
0.00128119
0.00142316
0.00142317
0.00142319
0.00142322
0.00142326
0.00142332
0.00142339
0.00142349
0.0014236
0.00142374
0.00142389
0.00142407
0.00142427
0.00142448
0.00142472
0.00142497
0.00142523
0.00142551
0.0014258
0.0014261
0.00142641
0.00142673
0.00142705
0.00142737
0.0014277
0.00142802
0.00142835
0.00142866
0.00142897
0.00142926
0.00142954
0.0014298
0.00143003
0.00143024
0.00143041
0.00143055
0.00143066
0.00143072
0.00143076
0.00143075
0.00143071
0.00143064
0.00143054
0.00143043
0.0014303
0.00143016
0.00143003
0.00142991
0.00142981
0.00142972
0.00166037
0.0016604
0.00166045
0.00166053
0.00166064
0.00166078
0.00166095
0.00166117
0.00166142
0.00166172
0.00166206
0.00166245
0.00166288
0.00166334
0.00166385
0.00166438
0.00166495
0.00166554
0.00166616
0.00166679
0.00166744
0.00166811
0.00166878
0.00166947
0.00167015
0.00167084
0.00167152
0.00167219
0.00167284
0.00167346
0.00167405
0.0016746
0.0016751
0.00167554
0.00167591
0.00167621
0.00167643
0.00167657
0.00167663
0.00167662
0.00167654
0.00167641
0.00167623
0.00167602
0.00167579
0.00167556
0.00167535
0.00167516
0.00167501
0.0016749
0.00213365
0.00213379
0.00213397
0.00213423
0.00213455
0.00213495
0.00213543
0.00213601
0.00213669
0.00213748
0.00213837
0.00213937
0.00214047
0.00214167
0.00214295
0.0021443
0.00214572
0.0021472
0.00214874
0.00215031
0.00215192
0.00215356
0.00215523
0.0021569
0.00215859
0.00216027
0.00216194
0.00216358
0.00216517
0.00216669
0.00216813
0.00216946
0.00217065
0.00217169
0.00217255
0.00217323
0.00217371
0.00217399
0.00217409
0.00217403
0.00217383
0.00217353
0.00217315
0.00217273
0.00217231
0.00217191
0.00217155
0.00217124
0.00217102
0.00217083
0.00336382
0.00336447
0.00336524
0.0033662
0.00336734
0.0033687
0.00337033
0.00337225
0.00337449
0.00337706
0.00337995
0.00338315
0.00338666
0.00339044
0.00339447
0.00339872
0.00340316
0.00340776
0.00341251
0.00341737
0.00342234
0.00342738
0.00343248
0.00343763
0.00344278
0.00344792
0.003453
0.00345798
0.00346279
0.00346738
0.00347167
0.00347558
0.00347905
0.003482
0.00348439
0.00348619
0.0034874
0.00348803
0.00348812
0.00348783
0.00348724
0.00348644
0.00348555
0.00348468
0.00348388
0.00348318
0.00348255
0.00348198
0.00348149
0.00348095
0.00773942
0.0077432
0.00774719
0.00775184
0.00775708
0.00776316
0.00777027
0.00777855
0.00778813
0.00779904
0.00781129
0.00782484
0.0078396
0.00785547
0.00787233
0.00789006
0.00790853
0.00792764
0.00794729
0.0079674
0.00798788
0.00800867
0.00802968
0.00805082
0.00807199
0.00809304
0.00811379
0.00813402
0.00815348
0.00817187
0.00818886
0.00820414
0.00821741
0.00822841
0.00823698
0.00824307
0.00824677
0.00824835
0.00824819
0.00824677
0.00824464
0.00824236
0.00824039
0.00823901
0.00823821
0.00823772
0.00823691
0.00823536
0.00823281
0.00822953
0.0303501
0.0303792
0.0304099
0.0304417
0.0304749
0.0305116
0.0305534
0.0306017
0.0306572
0.0307203
0.030791
0.0308693
0.0309545
0.0310461
0.0311432
0.0312453
0.0313514
0.0314611
0.0315737
0.0316888
0.0318059
0.0319246
0.0320445
0.0321649
0.0322851
0.0324042
0.032521
0.0326341
0.0327416
0.0328419
0.0329328
0.0330126
0.0330795
0.0331326
0.0331712
0.0331958
0.0332075
0.0332102
0.0332078
0.033201
0.0331945
0.0331932
0.0331989
0.0332119
0.0332293
0.0332459
0.0332525
0.0332437
0.0332112
0.0331745
0.170311
0.170513
0.170763
0.170967
0.171153
0.171336
0.171535
0.171759
0.172016
0.172309
0.172639
0.173006
0.173407
0.17384
0.1743
0.174783
0.175286
0.175804
0.176335
0.176877
0.177427
0.177983
0.178541
0.179099
0.179652
0.180193
0.180717
0.181213
0.181673
0.182088
0.182447
0.182743
0.182972
0.183132
0.183226
0.183264
0.183257
0.183234
0.183228
0.18324
0.183293
0.183421
0.183622
0.183885
0.18417
0.184414
0.184519
0.184425
0.184004
0.183592
0.58333
0.58333
0.58333
0.58333
0.58333
0.58333
0.58333
0.58333
0.58333
0.58333
0.58333
0.58333
0.58333
0.58333
0.58333
0.58333
0.58333
0.58333
0.58333
0.58333
0.58333
0.58333
0.58333
0.58333
0.58333
0.58333
0.58333
0.58333
0.58333
0.58333
0.58333
0.58333
0.58333
0.58333
0.58333
0.58333
0.58333
0.58333
0.58333
0.58333
0.58333
0.58333
0.58333
0.58333
0.58333
0.58333
0.58333
0.58333
0.58333
0.58333
0.58333
0.58333
0.58333
0.58333
0.58333
0.58333
0.58333
0.58333
0.58333
0.58333
0.58333
0.58333
0.58333
0.58333
0.58333
0.58333
0.58333
0.58333
0.58333
0.58333
0.58333
0.58333
0.58333
0.58333
0.58333
0.58333
0.58333
0.58333
0.58333
0.58333
0.58333
0.58333
0.58333
0.58333
0.58333
0.58333
0.58333
0.58333
0.58333
0.58333
0.58333
0.58333
0.58333
0.58333
0.58333
0.58333
0.58333
0.58333
0.58333
0.58333
0.58333
0.58333
0.58333
0.58333
0.58333
0.58333
0.58333
0.58333
0.58333
0.58333
0.58333
0.58333
0.58333
0.58333
0.58333
0.58333
0.58333
0.58333
0.58333
0.58333
0.58333
0.58333
0.58333
0.58333
0.58333
0.58333
0.58333
0.58333
0.58333
0.58333
0.58333
0.58333
0.58333
0.58333
0.58333
0.58333
0.58333
0.58333
0.58333
0.58333
0.58333
0.58333
0.58333
0.58333
0.58333
0.58333
0.58333
0.58333
0.58333
0.58333
0.58333
0.58333
0.58333
0.58333
0.58333
0.58333
0.58333
0.58333
0.58333
0.58333
0.58333
0.58333
0.58333
0.58333
0.58333
0.58333
0.58333
0.58333
0.58333
0.58333
0.58333
0.58333
0.58333
0.58333
0.58333
0.58333
0.58333
0.58333
0.58333
0.58333
0.58333
0.58333
0.58333
0.58333
0.58333
0.58333
0.58333
0.58333
0.58333
0.58333
0.58333
0.58333
0.58333
0.58333
0.58333
0.58333
0.58333
0.58333
0.58333
0.58333
0.58333
0.58333
0.58333
0.58333
0.58333
0.58333
0.58333
0.58333
0.58333
0.58333
0.58333
0.58333
0.58333
0.58333
0.58333
0.58333
0.58333
0.58333
0.58333
0.58333
0.58333
0.58333
0.58333
0.58333
0.58333
0.58333
0.58333
0.58333
0.58333
0.58333
0.58333
0.58333
0.58333
0.58333
0.58333
0.58333
0.58333
0.58333
0.58333
0.58333
0.58333
0.58333
0.58333
0.58333
0.58333
0.58333
0.58333
0.58333
0.58333
0.58333
0.58333
0.58333
0.58333
0.58333
0.58333
0.58333
0.58333
0.58333
0.58333
0.58333
0.58333
0.58333
0.58333
0.58333
0.58333
0.58333
0.58333
0.58333
0.58333
0.58333
0.58333
0.58333
0.58333
0.58333
0.58333
0.58333
0.58333
0.58333
0.58333
0.58333
0.58333
0.58333
0.58333
0.58333
0.58333
0.58333
0.58333
0.58333
0.58333
0.58333
0.58333
0.58333
0.58333
0.58333
0.58333
0.58333
0.58333
0.58333
0.58333
0.58333
0.000736494
0.000736494
0.00073649
0.000736478
0.000736458
0.000736424
0.000736378
0.000736317
0.000736242
0.000736154
0.000736051
0.000735934
0.000735801
0.000735649
0.000735477
0.000735283
0.000735063
0.000734817
0.000734542
0.000734236
0.000733901
0.000733535
0.000733138
0.000732711
0.000732253
0.000731767
0.00073126
0.000730741
0.000730227
0.000729738
0.000729294
0.000728919
0.000728631
0.000728439
0.000728338
0.000728331
0.000728424
0.000728622
0.000728919
0.000729313
0.00072979
0.000730335
0.000730931
0.000731563
0.000732216
0.000732882
0.000733537
0.000734229
0.000734763
0.000735772
0.000668415
0.000668415
0.000668415
0.000668414
0.000668411
0.000668406
0.000668397
0.000668384
0.000668367
0.000668345
0.000668316
0.000668281
0.000668237
0.000668183
0.000668118
0.00066804
0.000667949
0.000667844
0.000667725
0.000667591
0.000667443
0.000667283
0.00066711
0.000666928
0.000666738
0.000666545
0.000666351
0.000666164
0.000665989
0.000665832
0.000665699
0.000665595
0.000665523
0.000665486
0.000665486
0.00066552
0.000665588
0.00066569
0.000665821
0.000665978
0.000666155
0.00066635
0.000666562
0.000666789
0.00066703
0.000667281
0.000667534
0.000667815
0.000668011
0.000668435
0.000699629
0.000699631
0.000699642
0.00069966
0.000699684
0.000699711
0.000699739
0.000699765
0.00069979
0.000699812
0.000699829
0.00069984
0.000699842
0.000699836
0.000699822
0.0006998
0.000699771
0.000699739
0.000699704
0.00069967
0.000699639
0.000699616
0.000699604
0.000699608
0.000699633
0.000699683
0.000699761
0.000699866
0.000699997
0.000700145
0.000700303
0.000700459
0.000700605
0.000700733
0.000700842
0.000700933
0.000701
0.000701037
0.000701042
0.000701011
0.000700951
0.000700874
0.000700792
0.000700711
0.000700644
0.000700581
0.000700538
0.000700523
0.000700437
0.000700445
0.000776489
0.000776533
0.000776613
0.000776688
0.000776755
0.000776811
0.000776859
0.000776905
0.000776949
0.000776994
0.000777039
0.00077709
0.000777154
0.000777237
0.000777349
0.000777498
0.00077769
0.000777937
0.000778245
0.00077862
0.000779068
0.00077959
0.000780189
0.000780862
0.000781605
0.000782407
0.00078325
0.00078411
0.000784956
0.000785752
0.000786462
0.000787052
0.000787496
0.000787781
0.000787902
0.000787859
0.000787651
0.000787283
0.000786774
0.000786157
0.000785461
0.000784707
0.000783903
0.000783052
0.000782187
0.00078126
0.000780399
0.000779415
0.000778666
0.000777193
0.000966384
0.000966852
0.000967121
0.000967227
0.000967214
0.000967171
0.000967131
0.000967133
0.000967169
0.000967265
0.000967438
0.000967722
0.000968145
0.000968735
0.000969512
0.000970499
0.000971711
0.000973156
0.000974838
0.000976751
0.000978885
0.000981219
0.000983726
0.000986369
0.000989099
0.000991856
0.000994568
0.000997153
0.000999522
0.00100158
0.00100324
0.00100444
0.00100513
0.0010053
0.00100495
0.00100411
0.00100279
0.00100104
0.000998949
0.000996597
0.000994045
0.000991274
0.000988335
0.00098518
0.000981926
0.000978518
0.000975234
0.000971284
0.000969177
0.000962842
0.00147506
0.00147838
0.00147791
0.00147734
0.00147639
0.00147583
0.00147543
0.00147544
0.00147574
0.00147652
0.00147779
0.00147969
0.0014822
0.00148541
0.00148932
0.00149396
0.00149929
0.0015053
0.00151193
0.00151911
0.00152673
0.0015347
0.00154287
0.00155111
0.00155924
0.00156709
0.00157446
0.00158113
0.0015869
0.00159158
0.00159499
0.00159703
0.00159765
0.00159684
0.00159455
0.00159083
0.00158589
0.00157989
0.00157304
0.00156531
0.00155694
0.00154762
0.00153795
0.00152742
0.00151656
0.00150587
0.00149444
0.00148206
0.00147559
0.00145408
0.00298079
0.00300096
0.00299028
0.0029863
0.00298083
0.00297911
0.00297832
0.00298008
0.0029835
0.00298951
0.00299776
0.0030085
0.00302159
0.00303703
0.00305465
0.00307436
0.00309592
0.00311903
0.00314337
0.00316858
0.00319428
0.00322006
0.00324546
0.00327
0.00329313
0.00331431
0.003333
0.00334872
0.00336112
0.00336995
0.00337519
0.003377
0.00337519
0.00336984
0.00336123
0.00334911
0.00333333
0.00331407
0.00329235
0.00326744
0.00324086
0.00321033
0.00317946
0.00314544
0.00310935
0.00307696
0.00303688
0.0029999
0.00297516
0.00291248
0.00787297
0.00803796
0.00796307
0.00794154
0.00791488
0.0079117
0.00791496
0.00793239
0.00796006
0.00799913
0.00804736
0.00810519
0.00817095
0.00824433
0.00832372
0.0084079
0.00849522
0.00858428
0.00867342
0.00876123
0.00884635
0.00892749
0.00900322
0.00907196
0.00913208
0.00918218
0.00922106
0.00924821
0.00926429
0.00927083
0.00926944
0.00926114
0.00925292
0.0092376
0.00920329
0.00915884
0.00911089
0.00905489
0.00899122
0.00891291
0.00882832
0.0087264
0.0086233
0.00851768
0.00838933
0.00829673
0.00816724
0.00805176
0.00798105
0.00800503
0.0296254
0.02673
0.0263627
0.026038
0.0259244
0.0259195
0.0259884
0.0261149
0.0262963
0.0265346
0.0268193
0.0271443
0.0274973
0.0278701
0.0282525
0.0286387
0.0290165
0.0293772
0.0297122
0.0300163
0.0302848
0.0305139
0.0306971
0.0308265
0.030893
0.0308895
0.0308154
0.0306807
0.030504
0.0303095
0.0301226
0.0299851
0.0298173
0.0297066
0.0297107
0.0296579
0.0295652
0.0294596
0.0293446
0.0291675
0.0289736
0.0287098
0.0284033
0.0282135
0.027738
0.0275932
0.0274075
0.0270657
0.0273954
0.0318568
0.389563
0.108496
0.107069
0.100379
0.0998471
0.0993142
0.0999651
0.100828
0.102323
0.104049
0.106116
0.108365
0.110729
0.113119
0.115404
0.117495
0.119276
0.12067
0.121605
0.122067
0.122057
0.121596
0.120667
0.11925
0.117333
0.114967
0.112289
0.109499
0.106827
0.104487
0.102638
0.101244
0.101451
0.101554
0.10067
0.100641
0.10112
0.101763
0.102466
0.102751
0.102828
0.102735
0.101845
0.10337
0.10169
0.102991
0.107833
0.107628
0.115108
0.205917
0.58333
0.58333
0.58333
0.476955
0.476312
0.459837
0.468438
0.471393
0.48625
0.504243
0.529252
0.557883
0.58333
0.58333
0.58333
0.58333
0.58333
0.58333
0.58333
0.58333
0.58333
0.546847
0.509257
0.471954
0.435627
0.401263
0.369933
0.342491
0.319507
0.301177
0.287484
0.279125
0.269894
0.268667
0.276227
0.279987
0.285577
0.293297
0.302798
0.311795
0.319255
0.328937
0.32725
0.349196
0.346074
0.344386
0.404768
0.403168
0.297367
0.320507
0.58333
0.58333
0.58333
0.58333
0.58333
0.58333
0.58333
0.58333
0.58333
0.58333
0.58333
0.58333
0.58333
0.58333
0.58333
0.58333
0.58333
0.58333
0.58333
0.58333
0.58333
0.58333
0.58333
0.58333
0.58333
0.58333
0.58333
0.544479
0.514437
0.493262
0.479842
0.474809
0.485619
0.49615
0.489477
0.498666
0.512221
0.529173
0.546422
0.562343
0.565605
0.58333
0.560823
0.58333
0.58333
0.510512
0.530188
0.482021
0.303322
0.256645
0.58333
0.58333
0.58333
0.58333
0.58333
0.58333
0.58333
0.58333
0.58333
0.58333
0.58333
0.58333
0.58333
0.58333
0.58333
0.58333
0.58333
0.58333
0.58333
0.58333
0.58333
0.58333
0.58333
0.58333
0.58333
0.58333
0.58333
0.58333
0.58333
0.58333
0.58333
0.580367
0.566192
0.569377
0.58333
0.58333
0.58333
0.58333
0.58333
0.58333
0.58333
0.58333
0.58333
0.58333
0.58333
0.582476
0.559524
0.491946
0.328707
0.275164
0.58333
0.58333
0.58333
0.58333
0.58333
0.58333
0.58333
0.58333
0.58333
0.58333
0.58333
0.58333
0.58333
0.58333
0.58333
0.58333
0.58333
0.58333
0.58333
0.58333
0.58333
0.58333
0.58333
0.58333
0.58333
0.58333
0.58333
0.58333
0.58333
0.58333
0.58333
0.58333
0.58333
0.58333
0.58333
0.58333
0.58333
0.58333
0.58333
0.58333
0.58333
0.58333
0.58333
0.58333
0.58333
0.58333
0.58333
0.516443
0.370034
0.31402
0.58333
0.58333
0.58333
0.58333
0.58333
0.58333
0.58333
0.58333
0.58333
0.58333
0.58333
0.58333
0.58333
0.58333
0.58333
0.58333
0.58333
0.58333
0.58333
0.58333
0.58333
0.58333
0.58333
0.58333
0.58333
0.58333
0.58333
0.58333
0.58333
0.58333
0.58333
0.58333
0.58333
0.58333
0.58333
0.58333
0.58333
0.58333
0.58333
0.58333
0.58333
0.58333
0.58333
0.58333
0.58333
0.58333
0.58333
0.549771
0.418247
0.363893
0.58333
0.58333
0.58333
0.58333
0.58333
0.58333
0.58333
0.58333
0.58333
0.58333
0.58333
0.58333
0.58333
0.58333
0.58333
0.58333
0.58333
0.58333
0.58333
0.58333
0.58333
0.58333
0.58333
0.58333
0.58333
0.58333
0.58333
0.58333
0.58333
0.58333
0.58333
0.58333
0.58333
0.58333
0.58333
0.58333
0.58333
0.58333
0.58333
0.58333
0.58333
0.58333
0.58333
0.58333
0.58333
0.58333
0.58333
0.58333
0.46893
0.530298
0.58333
0.58333
0.58333
0.58333
0.58333
0.58333
0.58333
0.58333
0.58333
0.58333
0.58333
0.58333
0.58333
0.58333
0.58333
0.58333
0.58333
0.58333
0.58333
0.58333
0.58333
0.58333
0.58333
0.58333
0.58333
0.58333
0.58333
0.58333
0.58333
0.58333
0.58333
0.58333
0.58333
0.58333
0.58333
0.58333
0.58333
0.58333
0.58333
0.58333
0.58333
0.58333
0.58333
0.58333
0.58333
0.58333
0.58333
0.58333
0.505645
0.509247
0.58333
0.58333
0.58333
0.58333
0.58333
0.58333
0.58333
0.58333
0.58333
0.58333
0.58333
0.58333
0.58333
0.58333
0.58333
0.58333
0.58333
0.58333
0.58333
0.58333
0.58333
0.58333
0.58333
0.58333
0.58333
0.58333
0.58333
0.58333
0.58333
0.58333
0.58333
0.58333
0.58333
0.58333
0.58333
0.58333
0.58333
0.58333
0.58333
0.58333
0.58333
0.58333
0.58333
0.58333
0.58333
0.58333
0.58333
0.58333
0.573674
0.444637
0.58333
0.58333
0.58333
0.58333
0.58333
0.58333
0.58333
0.58333
0.58333
0.58333
0.58333
0.58333
0.58333
0.58333
0.58333
0.58333
0.58333
0.58333
0.58333
0.58333
0.58333
0.58333
0.58333
0.58333
0.58333
0.58333
0.58333
0.58333
0.58333
0.58333
0.58333
0.58333
0.58333
0.58333
0.58333
0.58333
0.58333
0.58333
0.58333
0.58333
0.58333
0.58333
0.58333
0.58333
0.58333
0.58333
0.58333
0.58333
0.58333
0.58333
0.58333
0.58333
0.58333
0.58333
0.58333
0.58333
0.58333
0.58333
0.58333
0.58333
0.58333
0.58333
0.58333
0.58333
0.58333
0.58333
0.58333
0.58333
0.58333
0.58333
0.58333
0.58333
0.58333
0.58333
0.58333
0.58333
0.58333
0.58333
0.58333
0.58333
0.58333
0.58333
0.58333
0.58333
0.58333
0.58333
0.58333
0.58333
0.58333
0.58333
0.58333
0.58333
0.58333
0.58333
0.58333
0.58333
0.58333
0.58333
0.58333
0.58333
0.58333
0.58333
0.58333
0.58333
0.58333
0.58333
0.58333
0.58333
0.58333
0.58333
0.58333
0.58333
0.58333
0.58333
0.58333
0.58333
0.58333
0.58333
0.58333
0.58333
0.58333
0.58333
0.58333
0.58333
0.58333
0.58333
0.58333
0.58333
0.58333
0.58333
0.58333
0.58333
0.58333
0.58333
0.58333
0.58333
0.58333
0.58333
0.58333
0.58333
0.58333
0.58333
0.58333
0.58333
0.58333
0.58333
0.58333
0.58333
0.58333
0.58333
0.58333
0.58333
0.58333
0.58333
0.58333
0.58333
0.58333
0.58333
0.58333
0.58333
0.58333
0.58333
0.58333
0.58333
0.58333
0.58333
0.58333
0.58333
0.58333
0.58333
0.58333
0.58333
0.58333
0.58333
0.58333
0.58333
0.58333
0.58333
0.58333
0.58333
0.58333
0.58333
0.58333
0.58333
0.58333
0.58333
0.58333
0.58333
0.58333
0.58333
0.58333
0.58333
0.58333
0.58333
0.58333
0.58333
0.58333
0.58333
0.58333
0.58333
0.58333
0.58333
0.58333
0.58333
0.58333
0.58333
0.58333
0.58333
0.58333
0.58333
0.58333
0.58333
0.58333
0.58333
0.58333
0.58333
0.58333
0.58333
0.58333
0.58333
0.58333
0.58333
0.58333
0.58333
0.58333
0.58333
0.58333
0.58333
0.58333
0.58333
0.58333
0.58333
0.58333
0.58333
0.58333
0.58333
0.58333
0.58333
0.58333
0.58333
0.58333
0.58333
0.58333
0.58333
0.58333
0.58333
0.58333
0.58333
0.58333
0.58333
0.58333
0.58333
0.58333
0.58333
0.58333
0.58333
0.58333
0.58333
0.58333
0.58333
0.58333
0.58333
0.58333
0.58333
0.58333
0.58333
0.58333
0.58333
0.58333
0.58333
0.58333
0.58333
0.58333
0.58333
0.58333
0.58333
0.58333
0.58333
0.58333
0.58333
0.58333
0.58333
0.58333
0.58333
0.58333
0.58333
0.58333
0.58333
0.58333
0.58333
0.58333
0.58333
0.58333
0.58333
0.58333
0.58333
0.58333
0.58333
0.58333
0.58333
0.58333
0.58333
0.58333
0.58333
0.58333
0.58333
0.58333
0.58333
0.58333
0.58333
0.58333
0.58333
0.58333
0.58333
0.58333
0.58333
0.58333
0.58333
0.58333
0.58333
0.58333
0.58333
0.58333
0.58333
0.58333
0.58333
0.58333
0.58333
0.58333
0.58333
0.58333
0.58333
0.58333
0.58333
0.58333
0.58333
0.58333
0.58333
0.58333
0.58333
0.58333
0.58333
0.58333
0.58333
0.58333
0.58333
0.58333
0.58333
0.58333
0.58333
0.58333
0.58333
0.58333
0.58333
0.58333
0.58333
0.58333
0.58333
0.58333
0.58333
0.58333
0.58333
0.58333
0.58333
0.58333
0.58333
0.58333
0.58333
0.58333
0.58333
0.58333
0.58333
0.58333
0.58333
0.58333
0.58333
0.58333
0.58333
0.58333
0.58333
0.58333
0.58333
0.58333
0.58333
0.58333
0.58333
0.58333
0.58333
0.58333
0.58333
0.58333
0.58333
0.58333
0.58333
0.58333
0.58333
0.58333
0.58333
0.58333
0.58333
0.58333
0.58333
0.58333
0.58333
0.58333
0.58333
0.58333
0.58333
0.58333
0.58333
0.58333
0.58333
0.58333
0.58333
0.58333
0.58333
0.58333
0.58333
0.58333
0.58333
0.58333
0.58333
0.58333
0.58333
0.58333
0.58333
0.58333
0.58333
0.58333
0.58333
0.58333
0.58333
0.58333
0.58333
0.58333
0.58333
0.58333
0.58333
0.58333
0.58333
0.58333
0.58333
0.58333
0.58333
0.58333
0.58333
0.58333
0.58333
0.58333
0.58333
0.58333
0.58333
0.58333
0.58333
0.58333
0.58333
0.58333
0.58333
0.58333
0.58333
0.58333
0.58333
0.58333
0.58333
0.58333
0.58333
0.58333
0.58333
0.58333
0.58333
0.58333
0.58333
0.58333
0.58333
0.58333
0.58333
0.58333
0.58333
0.58333
0.58333
0.58333
0.58333
0.58333
0.58333
0.58333
0.58333
0.58333
0.58333
0.58333
0.58333
0.58333
0.58333
0.58333
0.58333
0.58333
0.58333
0.58333
0.58333
0.58333
0.58333
0.58333
0.58333
0.58333
0.58333
0.58333
0.58333
0.58333
0.58333
0.58333
0.58333
0.58333
0.58333
0.58333
0.58333
0.58333
0.58333
0.58333
0.58333
0.58333
0.58333
0.58333
0.58333
0.58333
0.58333
0.58333
0.58333
0.58333
0.58333
0.58333
0.58333
0.58333
0.58333
0.58333
0.58333
0.58333
0.58333
0.58333
0.58333
0.58333
0.58333
0.58333
0.58333
0.58333
0.58333
0.58333
0.58333
0.58333
0.58333
0.58333
0.58333
0.58333
0.58333
0.58333
0.58333
0.58333
0.58333
0.58333
0.58333
0.58333
0.58333
0.58333
0.58333
0.58333
0.58333
0.58333
0.58333
0.58333
0.58333
0.58333
0.58333
0.58333
0.58333
0.58333
0.58333
0.58333
0.58333
0.58333
0.58333
0.58333
0.58333
0.58333
0.58333
0.58333
0.58333
0.58333
0.58333
0.58333
0.58333
0.58333
0.58333
0.58333
0.58333
0.58333
0.58333
0.58333
0.58333
0.58333
0.58333
0.58333
0.58333
0.58333
0.58333
0.58333
0.58333
0.58333
0.58333
0.58333
0.58333
0.58333
0.58333
0.58333
0.58333
0.58333
0.58333
0.58333
0.58333
0.58333
0.58333
0.58333
0.58333
0.58333
0.58333
0.58333
0.58333
0.58333
0.58333
0.58333
0.58333
0.58333
0.58333
0.58333
0.58333
0.58333
0.58333
0.58333
0.58333
0.58333
0.58333
0.58333
0.58333
0.58333
0.58333
0.58333
0.58333
0.58333
0.58333
0.58333
0.58333
0.58333
0.58333
0.58333
0.58333
0.58333
0.58333
0.58333
0.58333
0.58333
0.58333
0.58333
0.58333
0.58333
0.58333
0.58333
0.58333
0.58333
0.58333
0.58333
0.58333
0.58333
0.58333
0.58333
0.58333
0.58333
0.58333
0.58333
0.58333
0.58333
0.58333
0.58333
0.58333
0.58333
0.58333
0.58333
0.58333
0.58333
0.58333
0.58333
0.58333
0.58333
0.58333
0.58333
0.58333
0.58333
0.58333
0.58333
0.58333
0.58333
0.58333
0.58333
0.58333
0.58333
0.58333
0.58333
0.58333
0.58333
0.58333
0.58333
0.58333
0.58333
0.58333
0.58333
0.58333
0.58333
0.58333
0.58333
0.58333
0.58333
0.58333
0.58333
0.58333
0.58333
0.58333
0.58333
0.58333
0.58333
0.58333
0.58333
0.58333
0.58333
0.58333
0.58333
0.58333
0.58333
0.58333
0.58333
0.58333
0.58333
0.58333
0.58333
0.58333
0.58333
0.58333
0.58333
0.58333
0.58333
0.58333
0.58333
0.58333
0.58333
0.58333
0.58333
0.58333
0.58333
0.58333
0.58333
0.58333
0.58333
0.58333
0.58333
0.58333
0.58333
0.58333
0.58333
0.58333
0.58333
0.58333
0.58333
0.58333
0.58333
0.58333
0.58333
0.58333
0.58333
0.58333
0.58333
0.58333
0.58333
0.58333
0.58333
0.58333
0.58333
0.58333
0.58333
0.58333
0.58333
0.58333
0.58333
0.58333
0.58333
0.58333
0.58333
0.58333
0.58333
0.58333
0.58333
0.58333
0.58333
0.58333
0.58333
0.58333
0.58333
0.58333
0.58333
0.58333
0.58333
0.58333
0.58333
0.58333
0.58333
0.58333
0.58333
0.58333
0.58333
0.58333
0.58333
0.58333
0.58333
0.58333
0.58333
0.58333
0.58333
0.58333
0.58333
0.58333
0.58333
0.58333
0.58333
0.58333
0.58333
0.58333
0.58333
0.58333
0.58333
0.58333
0.58333
0.58333
0.58333
0.58333
0.58333
0.58333
0.58333
0.58333
0.58333
0.58333
0.58333
0.58333
0.58333
0.58333
0.58333
0.58333
)
;

boundaryField
{
    inlet_water
    {
        type            calculated;
        value           nonuniform List<scalar> 
25
(
0.000830331
0.000845232
0.000862149
0.000881568
0.000904073
0.000930435
0.000961698
0.000999322
0.00104541
0.00110315
0.00117767
0.00127805
0.00142315
0.00166035
0.00213362
0.00336369
0.00773859
0.0303376
0.169948
0.58333
0.58333
0.58333
0.58333
0.58333
0.58333
)
;
    }
    inlet_air
    {
        type            calculated;
        value           nonuniform List<scalar> 
35
(
0.000736494
0.000668415
0.000699629
0.00077649
0.000966389
0.00147515
0.00298162
0.00788276
0.0298347
0.432553
0.58333
0.58333
0.58333
0.58333
0.58333
0.58333
0.58333
0.58333
0.58333
0.58333
0.58333
0.58333
0.58333
0.58333
0.58333
0.58333
0.58333
0.58333
0.58333
0.58333
0.58333
0.58333
0.58333
0.58333
0.58333
)
;
    }
    outlet_water
    {
        type            calculated;
        value           nonuniform List<scalar> 
25
(
0.00082941
0.00084425
0.000861123
0.000880521
0.000903037
0.000929458
0.000960847
0.000998696
0.00104516
0.00110351
0.00117903
0.00128117
0.0014297
0.00167486
0.00217074
0.00348066
0.00822764
0.0331445
0.182733
0.58333
0.58333
0.58333
0.58333
0.58333
0.58333
)
;
    }
    outlet_air
    {
        type            calculated;
        value           nonuniform List<scalar> 
35
(
0.000735773
0.000668436
0.000700435
0.000777158
0.000962674
0.00145324
0.00290649
0.00795273
0.0310692
0.189547
0.459604
0.321326
0.33829
0.386296
0.450562
0.58333
0.58333
0.539065
0.58333
0.58333
0.58333
0.58333
0.58333
0.58333
0.58333
0.58333
0.58333
0.58333
0.58333
0.58333
0.58333
0.58333
0.58333
0.58333
0.58333
)
;
    }
    lowerWall
    {
        type            calculated;
        value           nonuniform List<scalar> 
50
(
0.000823511
0.000823511
0.000823508
0.000823503
0.000823493
0.00082348
0.000823462
0.00082344
0.000823414
0.000823384
0.000823351
0.000823315
0.000823277
0.000823237
0.000823196
0.000823154
0.000823111
0.000823068
0.000823024
0.000822981
0.000822937
0.000822893
0.00082285
0.000822806
0.000822763
0.00082272
0.000822679
0.000822638
0.0008226
0.000822564
0.00082253
0.000822501
0.000822477
0.000822458
0.000822445
0.000822439
0.00082244
0.000822447
0.000822461
0.00082248
0.000822502
0.000822527
0.000822551
0.000822574
0.000822593
0.000822608
0.000822617
0.000822621
0.000822622
0.000822622
)
;
    }
    atmosphere
    {
        type            calculated;
        value           uniform 0.58333;
    }
    defaultFaces
    {
        type            empty;
    }
}


// ************************************************************************* //
