/*--------------------------------*- C++ -*----------------------------------*\
  =========                 |
  \\      /  F ield         | OpenFOAM: The Open Source CFD Toolbox
   \\    /   O peration     | Website:  https://openfoam.org
    \\  /    A nd           | Version:  8
     \\/     M anipulation  |
\*---------------------------------------------------------------------------*/
FoamFile
{
    version     2.0;
    format      ascii;
    class       volScalarField;
    location    "28497";
    object      p;
}
// * * * * * * * * * * * * * * * * * * * * * * * * * * * * * * * * * * * * * //

dimensions      [1 -1 -2 0 0 0 0];

internalField   nonuniform List<scalar> 
3000
(
484.625
484.664
484.698
484.73
484.758
484.786
484.815
484.847
484.882
484.922
484.965
485.012
485.06
485.109
485.159
485.207
485.253
485.298
485.34
485.379
485.416
485.45
485.482
485.511
485.539
485.565
485.589
485.612
485.635
485.657
485.68
485.704
485.73
485.758
485.79
485.823
485.858
485.895
485.93
485.964
485.993
486.017
486.031
486.038
486.034
486.023
486.005
485.983
485.956
485.931
464.817
464.857
464.89
464.921
464.949
464.976
465.004
465.035
465.07
465.109
465.152
465.198
465.246
465.295
465.344
465.392
465.438
465.482
465.524
465.564
465.6
465.634
465.666
465.696
465.724
465.75
465.774
465.798
465.821
465.843
465.867
465.892
465.918
465.948
465.98
466.014
466.051
466.088
466.125
466.159
466.189
466.213
466.227
466.233
466.229
466.218
466.198
466.175
466.148
466.123
445.01
445.05
445.083
445.113
445.14
445.167
445.194
445.224
445.258
445.297
445.339
445.385
445.432
445.481
445.529
445.577
445.624
445.668
445.71
445.749
445.786
445.82
445.852
445.881
445.909
445.935
445.96
445.984
446.007
446.03
446.054
446.079
446.107
446.137
446.17
446.205
446.243
446.281
446.319
446.354
446.385
446.409
446.423
446.429
446.424
446.412
446.392
446.367
446.34
446.314
425.203
425.244
425.276
425.306
425.332
425.358
425.384
425.413
425.447
425.485
425.526
425.572
425.619
425.667
425.715
425.763
425.809
425.853
425.895
425.934
425.971
426.005
426.037
426.067
426.095
426.121
426.146
426.169
426.193
426.216
426.241
426.267
426.295
426.326
426.36
426.396
426.435
426.474
426.513
426.549
426.58
426.605
426.619
426.625
426.62
426.606
426.585
426.56
426.531
426.505
405.398
405.438
405.47
405.499
405.524
405.549
405.574
405.603
405.636
405.673
405.714
405.759
405.805
405.854
405.902
405.949
405.995
406.039
406.081
406.12
406.156
406.19
406.222
406.252
406.28
406.306
406.331
406.355
406.379
406.402
406.427
406.454
406.483
406.514
406.549
406.586
406.626
406.667
406.706
406.744
406.776
406.801
406.816
406.821
406.815
406.801
406.779
406.752
406.722
406.696
385.593
385.634
385.665
385.693
385.718
385.741
385.766
385.794
385.825
385.862
385.902
385.946
385.993
386.04
386.088
386.135
386.181
386.225
386.266
386.305
386.342
386.376
386.408
386.437
386.465
386.491
386.517
386.541
386.565
386.588
386.614
386.64
386.67
386.702
386.738
386.776
386.817
386.858
386.899
386.938
386.971
386.997
387.012
387.018
387.012
386.997
386.973
386.945
386.913
386.886
365.789
365.831
365.861
365.888
365.912
365.934
365.958
365.985
366.015
366.051
366.091
366.134
366.18
366.227
366.275
366.322
366.367
366.411
366.452
366.491
366.527
366.561
366.593
366.623
366.651
366.677
366.702
366.726
366.75
366.774
366.8
366.827
366.857
366.889
366.926
366.965
367.007
367.05
367.092
367.132
367.166
367.192
367.209
367.214
367.208
367.193
367.168
367.138
367.104
367.076
345.986
346.028
346.058
346.084
346.106
346.128
346.15
346.176
346.206
346.241
346.28
346.323
346.368
346.415
346.462
346.508
346.554
346.597
346.638
346.677
346.713
346.747
346.779
346.808
346.836
346.862
346.888
346.912
346.936
346.96
346.985
347.013
347.043
347.076
347.113
347.153
347.196
347.24
347.284
347.325
347.36
347.388
347.405
347.412
347.405
347.389
347.363
347.33
347.294
347.265
326.184
326.227
326.256
326.281
326.302
326.323
326.344
326.369
326.397
326.431
326.47
326.512
326.556
326.603
326.649
326.695
326.74
326.783
326.824
326.863
326.899
326.933
326.965
326.994
327.022
327.048
327.073
327.097
327.121
327.145
327.171
327.198
327.228
327.262
327.299
327.34
327.384
327.43
327.475
327.518
327.555
327.584
327.602
327.609
327.603
327.586
327.558
327.523
327.484
327.453
306.384
306.427
306.455
306.478
306.499
306.518
306.538
306.562
306.589
306.622
306.66
306.701
306.745
306.791
306.837
306.883
306.927
306.97
307.011
307.049
307.086
307.119
307.151
307.18
307.208
307.234
307.259
307.283
307.307
307.331
307.356
307.383
307.414
307.447
307.485
307.527
307.572
307.618
307.665
307.71
307.749
307.78
307.799
307.807
307.801
307.783
307.753
307.716
307.674
307.641
286.585
286.628
286.655
286.677
286.696
286.714
286.733
286.755
286.782
286.814
286.85
286.891
286.934
286.979
287.025
287.07
287.115
287.157
287.198
287.236
287.272
287.306
287.338
287.367
287.395
287.42
287.445
287.469
287.492
287.516
287.541
287.568
287.598
287.632
287.67
287.712
287.758
287.806
287.855
287.902
287.943
287.976
287.997
288.005
287.999
287.98
287.949
287.909
287.863
287.827
266.788
266.831
266.856
266.877
266.894
266.911
266.929
266.95
266.975
267.006
267.042
267.081
267.124
267.168
267.214
267.259
267.303
267.345
267.386
267.424
267.46
267.493
267.525
267.554
267.581
267.607
267.631
267.655
267.678
267.701
267.726
267.752
267.782
267.816
267.854
267.897
267.944
267.994
268.044
268.093
268.136
268.171
268.194
268.204
268.198
268.178
268.145
268.102
268.051
268.011
246.993
247.035
247.058
247.077
247.094
247.109
247.125
247.145
247.169
247.199
247.233
247.272
247.314
247.358
247.402
247.447
247.491
247.533
247.573
247.611
247.647
247.68
247.712
247.741
247.768
247.793
247.818
247.841
247.863
247.886
247.91
247.936
247.966
248
248.038
248.081
248.129
248.18
248.233
248.284
248.329
248.367
248.392
248.403
248.397
248.377
248.341
248.295
248.238
248.194
227.199
227.24
227.26
227.279
227.294
227.308
227.322
227.341
227.363
227.392
227.425
227.463
227.504
227.547
227.592
227.636
227.679
227.721
227.761
227.799
227.835
227.868
227.899
227.928
227.955
227.98
228.004
228.027
228.049
228.071
228.095
228.12
228.149
228.183
228.221
228.265
228.313
228.366
228.42
228.474
228.522
228.562
228.589
228.601
228.596
228.575
228.537
228.487
228.425
228.375
207.408
207.447
207.464
207.481
207.495
207.507
207.52
207.537
207.559
207.586
207.618
207.655
207.696
207.738
207.782
207.826
207.869
207.911
207.951
207.988
208.024
208.057
208.089
208.117
208.144
208.169
208.193
208.215
208.236
208.258
208.281
208.305
208.334
208.367
208.405
208.449
208.498
208.551
208.608
208.664
208.715
208.758
208.787
208.8
208.796
208.774
208.734
208.68
208.611
208.553
187.619
187.656
187.671
187.686
187.698
187.709
187.721
187.736
187.756
187.782
187.813
187.849
187.888
187.931
187.974
188.017
188.06
188.102
188.142
188.179
188.215
188.248
188.279
188.308
188.334
188.358
188.381
188.402
188.423
188.443
188.465
188.489
188.516
188.548
188.587
188.631
188.681
188.736
188.795
188.855
188.909
188.954
188.985
189
188.995
188.972
188.929
188.871
188.796
188.728
167.84
167.879
167.894
167.908
167.917
167.924
167.93
167.941
167.957
167.979
168.007
168.041
168.078
168.118
168.16
168.202
168.243
168.283
168.321
168.357
168.391
168.422
168.45
168.476
168.499
168.519
168.538
168.555
168.571
168.588
168.605
168.626
168.652
168.684
168.723
168.772
168.829
168.896
168.963
169.029
169.093
169.146
169.182
169.197
169.189
169.159
169.106
169.04
168.957
168.91
148.109
148.184
148.194
148.201
148.194
148.183
148.172
148.165
148.164
148.172
148.187
148.209
148.235
148.265
148.297
148.33
148.361
148.391
148.419
148.444
148.465
148.483
148.497
148.507
148.513
148.516
148.516
148.514
148.511
148.51
148.513
148.522
148.543
148.576
148.626
148.693
148.778
148.879
148.989
149.099
149.202
149.287
149.342
149.36
149.338
149.279
149.188
149.09
148.984
148.987
128.501
128.702
128.703
128.69
128.637
128.575
128.508
128.446
128.393
128.352
128.322
128.301
128.287
128.278
128.272
128.266
128.26
128.25
128.237
128.219
128.196
128.165
128.128
128.084
128.033
127.976
127.915
127.852
127.791
127.737
127.696
127.675
127.682
127.723
127.805
127.931
128.099
128.305
128.537
128.775
128.997
129.176
129.291
129.327
129.276
129.15
128.969
128.802
128.664
128.87
108.975
109.364
109.348
109.318
109.209
109.081
108.94
108.801
108.671
108.553
108.447
108.351
108.262
108.179
108.099
108.019
107.936
107.85
107.759
107.661
107.555
107.44
107.316
107.183
107.041
106.892
106.739
106.587
106.442
106.312
106.209
106.143
106.128
106.174
106.291
106.485
106.752
107.086
107.467
107.864
108.237
108.55
108.764
108.858
108.82
108.671
108.445
108.268
108.144
108.673
89.2311
89.6349
89.6031
89.5911
89.496
89.3807
89.2459
89.1062
88.9659
88.8288
88.6952
88.5649
88.4366
88.3091
88.1811
88.0513
87.9188
87.7826
87.6419
87.496
87.3443
87.1865
87.0226
86.8527
86.6781
86.5005
86.3229
86.1497
85.987
85.8422
85.7247
85.6447
85.6134
85.6409
85.7356
85.9028
86.1404
86.445
86.7989
87.174
87.5428
87.8742
88.1352
88.3062
88.3764
88.3627
88.2849
88.2613
88.2301
88.8485
69.3275
69.6079
69.5582
69.5834
69.55
69.5041
69.4353
69.3516
69.2545
69.1466
69.0292
68.9035
68.7705
68.6314
68.487
68.3383
68.186
68.0309
67.8735
67.7144
67.5543
67.3935
67.2329
67.0732
66.9155
66.7612
66.6123
66.4712
66.3412
66.226
66.1303
66.0592
66.0181
66.0121
66.0457
66.1228
66.2431
66.4108
66.6179
66.847
67.1009
67.3673
67.6282
67.8749
68.0979
68.3012
68.4721
68.6745
68.7645
69.2561
49.4161
49.5522
49.4867
49.5511
49.5859
49.6164
49.6204
49.5991
49.5502
49.4754
49.3768
49.2575
49.1209
48.9705
48.8098
48.6419
48.4696
48.2953
48.1212
47.9493
47.7812
47.6187
47.463
47.3156
47.1776
47.0498
46.933
46.8276
46.7338
46.6512
46.5795
46.5179
46.4658
46.4228
46.3893
46.3674
46.3587
46.376
46.4196
46.4921
46.6205
46.8158
47.0764
47.4054
47.7944
48.2323
48.672
49.115
49.3369
49.6677
29.5187
29.5237
29.4552
29.5481
29.6379
29.7297
29.794
29.8256
29.8198
29.7773
29.7007
29.5945
29.4638
29.3142
29.1508
28.9784
28.8012
28.6229
28.4469
28.2761
28.1131
27.9603
27.8197
27.6927
27.5807
27.4839
27.4021
27.334
27.2771
27.2278
27.1816
27.1329
27.0761
27.0062
26.9202
26.8186
26.7044
26.5958
26.4835
26.4404
26.458
26.5825
26.8266
27.2032
27.7057
28.3111
28.9477
29.5638
29.8884
30.0578
9.62467
9.58566
9.55685
9.62798
9.70718
9.78949
9.85565
9.90043
9.9203
9.91532
9.88725
9.83911
9.77453
9.69728
9.61097
9.51891
9.42402
9.32892
9.23589
9.14697
9.06398
8.9885
8.92187
8.86509
8.81881
8.78309
8.75737
8.74023
8.72936
8.72144
8.71228
8.69699
8.67048
8.62822
8.56706
8.48674
8.38941
8.28659
8.14306
8.11163
8.08795
8.13857
8.27733
8.51551
8.8501
9.26399
9.7075
10.131
10.3666
10.4085
-0.316376
-0.299231
-0.282086
-0.26496
-0.247848
-0.230748
-0.21366
-0.196584
-0.17952
-0.162467
-0.145424
-0.128389
-0.11136
-0.0943339
-0.0773102
-0.0602848
-0.0432574
-0.0262259
-0.00918899
0.00785427
0.0249044
0.041962
0.0590278
0.076103
0.0931889
0.110286
0.127395
0.144513
0.161635
0.178755
0.195864
0.212959
0.230033
0.247083
0.264127
0.281154
0.298164
0.315155
0.332133
0.349106
0.366079
0.383055
0.400034
0.417017
0.434004
0.451003
0.467985
0.485022
0.502
0.519063
-0.329083
-0.311929
-0.294782
-0.277654
-0.260541
-0.243439
-0.22635
-0.209272
-0.192207
-0.175153
-0.15811
-0.141075
-0.124046
-0.107019
-0.0899942
-0.072969
-0.0559413
-0.0389091
-0.0218713
-0.00482706
0.0122241
0.0292827
0.0463497
0.0634263
0.0805143
0.0976147
0.114727
0.131849
0.148975
0.166099
0.183216
0.200313
0.217385
0.234428
0.25145
0.268463
0.285463
0.30245
0.319423
0.33639
0.353356
0.370328
0.387305
0.404288
0.421275
0.438274
0.455259
0.47229
0.489261
0.506363
-0.341771
-0.324617
-0.307473
-0.290348
-0.273237
-0.256138
-0.239051
-0.221976
-0.204913
-0.187861
-0.170819
-0.153784
-0.136755
-0.119729
-0.102705
-0.0856798
-0.0686521
-0.0516201
-0.0345825
-0.0175386
-0.00048763
0.0165708
0.0336375
0.0507136
0.0678004
0.0848985
0.102008
0.119126
0.136247
0.153366
0.170474
0.187566
0.204637
0.221685
0.238726
0.255751
0.27276
0.28975
0.306728
0.323701
0.340675
0.357652
0.374633
0.391617
0.408604
0.425601
0.442582
0.459614
0.476584
0.493652
-0.354457
-0.337304
-0.320163
-0.303039
-0.28593
-0.268832
-0.251746
-0.23467
-0.217607
-0.200554
-0.183512
-0.166477
-0.149448
-0.132421
-0.115395
-0.0983692
-0.0813408
-0.064308
-0.0472695
-0.0302248
-0.0131732
0.00388585
0.0209532
0.0380301
0.055118
0.0722178
0.0893287
0.106448
0.123572
0.140694
0.157805
0.174899
0.19197
0.209017
0.22604
0.243054
0.260057
0.277044
0.294021
0.310992
0.327962
0.344935
0.361913
0.378895
0.39588
0.412878
0.429857
0.44689
0.463864
0.480915
-0.367147
-0.349994
-0.332855
-0.315734
-0.298626
-0.28153
-0.264446
-0.247373
-0.230311
-0.213259
-0.196217
-0.179181
-0.162151
-0.145124
-0.128098
-0.111071
-0.0940417
-0.0770083
-0.0599695
-0.0429246
-0.025873
-0.00881405
0.0082529
0.0253288
0.0424148
0.0595113
0.0766177
0.0937317
0.110849
0.127962
0.145067
0.162155
0.179224
0.19627
0.213311
0.230335
0.247342
0.264333
0.281313
0.298288
0.315264
0.332241
0.349222
0.366205
0.383191
0.400188
0.417165
0.434196
0.451174
0.468211
-0.379834
-0.362682
-0.345546
-0.328426
-0.311321
-0.294226
-0.277142
-0.260068
-0.243006
-0.225954
-0.208911
-0.191875
-0.174844
-0.157815
-0.140788
-0.12376
-0.10673
-0.089696
-0.0726567
-0.0556116
-0.0385599
-0.021501
-0.00443428
0.0126414
0.0297271
0.0468231
0.0639288
0.0810415
0.0981572
0.11527
0.132373
0.149462
0.166532
0.183579
0.200604
0.21762
0.234626
0.251617
0.268599
0.285574
0.302548
0.319525
0.336505
0.353488
0.370474
0.387472
0.40445
0.42148
0.438463
0.4555
-0.392524
-0.375373
-0.358237
-0.34112
-0.324016
-0.306923
-0.289841
-0.272769
-0.255707
-0.238655
-0.221612
-0.204575
-0.187543
-0.170514
-0.153486
-0.136457
-0.119426
-0.102391
-0.0853516
-0.0683063
-0.0512547
-0.0341962
-0.0171302
-5.58585e-05
0.0170276
0.0341205
0.0512219
0.0683296
0.0854395
0.102546
0.119644
0.136727
0.153792
0.17084
0.187879
0.204902
0.221909
0.238902
0.255887
0.272865
0.289843
0.306822
0.323804
0.340788
0.357774
0.374772
0.391751
0.408778
0.425764
0.442801
-0.405209
-0.38806
-0.370928
-0.353812
-0.33671
-0.319618
-0.302536
-0.285464
-0.268403
-0.251351
-0.234307
-0.21727
-0.200237
-0.183207
-0.166178
-0.149148
-0.132117
-0.115081
-0.0980414
-0.080996
-0.0639445
-0.0468863
-0.0298206
-0.0127469
0.00433582
0.0214275
0.0385272
0.0556327
0.0727402
0.0898446
0.10694
0.124023
0.141098
0.158136
0.175164
0.192183
0.209191
0.226186
0.243171
0.260151
0.27713
0.294109
0.311092
0.328076
0.345063
0.362062
0.379043
0.396068
0.413058
0.430096
-0.417898
-0.400752
-0.383618
-0.366505
-0.349405
-0.332314
-0.315234
-0.298164
-0.281103
-0.264051
-0.247007
-0.229969
-0.212935
-0.195904
-0.178874
-0.161843
-0.144811
-0.127775
-0.110735
-0.0936893
-0.0766379
-0.0595802
-0.0425153
-0.0254428
-0.00836204
0.00872693
0.0258233
0.0429247
0.0600277
0.0771276
0.0942193
0.111297
0.128345
0.145408
0.162445
0.179466
0.196474
0.213471
0.230459
0.247441
0.264422
0.281403
0.298386
0.315372
0.332359
0.349357
0.36634
0.383362
0.400355
0.417394
-0.430579
-0.413436
-0.396308
-0.379198
-0.362099
-0.34501
-0.32793
-0.31086
-0.293799
-0.276747
-0.259703
-0.242664
-0.22563
-0.208598
-0.191567
-0.174536
-0.157503
-0.140467
-0.123426
-0.106381
-0.0893297
-0.0722722
-0.0552078
-0.0381361
-0.0210564
-0.00396901
0.0131253
0.0302242
0.0473244
0.0644214
0.0815105
0.0985881
0.115661
0.132696
0.149728
0.166749
0.183758
0.200755
0.217745
0.234728
0.25171
0.268692
0.285677
0.302663
0.319651
0.33665
0.353634
0.370655
0.387651
0.404689
-0.443263
-0.426123
-0.408998
-0.39189
-0.374793
-0.357706
-0.340628
-0.323559
-0.306498
-0.289446
-0.272401
-0.255362
-0.238327
-0.221294
-0.204263
-0.187231
-0.170197
-0.15316
-0.13612
-0.119074
-0.102023
-0.084966
-0.0679024
-0.0508318
-0.0337538
-0.0166686
0.000422929
0.0175185
0.0346151
0.0517086
0.0687944
0.0858681
0.102918
0.119976
0.137011
0.154032
0.171042
0.188041
0.205032
0.222018
0.239001
0.255985
0.27297
0.289957
0.306945
0.323944
0.34093
0.357948
0.374946
0.391982
-0.455944
-0.438809
-0.421688
-0.404582
-0.387487
-0.370401
-0.353324
-0.336255
-0.319195
-0.302143
-0.285098
-0.268059
-0.251023
-0.23399
-0.216957
-0.199925
-0.182891
-0.165853
-0.148812
-0.131767
-0.114716
-0.0976593
-0.0805962
-0.0635266
-0.0464498
-0.0293663
-0.012277
0.004816
0.0219098
0.0390004
0.0560837
0.0731564
0.0902224
0.10726
0.124294
0.141316
0.158326
0.175326
0.192319
0.209306
0.226291
0.243275
0.260261
0.27725
0.294238
0.311237
0.328225
0.345241
0.362241
0.379275
-0.468624
-0.451494
-0.434377
-0.417274
-0.400181
-0.383097
-0.366021
-0.348953
-0.331893
-0.314841
-0.297796
-0.280756
-0.26372
-0.246686
-0.229653
-0.212619
-0.195585
-0.178547
-0.161506
-0.14446
-0.12741
-0.110353
-0.093291
-0.0762225
-0.0591471
-0.0420656
-0.0249787
-0.00788854
0.00920221
0.0262898
0.0433703
0.0604403
0.0774935
0.0945442
0.111578
0.1286
0.145611
0.162612
0.179606
0.196595
0.213581
0.230567
0.247554
0.264543
0.281532
0.298531
0.31552
0.332535
0.349536
0.366567
-0.481304
-0.464179
-0.447066
-0.429966
-0.412875
-0.395792
-0.378717
-0.36165
-0.344591
-0.327539
-0.310493
-0.293453
-0.276416
-0.259381
-0.242348
-0.225314
-0.208279
-0.191241
-0.174199
-0.157154
-0.140103
-0.123047
-0.105986
-0.0889182
-0.0718442
-0.0547644
-0.0376796
-0.020592
-0.00350391
0.013581
0.0306592
0.0477276
0.0647862
0.0818287
0.0988621
0.115884
0.132896
0.149899
0.166894
0.183884
0.200872
0.217858
0.234846
0.251836
0.268826
0.285825
0.302814
0.319828
0.33683
0.353859
-0.493982
-0.476864
-0.459755
-0.442657
-0.425568
-0.408487
-0.391413
-0.374347
-0.357288
-0.340236
-0.323191
-0.30615
-0.289112
-0.272077
-0.255043
-0.238009
-0.220973
-0.203935
-0.186893
-0.169848
-0.152797
-0.135742
-0.118681
-0.101615
-0.0845419
-0.0674639
-0.0503812
-0.0332961
-0.0162107
0.000871488
0.0179473
0.0350137
0.0520687
0.0691136
0.0861468
0.103169
0.120182
0.137185
0.154182
0.171173
0.188162
0.20515
0.222139
0.239129
0.256119
0.273119
0.290109
0.307121
0.324124
0.341149
-0.506661
-0.489549
-0.472444
-0.455349
-0.438262
-0.421182
-0.404109
-0.387043
-0.369985
-0.352933
-0.335888
-0.318847
-0.301809
-0.284773
-0.267738
-0.250704
-0.233667
-0.216629
-0.199587
-0.182542
-0.165492
-0.148437
-0.131377
-0.114311
-0.0972396
-0.0801633
-0.0630827
-0.0459999
-0.028917
-0.0118372
0.00523646
0.0223012
0.0393554
0.056399
0.073432
0.0904546
0.107468
0.124472
0.14147
0.158462
0.175453
0.192442
0.209431
0.226423
0.243413
0.260413
0.277404
0.294415
0.311418
0.32844
-0.51934
-0.502233
-0.485132
-0.46804
-0.450955
-0.433876
-0.416805
-0.39974
-0.382682
-0.365631
-0.348585
-0.331543
-0.314505
-0.297469
-0.280434
-0.263399
-0.246362
-0.229323
-0.212282
-0.195236
-0.178186
-0.161132
-0.144072
-0.127008
-0.109938
-0.0928631
-0.0757845
-0.0587039
-0.0416234
-0.024546
-0.00747451
0.00958845
0.0266418
0.0436848
0.0607177
0.0777404
0.0947541
0.111759
0.128758
0.145752
0.162743
0.179733
0.196724
0.213716
0.230707
0.247706
0.264698
0.281708
0.298712
0.31573
-0.532018
-0.514917
-0.49782
-0.480731
-0.463648
-0.446571
-0.4295
-0.412436
-0.395379
-0.378328
-0.361282
-0.34424
-0.327201
-0.310165
-0.293129
-0.276094
-0.259057
-0.242018
-0.224976
-0.207931
-0.190881
-0.173827
-0.156768
-0.139705
-0.122636
-0.105563
-0.0884862
-0.0714078
-0.0543296
-0.0372544
-0.0201849
-0.00312346
0.0139287
0.030971
0.0480037
0.0650266
0.0820408
0.0990468
0.116047
0.133041
0.150034
0.167025
0.184016
0.201009
0.218001
0.235
0.251993
0.269001
0.286004
0.303019
-0.544697
-0.527601
-0.510508
-0.493421
-0.47634
-0.459265
-0.442196
-0.425132
-0.408076
-0.391025
-0.373978
-0.356937
-0.339898
-0.322861
-0.305825
-0.288789
-0.271752
-0.254713
-0.237671
-0.220626
-0.203576
-0.186523
-0.169465
-0.152402
-0.135334
-0.118263
-0.101188
-0.0841118
-0.0670357
-0.0499628
-0.0328951
-0.0158353
0.00121597
0.0182576
0.0352901
0.0523131
0.0693278
0.0863345
0.103335
0.120331
0.137325
0.154317
0.171309
0.188302
0.205295
0.222294
0.239287
0.256294
0.273296
0.290309
-0.557375
-0.540285
-0.523196
-0.506111
-0.489032
-0.471959
-0.454891
-0.437828
-0.420772
-0.403721
-0.386675
-0.369633
-0.352594
-0.335557
-0.318521
-0.301484
-0.284447
-0.267408
-0.250366
-0.233321
-0.216272
-0.199219
-0.182161
-0.165099
-0.148033
-0.130963
-0.11389
-0.0968158
-0.0797418
-0.0626708
-0.0456049
-0.0285466
-0.0114964
0.00554465
0.0225768
0.0396
0.0566151
0.0736225
0.0906244
0.107621
0.124616
0.141609
0.158601
0.175595
0.192588
0.209588
0.226581
0.243587
0.260589
0.277599
-0.570054
-0.552968
-0.535883
-0.518801
-0.501724
-0.484652
-0.467585
-0.450524
-0.433468
-0.416418
-0.399372
-0.38233
-0.36529
-0.348253
-0.331216
-0.31418
-0.297142
-0.280103
-0.263061
-0.246016
-0.228967
-0.211915
-0.194858
-0.177797
-0.160732
-0.143664
-0.126592
-0.10952
-0.0924477
-0.0753787
-0.0583146
-0.0412577
-0.0242084
-0.00716798
0.00986396
0.0268872
0.0439027
0.0609108
0.0779135
0.0949113
0.111907
0.1289
0.145894
0.162889
0.179882
0.196881
0.213875
0.23088
0.247881
0.264889
-0.582733
-0.565652
-0.54857
-0.531491
-0.514416
-0.497345
-0.48028
-0.463219
-0.446164
-0.429114
-0.412068
-0.395026
-0.377986
-0.360949
-0.343912
-0.326875
-0.309837
-0.292798
-0.275756
-0.258711
-0.241663
-0.224611
-0.207555
-0.190495
-0.173431
-0.156364
-0.139294
-0.122224
-0.105154
-0.0880863
-0.0710239
-0.0539683
-0.0369201
-0.0198802
-0.00284857
0.0141747
0.0311906
0.0481993
0.0652029
0.0822016
0.099198
0.116192
0.133187
0.150182
0.167176
0.184175
0.201169
0.218173
0.235173
0.252179
-0.595413
-0.578336
-0.561257
-0.544181
-0.527107
-0.510038
-0.492974
-0.475914
-0.45886
-0.44181
-0.424764
-0.407722
-0.390682
-0.373645
-0.356608
-0.339571
-0.322533
-0.305493
-0.288451
-0.271407
-0.254359
-0.237307
-0.220252
-0.203193
-0.18613
-0.169065
-0.151996
-0.134928
-0.117859
-0.100794
-0.0837329
-0.0666789
-0.0496314
-0.0325922
-0.0155608
0.00146255
0.0184788
0.0354881
0.0524924
0.069492
0.0864892
0.103484
0.120479
0.137475
0.154469
0.171468
0.188463
0.205466
0.222465
0.239469
-0.608092
-0.591019
-0.573944
-0.55687
-0.539799
-0.522731
-0.505668
-0.488609
-0.471555
-0.454506
-0.43746
-0.420418
-0.403378
-0.386341
-0.369303
-0.352266
-0.335228
-0.318189
-0.301147
-0.284102
-0.267055
-0.250004
-0.232949
-0.215891
-0.19883
-0.181765
-0.164699
-0.147631
-0.130565
-0.113501
-0.0964418
-0.0793885
-0.0623423
-0.0453037
-0.0282726
-0.0112492
0.00576731
0.0227772
0.0397821
0.0567825
0.0737805
0.0907765
0.107772
0.124768
0.141763
0.158762
0.175757
0.192759
0.209757
0.226759
-0.620772
-0.603702
-0.58663
-0.569558
-0.552489
-0.535423
-0.518361
-0.501303
-0.48425
-0.467201
-0.450156
-0.433114
-0.416074
-0.399036
-0.381999
-0.364962
-0.347923
-0.330884
-0.313842
-0.296798
-0.279751
-0.262701
-0.245647
-0.228589
-0.211529
-0.194466
-0.177401
-0.160335
-0.14327
-0.126208
-0.10915
-0.0920987
-0.0750533
-0.0580153
-0.0409845
-0.0239611
-0.00694426
0.0100662
0.0270718
0.0440731
0.0610719
0.0780686
0.0950646
0.112061
0.129056
0.146055
0.16305
0.180052
0.19705
0.21405
-0.674662
-0.657607
-0.640548
-0.623486
-0.606427
-0.589367
-0.572311
-0.555257
-0.538206
-0.521159
-0.504114
-0.487072
-0.470032
-0.452993
-0.435955
-0.418918
-0.401879
-0.38484
-0.367799
-0.350756
-0.33371
-0.316662
-0.299611
-0.282558
-0.265502
-0.248444
-0.231386
-0.214327
-0.197269
-0.180213
-0.163161
-0.146113
-0.129071
-0.112034
-0.0950045
-0.0779809
-0.0609634
-0.0439514
-0.0269439
-0.00994038
0.00706077
0.0240599
0.0410581
0.058056
0.0750528
0.0920514
0.109047
0.126046
0.143041
0.160036
-0.769783
-0.752742
-0.735696
-0.718647
-0.701597
-0.684547
-0.667499
-0.650452
-0.633407
-0.616364
-0.599323
-0.582284
-0.565246
-0.548209
-0.531172
-0.514136
-0.497099
-0.480061
-0.463022
-0.445981
-0.428939
-0.411895
-0.394849
-0.377802
-0.360753
-0.343703
-0.326653
-0.309602
-0.292553
-0.275506
-0.258462
-0.241421
-0.224385
-0.207354
-0.190326
-0.173304
-0.156286
-0.139272
-0.122261
-0.105254
-0.0882492
-0.0712465
-0.0542452
-0.0372452
-0.0202465
-0.00324794
0.0137485
0.0307451
0.0477383
0.0647297
-0.864921
-0.847889
-0.830853
-0.813813
-0.796773
-0.779731
-0.76269
-0.745649
-0.728609
-0.71157
-0.694532
-0.677495
-0.660459
-0.643424
-0.626389
-0.609354
-0.592319
-0.575283
-0.558247
-0.541209
-0.524171
-0.507131
-0.49009
-0.473049
-0.456006
-0.438963
-0.421919
-0.404877
-0.387835
-0.370794
-0.353756
-0.336721
-0.319689
-0.30266
-0.285635
-0.268613
-0.251595
-0.234581
-0.217569
-0.20056
-0.183554
-0.166549
-0.149546
-0.132544
-0.115544
-0.0985448
-0.0815473
-0.0645508
-0.047557
-0.0305653
-0.960071
-0.943044
-0.926014
-0.908981
-0.891947
-0.874911
-0.857876
-0.84084
-0.823805
-0.806771
-0.789737
-0.772704
-0.755671
-0.738638
-0.721606
-0.704574
-0.687541
-0.670508
-0.653475
-0.636441
-0.619406
-0.60237
-0.585334
-0.568297
-0.551259
-0.534222
-0.517184
-0.500147
-0.483111
-0.466076
-0.449043
-0.432013
-0.414985
-0.397959
-0.380936
-0.363916
-0.346899
-0.329884
-0.312872
-0.295862
-0.278854
-0.261848
-0.244843
-0.22784
-0.210838
-0.193838
-0.176839
-0.159841
-0.142846
-0.125852
-1.05523
-1.03821
-1.02118
-1.00415
-0.987125
-0.970094
-0.953064
-0.936033
-0.919002
-0.901972
-0.884941
-0.867911
-0.850882
-0.833852
-0.816823
-0.799793
-0.782764
-0.765734
-0.748704
-0.731673
-0.714642
-0.69761
-0.680578
-0.663546
-0.646513
-0.629481
-0.612449
-0.595417
-0.578386
-0.561356
-0.544328
-0.527301
-0.510276
-0.493253
-0.476232
-0.459213
-0.442196
-0.425182
-0.408169
-0.391159
-0.37415
-0.357142
-0.340137
-0.323132
-0.306129
-0.289127
-0.272126
-0.255127
-0.238129
-0.221133
-1.1504
-1.13337
-1.11635
-1.09933
-1.0823
-1.06528
-1.04825
-1.03123
-1.0142
-0.997172
-0.980146
-0.963119
-0.946093
-0.929066
-0.91204
-0.895014
-0.877987
-0.860961
-0.843934
-0.826907
-0.809879
-0.792852
-0.775824
-0.758795
-0.741767
-0.724739
-0.707711
-0.690683
-0.673656
-0.656631
-0.639606
-0.622582
-0.60556
-0.58854
-0.571521
-0.554504
-0.537488
-0.520474
-0.503462
-0.486451
-0.469441
-0.452433
-0.435426
-0.41842
-0.401415
-0.384412
-0.367409
-0.350408
-0.333408
-0.316409
-1.24556
-1.22855
-1.21153
-1.19451
-1.17749
-1.16046
-1.14344
-1.12642
-1.1094
-1.09237
-1.07535
-1.05833
-1.0413
-1.02428
-1.00726
-0.990234
-0.973211
-0.956188
-0.939164
-0.922141
-0.905117
-0.888093
-0.871069
-0.854045
-0.837021
-0.819997
-0.802973
-0.78595
-0.768927
-0.751905
-0.734884
-0.717863
-0.700844
-0.683825
-0.666808
-0.649792
-0.632777
-0.615764
-0.598751
-0.58174
-0.56473
-0.547721
-0.530713
-0.513706
-0.4967
-0.479694
-0.46269
-0.445686
-0.428683
-0.411682
-1.34074
-1.32372
-1.30671
-1.28969
-1.27267
-1.25565
-1.23863
-1.22161
-1.20459
-1.18757
-1.17055
-1.15353
-1.13651
-1.11949
-1.10248
-1.08546
-1.06844
-1.05142
-1.0344
-1.01738
-1.00036
-0.983335
-0.966315
-0.949294
-0.932274
-0.915254
-0.898233
-0.881214
-0.864194
-0.847175
-0.830157
-0.813139
-0.796122
-0.779106
-0.76209
-0.745076
-0.728062
-0.711049
-0.694037
-0.677026
-0.660016
-0.643006
-0.625997
-0.608989
-0.591981
-0.574974
-0.557968
-0.540962
-0.523957
-0.506952
-1.43591
-1.4189
-1.40188
-1.38487
-1.36785
-1.35084
-1.33382
-1.31681
-1.29979
-1.28277
-1.26576
-1.24874
-1.23173
-1.21471
-1.19769
-1.18068
-1.16366
-1.14664
-1.12963
-1.11261
-1.09559
-1.07858
-1.06156
-1.04454
-1.02753
-1.01051
-0.993494
-0.976478
-0.959462
-0.942446
-0.925431
-0.908416
-0.891401
-0.874387
-0.857373
-0.84036
-0.823347
-0.806334
-0.789323
-0.772311
-0.7553
-0.73829
-0.72128
-0.70427
-0.687261
-0.670252
-0.653244
-0.636236
-0.619228
-0.602221
-1.53109
-1.51408
-1.49707
-1.48005
-1.46304
-1.44603
-1.42902
-1.412
-1.39499
-1.37798
-1.36096
-1.34395
-1.32694
-1.30992
-1.29291
-1.2759
-1.25889
-1.24187
-1.22486
-1.20785
-1.19083
-1.17382
-1.15681
-1.13979
-1.12278
-1.10577
-1.08875
-1.07174
-1.05473
-1.03771
-1.0207
-1.00369
-0.986677
-0.969664
-0.952652
-0.93564
-0.918628
-0.901617
-0.884605
-0.867594
-0.850583
-0.833572
-0.816561
-0.799551
-0.78254
-0.76553
-0.748519
-0.731509
-0.714499
-0.697489
)
;

boundaryField
{
    inlet_water
    {
        type            calculated;
        value           nonuniform List<scalar> 
25
(
484.607
464.799
444.992
425.186
405.38
385.575
365.771
345.968
326.166
306.365
286.566
266.769
246.973
227.179
207.388
187.6
167.824
148.116
128.621
109.261
89.6121
69.7599
49.9134
30.0712
10.0541
)
;
    }
    inlet_air
    {
        type            calculated;
        value           nonuniform List<scalar> 
35
(
-0.177116
-0.337677
-0.350364
-0.36305
-0.375739
-0.388424
-0.401113
-0.413794
-0.426487
-0.439157
-0.451839
-0.464515
-0.477192
-0.489867
-0.502542
-0.515217
-0.527892
-0.540568
-0.553243
-0.565919
-0.578596
-0.591272
-0.603949
-0.616627
-0.629305
-0.683187
-0.778302
-0.873436
-0.968584
-1.06374
-1.1589
-1.25407
-1.34925
-1.44442
-1.5396
)
;
    }
    outlet_water
    {
        type            calculated;
        value           nonuniform List<scalar> 
25
(
485.915
466.107
446.298
426.489
406.679
386.869
367.059
347.247
327.434
307.62
287.805
267.989
248.17
228.349
208.525
188.694
168.879
148.934
128.723
108.41
88.5238
68.8802
49.2197
29.5406
9.9851
)
;
    }
    outlet_air
    {
        type            calculated;
        value           nonuniform List<scalar> 
35
(
0.367351
0.514927
0.502198
0.489452
0.476741
0.464029
0.451328
0.438624
0.425919
0.413213
0.400505
0.387795
0.375085
0.362374
0.349663
0.336951
0.324243
0.311527
0.298815
0.286103
0.273392
0.260681
0.24797
0.235259
0.222549
0.168532
0.0732246
-0.02207
-0.117356
-0.212635
-0.307909
-0.403181
-0.49845
-0.593717
-0.688984
)
;
    }
    lowerWall
    {
        type            calculated;
        value           nonuniform List<scalar> 
50
(
494.529
494.568
494.602
494.634
494.663
494.69
494.719
494.751
494.786
494.826
494.869
494.916
494.964
495.013
495.063
495.111
495.157
495.202
495.244
495.283
495.32
495.354
495.386
495.415
495.443
495.469
495.493
495.517
495.539
495.561
495.584
495.608
495.634
495.662
495.694
495.727
495.762
495.799
495.834
495.868
495.897
495.921
495.935
495.942
495.938
495.927
495.909
495.887
495.86
495.835
)
;
    }
    atmosphere
    {
        type            calculated;
        value           nonuniform List<scalar> 
50
(
-1.57868
-1.56167
-1.54466
-1.52764
-1.51063
-1.49362
-1.47661
-1.4596
-1.44259
-1.42558
-1.40857
-1.39155
-1.37454
-1.35753
-1.34052
-1.32351
-1.3065
-1.28949
-1.27247
-1.25546
-1.23845
-1.22144
-1.20443
-1.18742
-1.17041
-1.15339
-1.13638
-1.11937
-1.10236
-1.08535
-1.06834
-1.05133
-1.03432
-1.0173
-1.00029
-0.983281
-0.96627
-0.949259
-0.932247
-0.915236
-0.898225
-0.881213
-0.864202
-0.847191
-0.830179
-0.813168
-0.796157
-0.779145
-0.762134
-0.745123
)
;
    }
    defaultFaces
    {
        type            empty;
    }
}


// ************************************************************************* //
