/*--------------------------------*- C++ -*----------------------------------*\
  =========                 |
  \\      /  F ield         | OpenFOAM: The Open Source CFD Toolbox
   \\    /   O peration     | Website:  https://openfoam.org
    \\  /    A nd           | Version:  8
     \\/     M anipulation  |
\*---------------------------------------------------------------------------*/
FoamFile
{
    version     2.0;
    format      ascii;
    class       volScalarField;
    location    "28497";
    object      p_rgh;
}
// * * * * * * * * * * * * * * * * * * * * * * * * * * * * * * * * * * * * * //

dimensions      [1 -1 -2 0 0 0 0];

internalField   nonuniform List<scalar> 
3000
(
481.26
454.762
428.258
401.752
375.243
348.733
322.224
295.718
269.215
242.718
216.223
189.732
163.242
136.754
110.265
83.7759
57.2848
30.7913
4.29565
-22.2029
-48.7038
-75.2075
-101.713
-128.221
-154.731
-181.243
-207.756
-234.271
-260.786
-287.302
-313.817
-340.33
-366.842
-393.352
-419.858
-446.363
-472.865
-499.366
-525.868
-552.372
-578.881
-605.395
-631.918
-658.45
-684.991
-711.539
-738.095
-764.656
-791.22
-817.783
481.26
454.762
428.258
401.751
375.241
348.731
322.221
295.714
269.211
242.713
216.218
189.726
163.236
136.748
110.259
83.769
57.2777
30.7842
4.28846
-22.2101
-48.711
-75.2147
-101.72
-128.229
-154.738
-181.25
-207.763
-234.278
-260.792
-287.308
-313.822
-340.335
-366.846
-393.354
-419.86
-446.363
-472.864
-499.365
-525.866
-552.369
-578.877
-605.391
-631.914
-658.446
-684.988
-711.537
-738.094
-764.655
-791.22
-817.783
481.261
454.763
428.259
401.751
375.241
348.729
322.218
295.711
269.207
242.708
216.213
189.721
163.231
136.742
110.253
83.7627
57.2713
30.7776
4.28181
-22.2168
-48.7178
-75.2215
-101.727
-128.235
-154.745
-181.257
-207.77
-234.284
-260.798
-287.313
-313.827
-340.339
-366.849
-393.357
-419.862
-446.364
-472.864
-499.363
-525.863
-552.366
-578.873
-605.387
-631.91
-658.442
-684.985
-711.535
-738.093
-764.655
-791.22
-817.784
481.263
454.765
428.26
401.752
375.24
348.728
322.217
295.709
269.204
242.704
216.208
189.716
163.225
136.736
110.247
83.7565
57.265
30.7712
4.27529
-22.2234
-48.7244
-75.2281
-101.734
-128.242
-154.752
-181.263
-207.776
-234.29
-260.804
-287.319
-313.832
-340.344
-366.853
-393.36
-419.864
-446.365
-472.864
-499.363
-525.862
-552.363
-578.87
-605.383
-631.906
-658.438
-684.981
-711.532
-738.091
-764.654
-791.221
-817.785
481.265
454.768
428.262
401.753
375.241
348.728
322.215
295.707
269.201
242.701
216.204
189.711
163.22
136.73
110.241
83.7505
57.2588
30.7649
4.26884
-22.23
-48.731
-75.2348
-101.74
-128.249
-154.758
-181.27
-207.783
-234.296
-260.81
-287.324
-313.837
-340.349
-366.857
-393.364
-419.867
-446.367
-472.865
-499.362
-525.86
-552.36
-578.866
-605.379
-631.902
-658.434
-684.977
-711.529
-738.089
-764.654
-791.222
-817.785
481.268
454.772
428.265
401.755
375.242
348.728
322.215
295.705
269.199
242.698
216.2
189.707
163.215
136.725
110.235
83.7447
57.2528
30.7587
4.26251
-22.2364
-48.7375
-75.2413
-101.747
-128.255
-154.765
-181.276
-207.789
-234.303
-260.816
-287.33
-313.843
-340.354
-366.862
-393.368
-419.87
-446.369
-472.866
-499.362
-525.859
-552.358
-578.863
-605.375
-631.897
-658.429
-684.973
-711.526
-738.087
-764.653
-791.223
-817.787
481.272
454.776
428.269
401.758
375.244
348.729
322.215
295.704
269.197
242.695
216.197
189.703
163.211
136.72
110.23
83.7392
57.247
30.7527
4.25637
-22.2426
-48.7438
-75.2477
-101.754
-128.262
-154.771
-181.283
-207.795
-234.309
-260.823
-287.336
-313.849
-340.359
-366.867
-393.372
-419.874
-446.372
-472.868
-499.363
-525.858
-552.356
-578.86
-605.371
-631.893
-658.425
-684.968
-711.522
-738.084
-764.652
-791.224
-817.789
481.278
454.782
428.274
401.762
375.247
348.731
322.216
295.704
269.196
242.693
216.194
189.699
163.207
136.716
110.225
83.7339
57.2415
30.747
4.25049
-22.2486
-48.7499
-75.2539
-101.76
-128.268
-154.778
-181.289
-207.802
-234.315
-260.829
-287.343
-313.855
-340.366
-366.873
-393.378
-419.878
-446.376
-472.871
-499.364
-525.858
-552.355
-578.857
-605.367
-631.888
-658.419
-684.963
-711.518
-738.082
-764.651
-791.225
-817.792
481.284
454.789
428.28
401.767
375.251
348.734
322.217
295.704
269.195
242.692
216.192
189.696
163.203
136.712
110.221
83.729
57.2363
30.7416
4.24491
-22.2543
-48.7558
-75.2598
-101.766
-128.274
-154.784
-181.295
-207.808
-234.322
-260.836
-287.349
-313.861
-340.372
-366.879
-393.384
-419.884
-446.381
-472.875
-499.367
-525.859
-552.354
-578.855
-605.363
-631.883
-658.414
-684.958
-711.513
-738.078
-764.65
-791.227
-817.796
481.292
454.797
428.287
401.773
375.255
348.737
322.219
295.705
269.195
242.691
216.19
189.694
163.2
136.708
110.216
83.7245
57.2314
30.7365
4.23967
-22.2597
-48.7612
-75.2653
-101.771
-128.28
-154.79
-181.301
-207.814
-234.328
-260.842
-287.356
-313.868
-340.379
-366.886
-393.39
-419.89
-446.386
-472.879
-499.37
-525.861
-552.354
-578.853
-605.359
-631.878
-658.408
-684.952
-711.507
-738.075
-764.649
-791.23
-817.801
481.301
454.806
428.295
401.78
375.261
348.741
322.222
295.707
269.196
242.69
216.189
189.692
163.197
136.705
110.213
83.7203
57.227
30.7318
4.23479
-22.2647
-48.7664
-75.2706
-101.777
-128.285
-154.795
-181.307
-207.82
-234.334
-260.848
-287.362
-313.875
-340.386
-366.893
-393.397
-419.897
-446.392
-472.884
-499.374
-525.863
-552.354
-578.851
-605.356
-631.872
-658.401
-684.945
-711.502
-738.071
-764.648
-791.233
-817.807
481.312
454.817
428.304
401.787
375.267
348.746
322.226
295.71
269.197
242.69
216.188
189.69
163.195
136.702
110.209
83.7165
57.2228
30.7275
4.23026
-22.2694
-48.7711
-75.2754
-101.782
-128.29
-154.8
-181.313
-207.826
-234.34
-260.855
-287.369
-313.882
-340.393
-366.901
-393.405
-419.905
-446.4
-472.89
-499.378
-525.866
-552.355
-578.849
-605.352
-631.867
-658.395
-684.938
-711.496
-738.067
-764.648
-791.236
-817.814
481.325
454.829
428.314
401.796
375.275
348.752
322.231
295.713
269.199
242.691
216.188
189.689
163.193
136.699
110.206
83.713
57.219
30.7234
4.22599
-22.2738
-48.7756
-75.28
-101.786
-128.295
-154.806
-181.318
-207.831
-234.346
-260.861
-287.376
-313.89
-340.401
-366.909
-393.414
-419.913
-446.407
-472.897
-499.384
-525.869
-552.356
-578.848
-605.348
-631.861
-658.388
-684.931
-711.489
-738.063
-764.647
-791.241
-817.823
481.339
454.842
428.325
401.805
375.283
348.759
322.236
295.717
269.202
242.692
216.188
189.688
163.191
136.697
110.203
83.7098
57.2155
30.7197
4.22209
-22.2778
-48.7798
-75.2842
-101.791
-128.3
-154.81
-181.323
-207.837
-234.352
-260.867
-287.383
-313.897
-340.409
-366.918
-393.423
-419.922
-446.416
-472.905
-499.39
-525.873
-552.358
-578.847
-605.345
-631.856
-658.381
-684.924
-711.483
-738.058
-764.646
-791.246
-817.834
481.356
454.857
428.337
401.816
375.292
348.767
322.242
295.721
269.205
242.694
216.189
189.688
163.191
136.696
110.202
83.7078
57.2132
30.7172
4.21953
-22.2804
-48.7824
-75.2869
-101.793
-128.302
-154.813
-181.326
-207.84
-234.356
-260.872
-287.388
-313.903
-340.416
-366.926
-393.431
-419.93
-446.424
-472.912
-499.397
-525.878
-552.359
-578.846
-605.341
-631.85
-658.374
-684.917
-711.476
-738.054
-764.646
-791.252
-817.848
481.375
454.875
428.351
401.829
375.303
348.777
322.25
295.728
269.21
242.698
216.192
189.69
163.192
136.696
110.202
83.7074
57.2127
30.7165
4.21873
-22.2813
-48.7834
-75.2881
-101.795
-128.304
-154.815
-181.329
-207.844
-234.36
-260.877
-287.395
-313.911
-340.425
-366.935
-393.441
-419.94
-446.434
-472.921
-499.404
-525.883
-552.361
-578.844
-605.337
-631.843
-658.366
-684.909
-711.47
-738.05
-764.646
-791.259
-817.865
481.404
454.906
428.383
401.859
375.33
348.799
322.268
295.741
269.219
242.704
216.194
189.69
163.19
136.692
110.196
83.6999
57.2036
30.7059
4.20647
-22.2953
-48.7995
-75.3064
-101.816
-128.328
-154.843
-181.36
-207.879
-234.399
-260.921
-287.442
-313.962
-340.479
-366.992
-393.497
-419.995
-446.484
-472.965
-499.436
-525.907
-552.378
-578.853
-605.337
-631.839
-658.361
-684.907
-711.475
-738.065
-764.669
-791.29
-817.875
481.482
455.018
428.491
401.96
375.415
348.867
322.318
295.773
269.235
242.705
216.182
189.666
163.155
136.647
110.141
83.6358
57.1298
30.6222
4.11227
-22.4007
-48.9169
-75.4369
-101.961
-128.488
-155.02
-181.555
-208.093
-234.633
-261.173
-287.712
-314.247
-340.775
-367.293
-393.797
-420.285
-446.755
-473.208
-499.645
-526.073
-552.5
-578.935
-605.388
-631.871
-658.39
-684.95
-711.547
-738.175
-764.812
-791.455
-817.99
481.681
455.344
428.808
402.257
375.667
349.066
322.462
295.862
269.272
242.693
216.125
189.566
163.015
136.468
109.924
83.3807
56.8363
30.2893
3.73858
-22.8172
-49.3786
-75.9466
-102.521
-129.103
-155.692
-182.287
-208.885
-235.486
-262.085
-288.677
-315.256
-341.814
-368.345
-394.842
-421.298
-447.71
-474.079
-500.411
-526.717
-553.016
-579.332
-605.691
-632.113
-658.615
-685.204
-711.868
-738.586
-765.291
-791.967
-818.299
481.963
455.814
429.261
402.693
376.047
349.381
322.702
296.025
269.358
242.702
216.058
189.424
162.798
136.177
109.559
82.9409
56.321
29.6972
3.06819
-23.5676
-50.2113
-76.8638
-103.526
-130.197
-156.876
-183.563
-210.254
-236.944
-263.626
-290.293
-316.934
-343.538
-370.091
-396.583
-423.003
-449.347
-475.618
-501.822
-527.979
-554.119
-580.283
-606.509
-632.832
-659.276
-685.852
-712.539
-739.303
-766.017
-792.679
-818.688
482.028
455.894
429.324
402.774
376.142
349.489
322.816
296.139
269.461
242.786
216.114
189.446
162.78
136.115
109.449
82.7818
56.1116
29.4376
2.7592
-23.9245
-50.6138
-77.3094
-104.011
-130.719
-157.431
-184.146
-210.862
-237.573
-264.273
-290.956
-317.611
-344.228
-370.798
-397.308
-423.751
-450.121
-476.421
-502.655
-528.838
-555.001
-581.17
-607.376
-633.653
-660.02
-686.487
-713.039
-739.654
-766.216
-792.785
-818.704
481.932
455.675
429.087
402.575
376.004
349.42
322.813
296.192
269.557
242.912
216.256
189.593
162.922
136.245
109.563
82.8769
56.1869
29.494
2.79887
-23.8979
-50.5958
-77.2943
-103.993
-130.69
-157.386
-184.078
-210.764
-237.443
-264.111
-290.764
-317.397
-344.006
-370.585
-397.129
-423.633
-450.093
-476.511
-502.881
-529.211
-555.52
-581.804
-608.075
-634.352
-660.643
-686.958
-713.292
-739.659
-765.994
-792.442
-818.488
481.829
455.427
428.824
402.35
375.848
349.34
322.807
296.248
269.661
243.048
216.412
189.755
163.081
136.393
109.694
82.9885
56.2785
29.5665
2.85464
-23.855
-50.5608
-77.2611
-103.954
-130.64
-157.315
-183.981
-210.635
-237.279
-263.91
-290.53
-317.14
-343.739
-370.329
-396.91
-423.481
-450.041
-476.587
-503.107
-529.602
-556.067
-582.476
-608.819
-635.096
-661.305
-687.453
-713.553
-739.651
-765.746
-792.062
-818.269
481.739
455.207
428.6
402.156
375.708
349.262
322.788
296.282
269.739
243.158
216.544
189.9
163.232
136.544
109.843
83.1331
56.4182
29.7022
2.98841
-23.7201
-50.4208
-77.1114
-103.79
-130.454
-157.104
-183.739
-210.358
-236.964
-263.559
-290.146
-316.73
-343.316
-369.911
-396.518
-423.142
-449.781
-476.433
-503.08
-529.73
-556.31
-582.831
-609.244
-635.538
-661.699
-687.734
-713.666
-739.567
-765.489
-791.702
-818.07
481.653
455.077
428.51
402.044
375.585
349.13
322.658
296.165
269.647
243.104
216.539
189.953
163.35
136.736
110.111
83.4817
56.8491
30.2162
3.58545
-23.0412
-49.6619
-76.2751
-102.879
-129.474
-156.058
-182.631
-209.195
-235.75
-262.298
-288.844
-315.391
-341.944
-368.508
-395.088
-421.687
-448.305
-474.94
-501.581
-528.262
-554.831
-581.393
-607.88
-634.279
-660.578
-686.781
-712.905
-738.999
-765.114
-791.416
-817.912
-0.00109632
-0.000962134
-0.000829216
-0.000713753
-0.000612961
-0.000524411
-0.000448118
-0.000383472
-0.000330794
-0.000289323
-0.000257993
-0.000234267
-0.000216251
-0.000201671
-0.000189305
-0.000175263
-0.000159261
-0.000139156
-0.000113581
-8.16968e-05
-4.29191e-05
3.28275e-06
5.77422e-05
0.000121561
0.000196073
0.000282041
0.000379314
0.000485849
0.000596581
0.000705232
0.000803334
0.000887082
0.00094921
0.00098833
0.00102048
0.0010358
0.00103457
0.00101437
0.000980997
0.000942934
0.00090483
0.000868683
0.000837069
0.000808109
0.000783372
0.000770998
0.000742542
0.0007681
0.000734642
0.000786484
-0.00110575
-0.000962417
-0.000827112
-0.000710556
-0.000608532
-0.000518665
-0.000440573
-0.000374188
-0.00032022
-0.000278094
-0.000246168
-0.000222542
-0.000204539
-0.000189656
-0.000175857
-0.000161976
-0.000145656
-0.000124884
-9.84322e-05
-6.55469e-05
-2.57367e-05
2.14961e-05
7.70668e-05
0.000142333
0.000218971
0.000307998
0.000408977
0.000519118
0.000634295
0.000747035
0.000852555
0.000937968
0.000998355
0.0010303
0.001041
0.00104299
0.00103151
0.00100694
0.000968738
0.000923808
0.000879241
0.000839058
0.000805333
0.000776319
0.000752355
0.000739664
0.00071346
0.000733449
0.000692376
0.000783605
-0.00109606
-0.000953418
-0.000820836
-0.000706673
-0.000607056
-0.000519623
-0.00044435
-0.000380686
-0.000328893
-0.000288172
-0.000257454
-0.000234164
-0.000216433
-0.000201987
-0.000189606
-0.000175351
-0.000158991
-0.000138381
-0.00011218
-7.95737e-05
-4.00029e-05
7.05092e-06
6.24034e-05
0.00012714
0.000202543
0.000289323
0.000387062
0.000493589
0.000603815
0.000711322
0.000807572
0.000888957
0.000948424
0.000984855
0.00101484
0.00102819
0.00102543
0.00100406
0.000970999
0.000933074
0.000895582
0.000860974
0.0008308
0.000802883
0.000778347
0.000764579
0.00073364
0.000755086
0.000713716
0.000770045
-0.00108485
-0.000942978
-0.000812975
-0.000701007
-0.000603196
-0.000516614
-0.000441402
-0.000377338
-0.000325133
-0.000284268
-0.000252923
-0.000229654
-0.000211496
-0.000196248
-0.000181613
-0.000167284
-0.000150195
-0.00012875
-0.000101711
-6.83244e-05
-2.80653e-05
1.95925e-05
7.55576e-05
0.000141077
0.000217628
0.00030603
0.00040563
0.000513763
0.000626122
0.000736772
0.000836565
0.000919558
0.000978897
0.00101476
0.00102612
0.00102909
0.00101985
0.000996335
0.000961861
0.00092074
0.000879327
0.000840918
0.000807956
0.000778194
0.000752758
0.000738795
0.000706332
0.000727861
0.000690647
0.000730386
-0.00107708
-0.000935406
-0.000807674
-0.00069776
-0.000601888
-0.000517252
-0.000444395
-0.000382453
-0.000331844
-0.0002915
-0.000260565
-0.000236411
-0.000217509
-0.000201644
-0.000187154
-0.000171624
-0.000153661
-0.000131627
-0.00010423
-7.06773e-05
-3.03817e-05
1.7167e-05
7.27468e-05
0.000137301
0.000211913
0.000297042
0.000392102
0.000494674
0.000600221
0.000702266
0.000795472
0.000872637
0.000929902
0.000964396
0.000994121
0.00100659
0.00100228
0.000982311
0.000951164
0.000915023
0.000878815
0.000844664
0.000814469
0.000785963
0.000760551
0.000746305
0.000711967
0.000732153
0.00069849
0.000724029
-0.00106671
-0.000926008
-0.000800879
-0.000692946
-0.00059882
-0.00051511
-0.000442462
-0.000380301
-0.000329241
-0.000288613
-0.000256828
-0.000232285
-0.00021255
-0.000195599
-0.000179587
-0.000163256
-0.000144513
-0.000121811
-9.39387e-05
-6.01374e-05
-1.97891e-05
2.76586e-05
8.30523e-05
0.00014736
0.00022167
0.000306371
0.00040065
0.000502004
0.000606358
0.000708081
0.000799814
0.000877234
0.000935886
0.000971721
0.000984919
0.000989705
0.000983756
0.000964285
0.000934026
0.000897958
0.000861085
0.000825934
0.000795037
0.000766582
0.000741326
0.000728062
0.00069498
0.00071341
0.000684992
0.000710294
-0.00105958
-0.000919209
-0.000794938
-0.000688945
-0.000596554
-0.00051457
-0.000443888
-0.000383415
-0.000333409
-0.000292819
-0.000260813
-0.000235328
-0.000214636
-0.000196801
-0.000180054
-0.000162652
-0.000142995
-0.000119636
-9.13551e-05
-5.73995e-05
-1.71292e-05
2.99595e-05
8.46122e-05
0.00014758
0.000219716
0.000301189
0.000391266
0.000487547
0.000586066
0.000681453
0.000768098
0.000839878
0.000892902
0.000929364
0.00095788
0.000968711
0.000964289
0.000946783
0.000919543
0.000886933
0.000853373
0.000820812
0.000791456
0.000764047
0.000738747
0.000725325
0.000693047
0.000708694
0.000683389
0.000708533
-0.00104632
-0.000908796
-0.000787952
-0.000684157
-0.000593419
-0.000512535
-0.000442198
-0.00038169
-0.000331587
-0.000290947
-0.000258475
-0.000232495
-0.000211019
-0.000192248
-0.000174518
-0.000156371
-0.000136051
-0.000112203
-8.3632e-05
-4.96102e-05
-9.44742e-06
3.73845e-05
9.16555e-05
0.000154056
0.000225375
0.000305664
0.000394062
0.000488172
0.00058432
0.000677338
0.000761618
0.000833332
0.000896881
0.000923544
0.00093945
0.000947987
0.0009441
0.000927712
0.0009018
0.000870293
0.000837474
0.000805422
0.000776492
0.000750034
0.000725259
0.000712641
0.000682474
0.000695936
0.000675109
0.000701756
-0.00103848
-0.000903322
-0.000781113
-0.000679513
-0.00059055
-0.000511341
-0.000442755
-0.000383666
-0.000334138
-0.000293424
-0.000260555
-0.000233796
-0.000211459
-0.000191821
-0.000173172
-0.000154083
-0.000132949
-0.000108506
-7.956e-05
-4.54292e-05
-5.41171e-06
4.09757e-05
9.44557e-05
0.00015557
0.000224984
0.000302596
0.000387583
0.000477634
0.000569281
0.000657808
0.000738082
0.000804619
0.000840942
0.000892467
0.000918594
0.000928011
0.000925079
0.000910333
0.000886696
0.000857604
0.000826978
0.000796594
0.000768616
0.00074297
0.000718339
0.000705576
0.000676795
0.000687816
0.00066965
0.00069639
-0.00102132
-0.000889611
-0.000773681
-0.00067452
-0.000587299
-0.000509351
-0.000441231
-0.000382348
-0.00033311
-0.000292458
-0.000259316
-0.000232102
-0.000209082
-0.00018868
-0.000169284
-0.000149533
-0.000127809
-0.000102951
-7.37559e-05
-3.95786e-05
3.18117e-07
4.64029e-05
9.94009e-05
0.000159757
0.00022807
0.000304127
0.000387067
0.000474588
0.000563439
0.000649096
0.000726824
0.000793023
0.000854737
0.000878103
0.000898451
0.000908034
0.000905772
0.000892177
0.000870018
0.000842363
0.000813015
0.000783709
0.000756574
0.000731999
0.000707997
0.000695672
0.000668663
0.000677723
0.000662652
0.000688858
-0.00100842
-0.000879862
-0.00076615
-0.000669406
-0.000584049
-0.000507712
-0.000441318
-0.000383456
-0.000334553
-0.00029383
-0.000260295
-0.000232449
-0.000208673
-0.000187471
-0.000167215
-0.000146669
-0.000124257
-9.89119e-05
-6.94256e-05
-3.52106e-05
4.49158e-06
5.01105e-05
0.00010235
0.000161542
0.000228216
0.000302041
0.00038218
0.000466396
0.000551656
0.000633726
0.000708152
0.000770493
0.00080874
0.000856118
0.000878873
0.000888906
0.000887458
0.000875206
0.000854822
0.000828988
0.000801279
0.000773248
0.000746933
0.000723126
0.00069951
0.000687157
0.000661526
0.00066864
0.00065553
0.000680241
-0.000991293
-0.000867767
-0.000758317
-0.000664075
-0.000580569
-0.000505611
-0.000439713
-0.000382457
-0.000333985
-0.000293381
-0.00025966
-0.000231414
-0.00020705
-0.000185211
-0.000164296
-0.000143144
-0.000120186
-9.44633e-05
-6.47436e-05
-3.05022e-05
9.05468e-06
5.43124e-05
0.000105971
0.000164267
0.000229684
0.000301786
0.000379749
0.000461363
0.000543792
0.000623027
0.000695008
0.000756295
0.000810949
0.000837476
0.000859651
0.000869959
0.000869197
0.000858058
0.000839129
0.000814779
0.000788466
0.00076163
0.00073625
0.000713379
0.000690388
0.000678207
0.000653956
0.000659312
0.000647991
0.000670547
-0.000974286
-0.000855847
-0.000750227
-0.000658553
-0.000576973
-0.000503587
-0.00043928
-0.000382812
-0.000334638
-0.000294017
-0.000259976
-0.00023123
-0.000206215
-0.000183685
-0.000162041
-0.000140242
-0.000116718
-9.06166e-05
-6.06798e-05
-2.64582e-05
1.2892e-05
5.76839e-05
0.000108626
0.000165849
0.000229802
0.000299952
0.000375509
0.000454299
0.000533686
0.000609859
0.000678993
0.000737626
0.000779463
0.000818806
0.000841038
0.000851635
0.000851578
0.000841567
0.000824108
0.000801258
0.000776336
0.000750644
0.000726113
0.000704022
0.000681583
0.000669439
0.000646393
0.000650046
0.000640087
0.000659985
-0.000956312
-0.000843524
-0.000741876
-0.000652818
-0.00057317
-0.000501251
-0.000437638
-0.000381938
-0.000334235
-0.000293769
-0.000259587
-0.000230501
-0.000204974
-0.000181891
-0.000159639
-0.000137293
-0.000113272
-8.68415e-05
-5.67071e-05
-2.25062e-05
1.66655e-05
6.10335e-05
0.000111331
0.000167586
0.000230229
0.000298633
0.000372049
0.000448334
0.000525044
0.000598568
0.000665452
0.000722489
0.00076966
0.000800814
0.000822813
0.000833649
0.00083424
0.000825254
0.000809135
0.000787674
0.000764083
0.000739534
0.000715904
0.000694618
0.000672789
0.000660692
0.000638741
0.000640845
0.000631783
0.000648754
-0.000937793
-0.000830834
-0.000733265
-0.000646869
-0.000569191
-0.000498836
-0.000436637
-0.000381674
-0.000334303
-0.000293896
-0.000259492
-0.000230026
-0.000203963
-0.000180318
-0.000157463
-0.000134594
-0.000110105
-8.3378e-05
-5.30786e-05
-1.89358e-05
2.00211e-05
6.39175e-05
0.00011352
0.000168753
0.000230037
0.000296658
0.000367916
0.000441692
0.000515724
0.000586551
0.000650949
0.000705994
0.00074966
0.000783201
0.00080507
0.000816123
0.000817335
0.000809326
0.000794481
0.000774339
0.000752014
0.000728551
0.000705794
0.000685258
0.000664039
0.000651964
0.000630991
0.000631656
0.000623154
0.000637032
-0.000918984
-0.000817876
-0.000724398
-0.000640688
-0.00056499
-0.000496161
-0.000434864
-0.000380719
-0.000333836
-0.000293617
-0.000259109
-0.000229367
-0.000202858
-0.000178733
-0.000155338
-0.000131998
-0.000107082
-8.00901e-05
-4.96444e-05
-1.55703e-05
2.31714e-05
6.66035e-05
0.000115531
0.000169775
0.000229761
0.000294691
0.000363921
0.00043536
0.000506924
0.000575318
0.000637637
0.000690992
0.00073384
0.000766058
0.000787745
0.000798988
0.000800784
0.000793691
0.000780043
0.000761151
0.000740044
0.000717638
0.000695746
0.000675928
0.000655317
0.000643246
0.000623135
0.000622452
0.000614275
0.000624971
-0.000900022
-0.000804685
-0.000715279
-0.000634272
-0.000560567
-0.00049331
-0.000433291
-0.000379918
-0.000333431
-0.000293356
-0.000258725
-0.000228716
-0.000201783
-0.000177211
-0.000153316
-0.000129549
-0.000104244
-7.70225e-05
-4.64598e-05
-1.24786e-05
2.60255e-05
6.89757e-05
0.000117213
0.000170462
0.000229155
0.000292419
0.000359669
0.000428833
0.000497993
0.000563987
0.00062414
0.000675736
0.00071775
0.000749347
0.000770838
0.000782246
0.000784589
0.000778357
0.000765835
0.000748126
0.000728183
0.000706792
0.000685751
0.000666615
0.000646605
0.000634523
0.000615163
0.000613222
0.000605708
0.000612273
-0.00088103
-0.0007913
-0.000705911
-0.000627606
-0.000555905
-0.000490212
-0.000431242
-0.000378707
-0.000332724
-0.000292875
-0.000258192
-0.000227976
-0.000200676
-0.000175706
-0.00015136
-0.000127206
-0.000101553
-7.41316e-05
-4.3477e-05
-9.60494e-06
2.86477e-05
7.11125e-05
0.000118661
0.000170931
0.000228362
0.000290019
0.000355373
0.000422381
0.000489282
0.00055305
0.000611259
0.000661307
0.000702113
0.000733049
0.00075433
0.00076588
0.000768736
0.000763313
0.000751851
0.000735263
0.00071643
0.000696013
0.000675802
0.000657311
0.000637887
0.00062578
0.000607064
0.000603938
0.000595634
0.000599447
-0.000862101
-0.000777754
-0.000696295
-0.000620681
-0.000550933
-0.000486825
-0.000429096
-0.000377388
-0.000331882
-0.00029226
-0.000257548
-0.00022716
-0.000199538
-0.000174215
-0.000149465
-0.000124966
-9.90059e-05
-7.1414e-05
-4.06959e-05
-6.95199e-06
3.10308e-05
7.30031e-05
0.000119857
0.000171155
0.000227342
0.000287434
0.000350952
0.000415883
0.000480607
0.000542225
0.000598515
0.000646927
0.000686842
0.000717151
0.000738208
0.000749878
0.00075321
0.000748547
0.000738079
0.000722554
0.000704777
0.000685295
0.000665888
0.000648006
0.000629145
0.000617003
0.000598835
0.000594595
0.000585475
0.000586676
-0.000843301
-0.000764077
-0.000686435
-0.000613488
-0.000545784
-0.000483282
-0.000426637
-0.000375781
-0.000330803
-0.000291453
-0.000256762
-0.000226243
-0.000198351
-0.000172715
-0.000147613
-0.000122806
-9.65823e-05
-6.88477e-05
-3.80957e-05
-4.49715e-06
3.3198e-05
7.46741e-05
0.000120828
0.000171169
0.000226136
0.000284712
0.000346459
0.000409409
0.000472063
0.000531652
0.000586145
0.000633132
0.000671955
0.000701635
0.000722456
0.000734227
0.000737999
0.00073405
0.000724513
0.000709995
0.00069322
0.000674633
0.000655998
0.00063869
0.000620366
0.000608178
0.000590477
0.000585187
0.000575233
0.00057396
-0.000824675
-0.000750291
-0.000676332
-0.000606008
-0.000540127
-0.000479123
-0.000423857
-0.000373901
-0.000329501
-0.000290451
-0.000255825
-0.000225212
-0.000197101
-0.000171193
-0.00014579
-0.000120712
-9.42686e-05
-6.6417e-05
-3.56681e-05
-2.22027e-06
3.51621e-05
7.61391e-05
0.000121587
0.000170985
0.000224749
0.000281855
0.000341889
0.000402938
0.000463606
0.000521257
0.00057401
0.000619473
0.00065742
0.000686488
0.00070706
0.000718914
0.000723087
0.00071981
0.000711143
0.000697582
0.000681754
0.000664021
0.000646123
0.000629353
0.000611535
0.000599295
0.000581988
0.000575711
0.000564925
0.000561346
-0.000806252
-0.000736415
-0.000665995
-0.000598272
-0.000534508
-0.000475217
-0.000420958
-0.000371846
-0.000327997
-0.000289251
-0.000254721
-0.000224049
-0.000195775
-0.000169631
-0.000143982
-0.000118664
-9.20498e-05
-6.41052e-05
-3.33954e-05
-1.07665e-07
3.6938e-05
7.74151e-05
0.000122149
0.000170621
0.000223199
0.000278882
0.000337257
0.000396489
0.000455256
0.000511066
0.000562165
0.000606329
0.000643232
0.000671693
0.000692002
0.000703925
0.000708462
0.000705819
0.000697963
0.000685309
0.000670371
0.000653454
0.000636252
0.000619987
0.000602641
0.000590344
0.000573369
0.000566168
0.000554572
0.000548869
-0.000788051
-0.000722461
-0.000655413
-0.000590181
-0.000527989
-0.000470227
-0.000417408
-0.000369262
-0.000326104
-0.000287751
-0.000253412
-0.000222736
-0.00019436
-0.000168017
-0.000142175
-0.00011665
-8.99112e-05
-6.18967e-05
-3.12614e-05
1.85485e-06
3.85411e-05
7.85173e-05
0.00012253
0.000170091
0.000221501
0.000275806
0.000332573
0.000390064
0.000447006
0.000501061
0.000550571
0.000593287
0.000629363
0.000657225
0.000677257
0.00068924
0.000694113
0.00069207
0.000684964
0.00067317
0.000659065
0.000642926
0.00062638
0.000610586
0.000593678
0.000581319
0.000564624
0.000556561
0.000544194
0.000536559
-0.000770057
-0.000708418
-0.000644623
-0.000581923
-0.000522241
-0.000465885
-0.000414127
-0.000366823
-0.000324244
-0.0002862
-0.000252018
-0.000221308
-0.000192861
-0.000166334
-0.000140356
-0.000114652
-8.7842e-05
-5.97765e-05
-2.92557e-05
3.68049e-06
3.99806e-05
7.94594e-05
0.00012274
0.00016941
0.000219664
0.000272638
0.000327844
0.000383672
0.000438858
0.000491243
0.000539232
0.000581178
0.000615943
0.000643231
0.000662972
0.000674983
0.00068011
0.000678593
0.000672147
0.000661159
0.000647834
0.000632441
0.000616503
0.000601147
0.000584639
0.000572217
0.00055576
0.000546908
0.000533822
0.00052444
-0.000752315
-0.000694298
-0.000633485
-0.00057308
-0.000514541
-0.000459899
-0.000409594
-0.000363311
-0.000321547
-0.000283995
-0.000250159
-0.000219557
-0.000191165
-0.000164539
-0.000138501
-0.000112664
-8.58256e-05
-5.77353e-05
-2.73598e-05
5.37923e-06
4.12747e-05
8.02525e-05
0.000122797
0.00016859
0.000217707
0.000269389
0.000323082
0.000377321
0.000430825
0.00048162
0.000528128
0.000568365
0.000602441
0.000629113
0.000648526
0.000660578
0.000666011
0.000665103
0.000659384
0.000649247
0.000636691
0.000621997
0.000606632
0.000591677
0.000575537
0.000563051
0.0005468
0.000537228
0.000523479
0.000512531
-0.000677828
-0.000634405
-0.000586619
-0.000536787
-0.000488574
-0.000440483
-0.000395188
-0.00035256
-0.000313259
-0.00027708
-0.0002439
-0.00021325
-0.000184578
-0.00015733
-0.000130824
-0.000104446
-7.74621e-05
-4.94003e-05
-1.96463e-05
1.21242e-05
4.63101e-05
8.30674e-05
0.000122529
0.000164567
0.000208958
0.000255211
0.000302669
0.000350271
0.000396894
0.000441183
0.000481915
0.000518551
0.00054941
0.000574261
0.000592811
0.000604987
0.000611175
0.000611772
0.000607897
0.000600075
0.000589857
0.000577623
0.000564421
0.000550987
0.000536415
0.000523675
0.000508174
0.000495766
0.000479422
0.000462692
-0.000568006
-0.00053844
-0.000503975
-0.000466341
-0.000427746
-0.000389355
-0.000352309
-0.0003167
-0.000283276
-0.000251686
-0.000222185
-0.000194217
-0.000167693
-0.000141989
-0.000116752
-9.14911e-05
-6.58098e-05
-3.93046e-05
-1.16152e-05
1.75253e-05
4.83454e-05
8.09503e-05
0.000115384
0.000151526
0.000189135
0.000227755
0.000266793
0.000305596
0.00034333
0.000379142
0.000412202
0.000441142
0.00046592
0.000486202
0.000501894
0.000513014
0.000519775
0.000522432
0.000521559
0.000517471
0.000511013
0.000502357
0.000492227
0.000480901
0.000468179
0.000455401
0.000440447
0.000425711
0.000407579
0.00038753
-0.000474762
-0.000453949
-0.000429486
-0.000401642
-0.000372523
-0.000342295
-0.000312334
-0.000282663
-0.000254059
-0.00022636
-0.000199895
-0.000174356
-0.000149833
-0.000125847
-0.000102274
-7.87269e-05
-5.49789e-05
-3.06485e-05
-5.55328e-06
2.05093e-05
4.76745e-05
7.60081e-05
0.000105471
0.000135953
0.00016729
0.000199129
0.000231043
0.000262532
0.000293009
0.000321805
0.000348483
0.000372522
0.000393443
0.000410928
0.0004248
0.000434996
0.000441594
0.00044479
0.000444938
0.000442333
0.000437506
0.000430689
0.000422407
0.000412733
0.000401674
0.000389658
0.000375801
0.000360889
0.00034336
0.00032362
-0.000393762
-0.000378138
-0.000359539
-0.000337994
-0.000315197
-0.000291168
-0.000267136
-0.000242898
-0.000219313
-0.000196067
-0.000173655
-0.000151649
-0.000130229
-0.000109075
-8.81945e-05
-6.72199e-05
-4.61058e-05
-2.45496e-05
-2.45245e-06
2.03138e-05
4.38258e-05
6.81063e-05
9.31186e-05
0.000118788
0.000144866
0.000171137
0.000197266
0.0002229
0.000247685
0.000271128
0.000292646
0.000311922
0.000328719
0.000342887
0.000354328
0.000362992
0.000368942
0.000372291
0.000373202
0.000371869
0.000368507
0.000363351
0.000356591
0.000348404
0.000338759
0.000327895
0.000315393
0.000301551
0.000285646
0.000267837
-0.000321251
-0.000309519
-0.000295526
-0.000279302
-0.000261859
-0.000243156
-0.000224096
-0.000204567
-0.000185224
-0.000165866
-0.000146939
-0.000128199
-0.000109863
-9.15984e-05
-7.36928e-05
-5.55354e-05
-3.73171e-05
-1.88345e-05
-5.49355e-09
1.92493e-05
3.89688e-05
5.91579e-05
7.97689e-05
0.000100697
0.000121821
0.000142939
0.000163806
0.000184107
0.000203619
0.000222153
0.000239377
0.000254987
0.00026874
0.000280465
0.000290042
0.000297435
0.000302633
0.000305722
0.000306793
0.000306048
0.000303568
0.000299584
0.0002941
0.000287352
0.000279221
0.000269917
0.000259164
0.000247138
0.000233486
0.000218319
-0.000255854
-0.000246868
-0.000236348
-0.000223846
-0.000210693
-0.000196194
-0.000181435
-0.000166084
-0.000150825
-0.000135362
-0.000120162
-0.000104915
-8.99192e-05
-7.4806e-05
-6.02752e-05
-4.51521e-05
-3.00721e-05
-1.4796e-05
7.12589e-07
1.65034e-05
3.25924e-05
4.89725e-05
6.56012e-05
8.24112e-05
9.92925e-05
0.000116123
0.000132764
0.000148972
0.000164438
0.000178975
0.000192384
0.000204497
0.000215171
0.000224309
0.000231839
0.000237721
0.000241945
0.000244558
0.000245584
0.000245159
0.00024329
0.000240178
0.000235769
0.000230275
0.000223576
0.000215858
0.000206938
0.000196963
0.00018574
0.000173377
-0.00019443
-0.00018787
-0.000180089
-0.000171029
-0.00016123
-0.000150554
-0.000139503
-0.000127961
-0.000116363
-0.000104527
-9.28287e-05
-8.09991e-05
-6.93806e-05
-5.75591e-05
-4.60766e-05
-3.43166e-05
-2.25429e-05
-1.06485e-05
1.39053e-06
1.35997e-05
2.5982e-05
3.85263e-05
5.11947e-05
6.39261e-05
7.66044e-05
8.90976e-05
0.000101342
0.000113283
0.000124756
0.000135606
0.000145681
0.000154841
0.000162968
0.000169977
0.000175803
0.000180409
0.000183775
0.000185929
0.000186875
0.000186712
0.00018542
0.000183152
0.000179845
0.000175666
0.000170515
0.000164543
0.000157625
0.000149889
0.000141222
0.000131721
-0.00013703
-0.000132462
-0.000127224
-0.000120883
-0.0001143
-0.000106855
-9.92771e-05
-9.11929e-05
-8.3121e-05
-7.47758e-05
-6.6528e-05
-5.81185e-05
-4.98599e-05
-4.13475e-05
-3.31358e-05
-2.46614e-05
-1.61992e-05
-7.64833e-06
9.97288e-07
9.74971e-06
1.86056e-05
2.75548e-05
3.65685e-05
4.56093e-05
5.46673e-05
6.36547e-05
7.24409e-05
8.09313e-05
8.90218e-05
9.6625e-05
0.000103645
0.000109999
0.000115619
0.000120458
0.000124475
0.00012765
0.000129968
0.000131446
0.00013208
0.000131934
0.000130986
0.00012934
0.000126946
0.000123921
0.000120196
0.000115882
0.000110898
0.000105345
9.9157e-05
9.24113e-05
-8.10782e-05
-7.83777e-05
-7.52387e-05
-7.15659e-05
-6.76315e-05
-6.32919e-05
-5.88036e-05
-5.40503e-05
-4.92622e-05
-4.43094e-05
-3.93981e-05
-3.4369e-05
-2.94681e-05
-2.43786e-05
-1.94466e-05
-1.43927e-05
-9.33714e-06
-4.23832e-06
9.07702e-07
6.10708e-06
1.13555e-05
1.66459e-05
2.19611e-05
2.72746e-05
3.2484e-05
3.76248e-05
4.26392e-05
4.75038e-05
5.21727e-05
5.65871e-05
6.0693e-05
6.44412e-05
6.77845e-05
7.06891e-05
7.31269e-05
7.50796e-05
7.65326e-05
7.74906e-05
7.79468e-05
7.79348e-05
7.74371e-05
7.65127e-05
7.51296e-05
7.33578e-05
7.11547e-05
6.85904e-05
6.56193e-05
6.2308e-05
5.86215e-05
5.46104e-05
-2.68781e-05
-2.60317e-05
-2.50554e-05
-2.38776e-05
-2.26538e-05
-2.12249e-05
-1.98227e-05
-1.82375e-05
-1.67279e-05
-1.50638e-05
-1.34638e-05
-1.17908e-05
-1.01552e-05
-8.45118e-06
-6.80959e-06
-5.08497e-06
-3.37409e-06
-1.64e-06
1.13229e-07
1.88787e-06
3.68191e-06
5.49308e-06
7.31579e-06
9.149e-06
1.09954e-05
1.28292e-05
1.46217e-05
1.63467e-05
1.79805e-05
1.95017e-05
2.08928e-05
2.21387e-05
2.3228e-05
2.41536e-05
2.4909e-05
2.54921e-05
2.59008e-05
2.61401e-05
2.62088e-05
2.61204e-05
2.58696e-05
2.54778e-05
2.49347e-05
2.42652e-05
2.34559e-05
2.25316e-05
2.14786e-05
2.03204e-05
1.90468e-05
1.76767e-05
)
;

boundaryField
{
    inlet_water
    {
        type            fixedFluxPressure;
        gradient        nonuniform List<scalar> 
25
(
3955.55
3955.55
3955.58
3955.58
3955.56
3955.53
3955.49
3955.43
3955.35
3955.26
3955.17
3955.07
3954.99
3954.94
3954.96
3955.17
3956.18
3962.93
3996.53
4046.18
4074.58
4089.93
4109.28
4125.78
4089.03
)
;
        value           nonuniform List<scalar> 
25
(
494.511
494.511
494.512
494.514
494.516
494.519
494.523
494.528
494.534
494.542
494.551
494.562
494.574
494.588
494.605
494.625
494.657
494.757
495.07
495.518
495.677
495.633
495.595
495.561
495.352
)
;
    }
    inlet_air
    {
        type            fixedFluxPressure;
        gradient        nonuniform List<scalar> 
35
(
44.1093
-0.026275
-0.0261113
-0.025883
-0.025668
-0.0252339
-0.0247705
-0.0238313
-0.0248596
-0.0218303
-0.0208154
-0.0195972
-0.0184485
-0.0173073
-0.0161585
-0.0150811
-0.0140656
-0.0131138
-0.0122267
-0.0114034
-0.0106417
-0.00993843
-0.00929069
-0.00869214
-0.00814297
-0.00598215
-0.00405099
-0.00285231
-0.00215201
-0.001623
-0.00124958
-0.000915021
-0.000639302
-0.000378921
-0.000118673
)
;
        value           nonuniform List<scalar> 
35
(
0.14667
-0.00119377
-0.00118353
-0.00117156
-0.00116307
-0.00115124
-0.00114257
-0.00112616
-0.00112176
-0.00109445
-0.00107815
-0.00105694
-0.00103609
-0.00101429
-0.000991924
-0.000969506
-0.000947141
-0.000924961
-0.00090306
-0.000881502
-0.000860325
-0.000839546
-0.000819174
-0.000799176
-0.000779594
-0.000697868
-0.000581577
-0.000484318
-0.000400971
-0.000326688
-0.00026004
-0.000197495
-0.000139171
-8.23476e-05
-2.72756e-05
)
;
    }
    outlet_water
    {
        type            fixedFluxPressure;
        gradient        nonuniform List<scalar> 
25
(
-3965.47
-3965.47
-3965.59
-3965.67
-3965.79
-3965.94
-3966.13
-3966.34
-3966.59
-3966.87
-3967.19
-3967.56
-3968.01
-3968.58
-3969.41
-3970.81
-3970.01
-3976.75
-4004.64
-4039.36
-4057.79
-4073.08
-4094.58
-4115.26
-4087.26
)
;
        value           nonuniform List<scalar> 
25
(
-831.067
-831.067
-831.069
-831.07
-831.071
-831.073
-831.076
-831.079
-831.084
-831.09
-831.097
-831.105
-831.116
-831.129
-831.145
-831.167
-831.175
-831.312
-831.714
-832.22
-832.298
-832.133
-831.985
-831.856
-831.604
)
;
    }
    outlet_air
    {
        type            fixedFluxPressure;
        gradient        nonuniform List<scalar> 
35
(
-47.8265
0.0172958
0.012014
0.00937576
0.00711246
0.00688625
0.00657397
0.00642447
0.00603438
0.00553366
0.00493179
0.00427697
0.0035977
0.00293068
0.00228781
0.00168061
0.00226231
0.000468879
3.59653e-06
-0.000417936
-0.000797596
-0.00113728
-0.00143924
-0.00170496
-0.00193819
-0.00278146
-0.00319286
-0.00308182
-0.00275023
-0.00232696
-0.0018885
-0.00144714
-0.00102526
-0.0006089
-0.000207546
)
;
        value           nonuniform List<scalar> 
35
(
-0.159432
0.000841546
0.000810292
0.000761795
0.000747855
0.000733363
0.000730556
0.000723278
0.000716605
0.000707395
0.000696763
0.000684875
0.000672037
0.000658572
0.000644696
0.000630601
0.000619852
0.000601017
0.000586688
0.00057256
0.000558674
0.00054506
0.000531737
0.000518728
0.000506038
0.000453374
0.000376833
0.000313296
0.000258623
0.000210524
0.000167051
0.000126873
8.89767e-05
5.25706e-05
1.69814e-05
)
;
    }
    lowerWall
    {
        type            fixedFluxPressure;
        gradient        uniform 0;
        value           nonuniform List<scalar> 
50
(
481.26
454.762
428.258
401.752
375.243
348.733
322.224
295.718
269.215
242.718
216.223
189.732
163.242
136.754
110.265
83.7759
57.2848
30.7913
4.29565
-22.2029
-48.7038
-75.2075
-101.713
-128.221
-154.731
-181.243
-207.756
-234.271
-260.786
-287.302
-313.817
-340.33
-366.842
-393.352
-419.858
-446.363
-472.865
-499.366
-525.868
-552.372
-578.881
-605.395
-631.918
-658.45
-684.991
-711.539
-738.095
-764.656
-791.22
-817.783
)
;
    }
    atmosphere
    {
        type            totalPressure;
        rho             rho;
        psi             none;
        gamma           1;
        p0              uniform 0;
        value           nonuniform List<scalar> 
50
(
0
0
0
0
0
0
0
0
0
0
0
0
0
0
0
0
0
0
0
0
0
0
0
0
-1.02975e-10
-7.91017e-10
-2.29836e-09
-4.83648e-09
-8.62094e-09
-1.38578e-08
-2.07377e-08
-2.94235e-08
-4.00423e-08
-5.2676e-08
-6.73605e-08
-8.4069e-08
-1.0274e-07
-1.23242e-07
-1.45498e-07
-1.6921e-07
-1.94445e-07
-2.20547e-07
-2.48216e-07
-2.75882e-07
-3.0572e-07
-3.34346e-07
-3.66456e-07
-3.95884e-07
-4.30734e-07
-4.62619e-07
)
;
    }
    defaultFaces
    {
        type            empty;
    }
}


// ************************************************************************* //
