/*--------------------------------*- C++ -*----------------------------------*\
  =========                 |
  \\      /  F ield         | OpenFOAM: The Open Source CFD Toolbox
   \\    /   O peration     | Website:  https://openfoam.org
    \\  /    A nd           | Version:  8
     \\/     M anipulation  |
\*---------------------------------------------------------------------------*/
FoamFile
{
    version     2.0;
    format      ascii;
    class       surfaceScalarField;
    location    "28497";
    object      phi;
}
// * * * * * * * * * * * * * * * * * * * * * * * * * * * * * * * * * * * * * //

dimensions      [0 3 -1 0 0 0 0];

internalField   nonuniform List<scalar> 
5890
(
3.19493e-06
3.49571e-12
3.19495e-06
-2.09598e-11
3.195e-06
-5.26446e-11
3.1951e-06
-9.60205e-11
3.19525e-06
-1.49362e-10
3.19546e-06
-2.07245e-10
3.19572e-06
-2.65955e-10
3.19605e-06
-3.2247e-10
3.19642e-06
-3.74427e-10
3.19684e-06
-4.20411e-10
3.1973e-06
-4.59697e-10
3.19779e-06
-4.92235e-10
3.19831e-06
-5.18362e-10
3.19885e-06
-5.38735e-10
3.19941e-06
-5.54122e-10
3.19997e-06
-5.6537e-10
3.20054e-06
-5.73288e-10
3.20112e-06
-5.78631e-10
3.20171e-06
-5.82026e-10
3.20229e-06
-5.83955e-10
3.20287e-06
-5.84702e-10
3.20346e-06
-5.84332e-10
3.20404e-06
-5.82653e-10
3.20462e-06
-5.7921e-10
3.20519e-06
-5.73262e-10
3.20576e-06
-5.63811e-10
3.20631e-06
-5.49624e-10
3.20684e-06
-5.29309e-10
3.20734e-06
-5.01408e-10
3.2078e-06
-4.64548e-10
3.20822e-06
-4.17601e-10
3.20858e-06
-3.59909e-10
3.20887e-06
-2.9148e-10
3.20908e-06
-2.13236e-10
3.20921e-06
-1.27126e-10
3.20925e-06
-3.6326e-11
3.20919e-06
5.50042e-11
3.20905e-06
1.41582e-10
3.20883e-06
2.1767e-10
3.20855e-06
2.77386e-10
3.20824e-06
3.15793e-10
3.20791e-06
3.29293e-10
3.20759e-06
3.16994e-10
3.20731e-06
2.80509e-10
3.20708e-06
2.2535e-10
3.20693e-06
1.583e-10
3.20683e-06
9.15454e-11
3.2068e-06
3.26013e-11
3.2068e-06
2.18346e-12
-4.94838e-12
9.23194e-06
1.05004e-11
9.23199e-06
-6.94174e-11
9.23212e-06
-1.86471e-10
9.23237e-06
-3.44681e-10
9.23276e-06
-5.39245e-10
9.2333e-06
-7.53299e-10
9.23401e-06
-9.72999e-10
9.23488e-06
-1.18692e-09
9.23589e-06
-1.38614e-09
9.23703e-06
-1.56487e-09
9.23829e-06
-1.72016e-09
9.23965e-06
-1.8513e-09
9.24109e-06
-1.95928e-09
9.2426e-06
-2.04609e-09
9.24416e-06
-2.11437e-09
9.24576e-06
-2.16696e-09
9.2474e-06
-2.20673e-09
9.24905e-06
-2.23626e-09
9.25073e-06
-2.25782e-09
9.25242e-06
-2.27305e-09
9.25412e-06
-2.28298e-09
9.25582e-06
-2.28778e-09
9.25753e-06
-2.28674e-09
9.25922e-06
-2.27815e-09
9.26091e-06
-2.25932e-09
9.26257e-06
-2.22652e-09
9.2642e-06
-2.17526e-09
9.26577e-06
-2.10036e-09
9.26727e-06
-1.99645e-09
9.26866e-06
-1.85836e-09
9.26992e-06
-1.68188e-09
9.27103e-06
-1.46439e-09
9.27194e-06
-1.2058e-09
9.27264e-06
-9.09242e-10
9.27309e-06
-5.8177e-10
9.27329e-06
-2.34758e-10
9.27323e-06
1.16298e-10
9.27292e-06
4.52121e-10
9.27238e-06
7.51188e-10
9.27167e-06
9.91467e-10
9.27083e-06
1.15383e-09
9.26994e-06
1.22431e-09
9.26905e-06
1.19796e-09
9.26825e-06
1.07995e-09
9.26759e-06
8.88291e-10
9.2671e-06
6.48724e-10
9.26679e-06
4.02292e-10
9.26664e-06
1.81671e-10
9.26659e-06
5.06127e-11
-3.44992e-12
1.49149e-05
2.31528e-11
1.49149e-05
-1.32577e-10
1.49151e-05
-3.75307e-10
1.49155e-05
-7.04772e-10
1.49161e-05
-1.11038e-09
1.49169e-05
-1.56088e-09
1.49179e-05
-2.02752e-09
1.49192e-05
-2.48604e-09
1.49207e-05
-2.91726e-09
1.49225e-05
-3.30827e-09
1.49244e-05
-3.65213e-09
1.49265e-05
-3.94662e-09
1.49287e-05
-4.19313e-09
1.49311e-05
-4.39531e-09
1.49335e-05
-4.55823e-09
1.49361e-05
-4.68749e-09
1.49386e-05
-4.78884e-09
1.49413e-05
-4.86752e-09
1.49439e-05
-4.92809e-09
1.49466e-05
-4.97394e-09
1.49494e-05
-5.00711e-09
1.49521e-05
-5.02793e-09
1.49549e-05
-5.03491e-09
1.49576e-05
-5.02444e-09
1.49603e-05
-4.99089e-09
1.4963e-05
-4.92649e-09
1.49657e-05
-4.82176e-09
1.49683e-05
-4.66582e-09
1.49707e-05
-4.4473e-09
1.4973e-05
-4.15522e-09
1.49751e-05
-3.78049e-09
1.49769e-05
-3.31732e-09
1.49785e-05
-2.76511e-09
1.49797e-05
-2.13004e-09
1.49806e-05
-1.42649e-09
1.4981e-05
-6.78e-10
1.4981e-05
8.32551e-11
1.49807e-05
8.1654e-10
1.498e-05
1.47637e-09
1.49789e-05
2.01575e-09
1.49777e-05
2.39307e-09
1.49763e-05
2.57738e-09
1.4975e-05
2.55588e-09
1.49737e-05
2.33734e-09
1.49727e-05
1.95645e-09
1.49718e-05
1.46683e-09
1.49713e-05
9.50475e-10
1.4971e-05
4.80101e-10
1.49709e-05
1.77047e-10
1.60026e-11
2.02408e-05
4.28384e-11
2.02409e-05
-2.00868e-10
2.02411e-05
-5.96647e-10
2.02416e-05
-1.1391e-09
2.02423e-05
-1.80856e-09
2.02433e-05
-2.55795e-09
2.02446e-05
-3.34055e-09
2.02462e-05
-4.11583e-09
2.02481e-05
-4.85133e-09
2.02504e-05
-5.52454e-09
2.02528e-05
-6.12271e-09
2.02555e-05
-6.641e-09
2.02584e-05
-7.08067e-09
2.02615e-05
-7.44689e-09
2.02646e-05
-7.74738e-09
2.02679e-05
-7.99093e-09
2.02713e-05
-8.18662e-09
2.02748e-05
-8.34291e-09
2.02784e-05
-8.46712e-09
2.0282e-05
-8.56475e-09
2.02856e-05
-8.63911e-09
2.02892e-05
-8.69072e-09
2.02929e-05
-8.71709e-09
2.02966e-05
-8.71229e-09
2.03003e-05
-8.66696e-09
2.03039e-05
-8.56829e-09
2.03075e-05
-8.4005e-09
2.0311e-05
-8.14547e-09
2.03143e-05
-7.78415e-09
2.03175e-05
-7.29804e-09
2.03204e-05
-6.67161e-09
2.03229e-05
-5.89473e-09
2.03251e-05
-4.96571e-09
2.03269e-05
-3.89405e-09
2.03282e-05
-2.70289e-09
2.03289e-05
-1.43068e-09
2.03291e-05
-1.30451e-10
2.03288e-05
1.13032e-09
2.0328e-05
2.27528e-09
2.03268e-05
3.22528e-09
2.03253e-05
3.90909e-09
2.03236e-05
4.27261e-09
2.03219e-05
4.29091e-09
2.03202e-05
3.97495e-09
2.03188e-05
3.37797e-09
2.03177e-05
2.58711e-09
2.03169e-05
1.73399e-09
2.03164e-05
9.42226e-10
2.03162e-05
4.0161e-10
6.40807e-11
2.5207e-05
6.97359e-11
2.52071e-05
-2.68218e-10
2.52073e-05
-8.3337e-10
2.52078e-05
-1.61715e-09
2.52086e-05
-2.58774e-09
2.52097e-05
-3.68155e-09
2.52112e-05
-4.83226e-09
2.52131e-05
-5.98074e-09
2.52153e-05
-7.07889e-09
2.52179e-05
-8.09255e-09
2.52207e-05
-9.00147e-09
2.52239e-05
-9.79696e-09
2.52273e-05
-1.04793e-08
2.52309e-05
-1.1055e-08
2.52347e-05
-1.15341e-08
2.52386e-05
-1.19287e-08
2.52427e-05
-1.22517e-08
2.52469e-05
-1.25148e-08
2.52511e-05
-1.27285e-08
2.52555e-05
-1.29007e-08
2.52599e-05
-1.30362e-08
2.52643e-05
-1.31355e-08
2.52688e-05
-1.31953e-08
2.52733e-05
-1.32069e-08
2.52778e-05
-1.31566e-08
2.52822e-05
-1.3026e-08
2.52866e-05
-1.27919e-08
2.52909e-05
-1.24279e-08
2.5295e-05
-1.19059e-08
2.52989e-05
-1.11985e-08
2.53025e-05
-1.02823e-08
2.53058e-05
-9.1419e-09
2.53086e-05
-7.77369e-09
2.53109e-05
-6.19039e-09
2.53126e-05
-4.4246e-09
2.53137e-05
-2.53135e-09
2.53142e-05
-5.87528e-10
2.5314e-05
1.30904e-09
2.53132e-05
3.04585e-09
2.53119e-05
4.50597e-09
2.53103e-05
5.58261e-09
2.53083e-05
6.19304e-09
2.53063e-05
6.29593e-09
2.53044e-05
5.90203e-09
2.53027e-05
5.08324e-09
2.53013e-05
3.96323e-09
2.53003e-05
2.72884e-09
2.52997e-05
1.56206e-09
2.52994e-05
7.29764e-10
1.46089e-10
2.98109e-05
1.03086e-10
2.9811e-05
-3.31606e-10
2.98112e-05
-1.07382e-09
2.98117e-05
-2.11579e-09
2.98125e-05
-3.41112e-09
2.98137e-05
-4.87956e-09
2.98153e-05
-6.43447e-09
2.98174e-05
-7.99679e-09
2.98198e-05
-9.5013e-09
2.98226e-05
-1.09006e-08
2.98258e-05
-1.21654e-08
2.98292e-05
-1.3282e-08
2.9833e-05
-1.4249e-08
2.9837e-05
-1.50733e-08
2.98413e-05
-1.57672e-08
2.98457e-05
-1.63462e-08
2.98503e-05
-1.68266e-08
2.9855e-05
-1.72239e-08
2.98598e-05
-1.75518e-08
2.98647e-05
-1.78207e-08
2.98697e-05
-1.80369e-08
2.98748e-05
-1.82014e-08
2.98799e-05
-1.83096e-08
2.9885e-05
-1.83499e-08
2.98902e-05
-1.83044e-08
2.98953e-05
-1.8148e-08
2.99004e-05
-1.78499e-08
2.99053e-05
-1.73742e-08
2.99101e-05
-1.6683e-08
2.99146e-05
-1.57389e-08
2.99188e-05
-1.45097e-08
2.99227e-05
-1.29733e-08
2.9926e-05
-1.11238e-08
2.99288e-05
-8.97646e-09
2.9931e-05
-6.57362e-09
2.99324e-05
-3.98772e-09
2.99332e-05
-1.3211e-09
2.99332e-05
1.29536e-09
2.99325e-05
3.70958e-09
2.99312e-05
5.76264e-09
2.99295e-05
7.30757e-09
2.99275e-05
8.22845e-09
2.99253e-05
8.46359e-09
2.99232e-05
8.02079e-09
2.99213e-05
6.98954e-09
2.99197e-05
5.53105e-09
2.99186e-05
3.89064e-09
2.99178e-05
2.31329e-09
2.99174e-05
1.14988e-09
2.60107e-10
3.40504e-05
1.41488e-10
3.40504e-05
-3.90322e-10
3.40506e-05
-1.31104e-09
3.40512e-05
-2.61881e-09
3.4052e-05
-4.25095e-09
3.40532e-05
-6.11074e-09
3.40549e-05
-8.09119e-09
3.4057e-05
-1.00929e-08
3.40595e-05
-1.20326e-08
3.40625e-05
-1.38488e-08
3.40658e-05
-1.5502e-08
3.40695e-05
-1.69726e-08
3.40735e-05
-1.82562e-08
3.40778e-05
-1.93599e-08
3.40823e-05
-2.02978e-08
3.4087e-05
-2.10882e-08
3.4092e-05
-2.1751e-08
3.40971e-05
-2.23054e-08
3.41023e-05
-2.27686e-08
3.41076e-05
-2.31534e-08
3.4113e-05
-2.3468e-08
3.41185e-05
-2.37136e-08
3.41241e-05
-2.38845e-08
3.41297e-05
-2.39664e-08
3.41354e-05
-2.39364e-08
3.4141e-05
-2.37631e-08
3.41465e-05
-2.34072e-08
3.4152e-05
-2.28231e-08
3.41573e-05
-2.19623e-08
3.41623e-05
-2.07765e-08
3.4167e-05
-1.9224e-08
3.41713e-05
-1.72753e-08
3.41751e-05
-1.4921e-08
3.41783e-05
-1.21787e-08
3.41809e-05
-9.10007e-09
3.41826e-05
-5.77513e-09
3.41836e-05
-2.33243e-09
3.41839e-05
1.06254e-09
3.41834e-05
4.21613e-09
3.41822e-05
6.92451e-09
3.41805e-05
8.99735e-09
3.41785e-05
1.0282e-08
3.41762e-05
1.06932e-08
3.4174e-05
1.0233e-08
3.4172e-05
9.00704e-09
3.41703e-05
7.2138e-09
3.41691e-05
5.15854e-09
3.41682e-05
3.15185e-09
3.41677e-05
1.63345e-09
3.96168e-10
3.79236e-05
1.8314e-10
3.79237e-05
-4.45237e-10
3.79239e-05
-1.54168e-09
3.79244e-05
-3.11574e-09
3.79252e-05
-5.08721e-09
3.79265e-05
-7.34353e-09
3.79281e-05
-9.75769e-09
3.79302e-05
-1.22101e-08
3.79328e-05
-1.45997e-08
3.79358e-05
-1.68499e-08
3.79392e-05
-1.89108e-08
3.7943e-05
-2.07557e-08
3.79471e-05
-2.23768e-08
3.79515e-05
-2.37805e-08
3.79562e-05
-2.49823e-08
3.79611e-05
-2.60031e-08
3.79663e-05
-2.68663e-08
3.79715e-05
-2.75947e-08
3.7977e-05
-2.82086e-08
3.79826e-05
-2.8724e-08
3.79882e-05
-2.91505e-08
3.7994e-05
-2.94901e-08
3.79999e-05
-2.97359e-08
3.80058e-05
-2.98706e-08
3.80117e-05
-2.9867e-08
3.80176e-05
-2.96866e-08
3.80235e-05
-2.92819e-08
3.80293e-05
-2.85971e-08
3.80349e-05
-2.75726e-08
3.80403e-05
-2.6149e-08
3.80453e-05
-2.42742e-08
3.80499e-05
-2.19106e-08
3.80541e-05
-1.90448e-08
3.80576e-05
-1.56962e-08
3.80604e-05
-1.19249e-08
3.80625e-05
-7.83858e-09
3.80637e-05
-3.59186e-09
3.80642e-05
6.14548e-10
3.80639e-05
4.54443e-09
3.80628e-05
7.94754e-09
3.80612e-05
1.05882e-08
3.80592e-05
1.22747e-08
3.8057e-05
1.28959e-08
3.80548e-05
1.24461e-08
3.80528e-05
1.10451e-08
3.80511e-05
8.9282e-09
3.80498e-05
6.46086e-09
3.80489e-05
4.02059e-09
3.80484e-05
2.13804e-09
5.37137e-10
4.14294e-05
2.2601e-10
4.14294e-05
-4.98226e-10
4.14296e-05
-1.76486e-09
4.14301e-05
-3.60028e-09
4.14309e-05
-5.9058e-09
4.14321e-05
-8.55399e-09
4.14338e-05
-1.13984e-08
4.14359e-05
-1.43002e-08
4.14384e-05
-1.71405e-08
4.14414e-05
-1.98283e-08
4.14448e-05
-2.23027e-08
4.14486e-05
-2.45294e-08
4.14527e-05
-2.64969e-08
4.14571e-05
-2.82101e-08
4.14618e-05
-2.96855e-08
4.14668e-05
-3.09464e-08
4.14719e-05
-3.20193e-08
4.14773e-05
-3.29306e-08
4.14827e-05
-3.37042e-08
4.14884e-05
-3.43586e-08
4.14941e-05
-3.49055e-08
4.15e-05
-3.53474e-08
4.15059e-05
-3.56766e-08
4.15119e-05
-3.58732e-08
4.1518e-05
-3.5905e-08
4.1524e-05
-3.57273e-08
4.153e-05
-3.52839e-08
4.15359e-05
-3.45089e-08
4.15417e-05
-3.33314e-08
4.15472e-05
-3.16806e-08
4.15524e-05
-2.94936e-08
4.15573e-05
-2.67245e-08
4.15616e-05
-2.33552e-08
4.15653e-05
-1.94059e-08
4.15683e-05
-1.49452e-08
4.15706e-05
-1.00974e-08
4.1572e-05
-5.04278e-09
4.15726e-05
-1.72062e-11
4.15725e-05
4.70052e-09
4.15716e-05
8.81326e-09
4.15702e-05
1.20393e-08
4.15683e-05
1.41469e-08
4.15662e-05
1.49977e-08
4.15641e-05
1.45768e-08
4.15621e-05
1.30173e-08
4.15604e-05
1.05904e-08
4.15592e-05
7.72136e-09
4.15583e-05
4.85529e-09
4.15578e-05
2.61268e-09
6.61208e-10
4.45666e-05
2.67925e-10
4.45667e-05
-5.51766e-10
4.45669e-05
-1.98112e-09
4.45674e-05
-4.0686e-09
4.45682e-05
-6.69624e-09
4.45693e-05
-9.72308e-09
4.45709e-05
-1.29841e-08
4.45729e-05
-1.63221e-08
4.45754e-05
-1.96017e-08
4.45783e-05
-2.27176e-08
4.45816e-05
-2.55982e-08
4.45853e-05
-2.82016e-08
4.45893e-05
-3.05119e-08
4.45936e-05
-3.25325e-08
4.45982e-05
-3.42804e-08
4.4603e-05
-3.5781e-08
4.46081e-05
-3.70638e-08
4.46133e-05
-3.81588e-08
4.46187e-05
-3.90931e-08
4.46242e-05
-3.98882e-08
4.46299e-05
-4.05578e-08
4.46356e-05
-4.11053e-08
4.46415e-05
-4.15221e-08
4.46474e-05
-4.17859e-08
4.46533e-05
-4.18601e-08
4.46593e-05
-4.16935e-08
4.46652e-05
-4.12214e-08
4.46711e-05
-4.03681e-08
4.46768e-05
-3.90515e-08
4.46823e-05
-3.71892e-08
4.46875e-05
-3.47075e-08
4.46924e-05
-3.15519e-08
4.46967e-05
-2.76992e-08
4.47005e-05
-2.31702e-08
4.47036e-05
-1.8041e-08
4.47059e-05
-1.24518e-08
4.47075e-05
-6.60815e-09
4.47083e-05
-7.79769e-10
4.47082e-05
4.7122e-09
4.47075e-05
9.52459e-09
4.47062e-05
1.333e-08
4.47045e-05
1.58569e-08
4.47026e-05
1.69396e-08
4.47006e-05
1.65538e-08
4.46988e-05
1.48452e-08
4.46973e-05
1.2121e-08
4.46961e-05
8.86548e-09
4.46954e-05
5.59152e-09
4.4695e-05
3.00503e-09
7.45692e-10
4.73345e-05
3.06594e-10
4.73346e-05
-6.08603e-10
4.73348e-05
-2.19131e-09
4.73353e-05
-4.5173e-09
4.7336e-05
-7.44894e-09
4.73371e-05
-1.08335e-08
4.73386e-05
-1.44881e-08
4.73405e-05
-1.82387e-08
4.73429e-05
-2.19343e-08
4.73456e-05
-2.54567e-08
4.73487e-05
-2.87238e-08
4.73522e-05
-3.16863e-08
4.7356e-05
-3.43241e-08
4.73601e-05
-3.66385e-08
4.73645e-05
-3.86471e-08
4.73691e-05
-4.03771e-08
4.73739e-05
-4.18609e-08
4.73789e-05
-4.31317e-08
4.7384e-05
-4.42202e-08
4.73893e-05
-4.51508e-08
4.73947e-05
-4.59393e-08
4.74001e-05
-4.65901e-08
4.74057e-05
-4.7094e-08
4.74113e-05
-4.74265e-08
4.7417e-05
-4.75469e-08
4.74227e-05
-4.73977e-08
4.74284e-05
-4.69062e-08
4.7434e-05
-4.5987e-08
4.74395e-05
-4.4547e-08
4.74448e-05
-4.24925e-08
4.74499e-05
-3.97394e-08
4.74545e-05
-3.62242e-08
4.74588e-05
-3.19189e-08
4.74624e-05
-2.68442e-08
4.74655e-05
-2.10833e-08
4.74678e-05
-1.47918e-08
4.74694e-05
-8.19874e-09
4.74702e-05
-1.60705e-09
4.74703e-05
4.62132e-09
4.74698e-05
1.00987e-08
4.74686e-05
1.44536e-08
4.74671e-05
1.73763e-08
4.74654e-05
1.86748e-08
4.74636e-05
1.83164e-08
4.7462e-05
1.64602e-08
4.74607e-05
1.34491e-08
4.74597e-05
9.82623e-09
4.74591e-05
6.17181e-09
4.74589e-05
3.26975e-09
7.71687e-10
4.97315e-05
3.39631e-10
4.97316e-05
-6.71089e-10
4.97318e-05
-2.39473e-09
4.97322e-05
-4.94057e-09
4.97329e-05
-8.15157e-09
4.9734e-05
-1.18651e-08
4.97353e-05
-1.58815e-08
4.97371e-05
-2.00113e-08
4.97393e-05
-2.40891e-08
4.97418e-05
-2.79849e-08
4.97447e-05
-3.1607e-08
4.97479e-05
-3.48994e-08
4.97514e-05
-3.78378e-08
4.97552e-05
-4.04219e-08
4.97592e-05
-4.26692e-08
4.97635e-05
-4.46087e-08
4.97679e-05
-4.62758e-08
4.97724e-05
-4.77069e-08
4.97772e-05
-4.8936e-08
4.9782e-05
-4.99904e-08
4.97869e-05
-5.08882e-08
4.9792e-05
-5.16349e-08
4.97971e-05
-5.2221e-08
4.98023e-05
-5.262e-08
4.98076e-05
-5.27872e-08
4.98128e-05
-5.26595e-08
4.98181e-05
-5.21564e-08
4.98233e-05
-5.11833e-08
4.98283e-05
-4.96369e-08
4.98333e-05
-4.74125e-08
4.98379e-05
-4.44158e-08
4.98423e-05
-4.0575e-08
4.98462e-05
-3.58572e-08
4.98497e-05
-3.02831e-08
4.98525e-05
-2.39424e-08
4.98547e-05
-1.70051e-08
4.98563e-05
-9.72273e-09
4.98571e-05
-2.42945e-09
4.98572e-05
4.47392e-09
4.98568e-05
1.05576e-08
4.98558e-05
1.54092e-08
4.98545e-05
1.86833e-08
4.9853e-05
2.01643e-08
4.98515e-05
1.98132e-08
4.98502e-05
1.78037e-08
4.98491e-05
1.45156e-08
4.98484e-05
1.055e-08
4.9848e-05
6.5532e-09
4.98479e-05
3.37738e-09
7.29025e-10
5.17532e-05
3.65072e-10
5.17532e-05
-7.38888e-10
5.17534e-05
-2.58519e-09
5.17538e-05
-5.32509e-09
5.17544e-05
-8.78338e-09
5.17554e-05
-1.27893e-08
5.17566e-05
-1.71266e-08
5.17582e-05
-2.1592e-08
5.17601e-05
-2.60077e-08
5.17624e-05
-3.02327e-08
5.17649e-05
-3.41672e-08
5.17678e-05
-3.77492e-08
5.17709e-05
-4.09507e-08
5.17742e-05
-4.37698e-08
5.17778e-05
-4.62246e-08
5.17815e-05
-4.83456e-08
5.17854e-05
-5.01707e-08
5.17894e-05
-5.17396e-08
5.17936e-05
-5.30895e-08
5.17979e-05
-5.42508e-08
5.18022e-05
-5.52436e-08
5.18067e-05
-5.60746e-08
5.18112e-05
-5.67341e-08
5.18157e-05
-5.7194e-08
5.18204e-05
-5.74061e-08
5.1825e-05
-5.73019e-08
5.18296e-05
-5.6794e-08
5.18342e-05
-5.57791e-08
5.18387e-05
-5.41444e-08
5.18431e-05
-5.17752e-08
5.18473e-05
-4.85679e-08
5.18511e-05
-4.44429e-08
5.18546e-05
-3.93627e-08
5.18577e-05
-3.33482e-08
5.18603e-05
-2.64952e-08
5.18622e-05
-1.89871e-08
5.18636e-05
-1.10959e-08
5.18644e-05
-3.18486e-09
5.18645e-05
4.30889e-09
5.18642e-05
1.09173e-08
5.18634e-05
1.61918e-08
5.18623e-05
1.97551e-08
5.18611e-05
2.13715e-08
5.18599e-05
2.09991e-08
5.18589e-05
1.88283e-08
5.18581e-05
1.52773e-08
5.18577e-05
1.1003e-08
5.18575e-05
6.71514e-09
5.18576e-05
3.32267e-09
6.20429e-10
5.33868e-05
3.84092e-10
5.33868e-05
-8.02053e-10
5.3387e-05
-2.74269e-09
5.33873e-05
-5.64147e-09
5.33878e-05
-9.30618e-09
5.33886e-05
-1.35581e-08
5.33896e-05
-1.81652e-08
5.33909e-05
-2.29121e-08
5.33926e-05
-2.76097e-08
5.33944e-05
-3.21082e-08
5.33966e-05
-3.63009e-08
5.33989e-05
-4.01209e-08
5.34015e-05
-4.35374e-08
5.34043e-05
-4.65475e-08
5.34072e-05
-4.91698e-08
5.34103e-05
-5.14364e-08
5.34136e-05
-5.33879e-08
5.34169e-05
-5.50667e-08
5.34203e-05
-5.65131e-08
5.34238e-05
-5.77601e-08
5.34274e-05
-5.88301e-08
5.34311e-05
-5.97308e-08
5.34348e-05
-6.04526e-08
5.34385e-05
-6.09657e-08
5.34424e-05
-6.12191e-08
5.34462e-05
-6.11395e-08
5.345e-05
-6.06334e-08
5.34538e-05
-5.95901e-08
5.34576e-05
-5.78883e-08
5.34612e-05
-5.54046e-08
5.34647e-05
-5.2027e-08
5.34679e-05
-4.76693e-08
5.34708e-05
-4.22902e-08
5.34734e-05
-3.59105e-08
5.34755e-05
-2.86316e-08
5.34772e-05
-2.06491e-08
5.34783e-05
-1.22527e-08
5.3479e-05
-3.83093e-09
5.34792e-05
4.14574e-09
5.34789e-05
1.11768e-08
5.34783e-05
1.67835e-08
5.34775e-05
2.05616e-08
5.34766e-05
2.22596e-08
5.34758e-05
2.18368e-08
5.34751e-05
1.95027e-08
5.34747e-05
1.5714e-08
5.34745e-05
1.11795e-08
5.34745e-05
6.66727e-09
5.34747e-05
3.12918e-09
4.62525e-10
5.46034e-05
4.0823e-10
5.46034e-05
-8.27656e-10
5.46035e-05
-2.8232e-09
5.46037e-05
-5.83595e-09
5.4604e-05
-9.65668e-09
5.46046e-05
-1.40972e-08
5.46053e-05
-1.89112e-08
5.46063e-05
-2.38727e-08
5.46075e-05
-2.87836e-08
5.46088e-05
-3.34871e-08
5.46104e-05
-3.78714e-08
5.46121e-05
-4.18665e-08
5.4614e-05
-4.54399e-08
5.46161e-05
-4.8588e-08
5.46182e-05
-5.13304e-08
5.46205e-05
-5.37008e-08
5.46229e-05
-5.57421e-08
5.46253e-05
-5.74993e-08
5.46278e-05
-5.90151e-08
5.46304e-05
-6.03248e-08
5.4633e-05
-6.14528e-08
5.46357e-05
-6.24075e-08
5.46384e-05
-6.31794e-08
5.46412e-05
-6.37377e-08
5.4644e-05
-6.4029e-08
5.46468e-05
-6.39763e-08
5.46497e-05
-6.34814e-08
5.46525e-05
-6.24273e-08
5.46553e-05
-6.0686e-08
5.4658e-05
-5.81271e-08
5.46606e-05
-5.46319e-08
5.46631e-05
-5.01087e-08
5.46653e-05
-4.45127e-08
5.46672e-05
-3.78647e-08
5.46689e-05
-3.02704e-08
5.46702e-05
-2.19346e-08
5.46711e-05
-1.31621e-08
5.46716e-05
-4.35983e-09
5.46718e-05
3.97393e-09
5.46716e-05
1.13131e-08
5.46713e-05
1.7155e-08
5.46708e-05
2.10726e-08
5.46702e-05
2.28047e-08
5.46697e-05
2.23145e-08
5.46694e-05
1.98307e-08
5.46693e-05
1.58464e-08
5.46693e-05
1.11143e-08
5.46695e-05
6.45451e-09
5.46698e-05
2.84315e-09
2.79872e-10
5.53669e-05
4.63731e-10
5.53668e-05
-7.58949e-10
5.53667e-05
-2.77096e-09
5.53667e-05
-5.84899e-09
5.53669e-05
-9.77084e-09
5.53671e-05
-1.43359e-08
5.53675e-05
-1.92865e-08
5.5368e-05
-2.4388e-08
5.53686e-05
-2.94357e-08
5.53694e-05
-3.42685e-08
5.53703e-05
-3.87716e-08
5.53713e-05
-4.28736e-08
5.53724e-05
-4.65412e-08
5.53736e-05
-4.97715e-08
5.53749e-05
-5.2585e-08
5.53762e-05
-5.5017e-08
5.53775e-05
-5.71121e-08
5.5379e-05
-5.89172e-08
5.53804e-05
-6.0477e-08
5.53819e-05
-6.18285e-08
5.53835e-05
-6.29971e-08
5.53851e-05
-6.39923e-08
5.53867e-05
-6.48045e-08
5.53883e-05
-6.54024e-08
5.539e-05
-6.5731e-08
5.53918e-05
-6.57111e-08
5.53935e-05
-6.5241e-08
5.53953e-05
-6.41998e-08
5.53971e-05
-6.24548e-08
5.53988e-05
-5.98703e-08
5.54005e-05
-5.63227e-08
5.54021e-05
-5.17156e-08
5.54036e-05
-4.6001e-08
5.54049e-05
-3.91984e-08
5.54061e-05
-3.14153e-08
5.5407e-05
-2.28616e-08
5.54077e-05
-1.38532e-08
5.54082e-05
-4.81013e-09
5.54084e-05
3.75693e-09
5.54084e-05
1.13006e-08
5.54082e-05
1.72956e-08
5.5408e-05
2.12979e-08
5.54078e-05
2.3041e-08
5.54076e-05
2.24907e-08
5.54076e-05
1.98904e-08
5.54076e-05
1.57626e-08
5.54079e-05
1.08925e-08
5.54082e-05
6.14894e-09
5.54085e-05
2.50975e-09
8.71068e-11
5.57074e-05
5.66034e-10
5.57072e-05
-5.76682e-10
5.5707e-05
-2.587e-09
5.57069e-05
-5.69376e-09
5.57068e-05
-9.67525e-09
5.57067e-05
-1.43141e-08
5.57068e-05
-1.93449e-08
5.57069e-05
-2.45262e-08
5.57072e-05
-2.96494e-08
5.57074e-05
-3.45514e-08
5.57078e-05
-3.91163e-08
5.57082e-05
-4.32726e-08
5.57086e-05
-4.69876e-08
5.57091e-05
-5.02592e-08
5.57096e-05
-5.31088e-08
5.57102e-05
-5.55731e-08
5.57108e-05
-5.7698e-08
5.57114e-05
-5.95316e-08
5.5712e-05
-6.11198e-08
5.57127e-05
-6.25005e-08
5.57134e-05
-6.37e-08
5.57141e-05
-6.47282e-08
5.57149e-05
-6.55759e-08
5.57157e-05
-6.62116e-08
5.57166e-05
-6.65797e-08
5.57175e-05
-6.65998e-08
5.57184e-05
-6.61685e-08
5.57193e-05
-6.51624e-08
5.57203e-05
-6.34458e-08
5.57213e-05
-6.08795e-08
5.57224e-05
-5.73357e-08
5.57234e-05
-5.27145e-08
5.57243e-05
-4.69638e-08
5.57252e-05
-4.01006e-08
5.5726e-05
-3.22309e-08
5.57267e-05
-2.35657e-08
5.57273e-05
-1.44263e-08
5.57278e-05
-5.24331e-09
5.5728e-05
3.47196e-09
5.57282e-05
1.11571e-08
5.57282e-05
1.72617e-08
5.57282e-05
2.13318e-08
5.57281e-05
2.30936e-08
5.57281e-05
2.25105e-08
5.57282e-05
1.98318e-08
5.57284e-05
1.55988e-08
5.57286e-05
1.062e-08
5.5729e-05
5.81228e-09
5.57293e-05
2.15282e-09
-1.07681e-10
5.57958e-05
6.89017e-10
5.57956e-05
-3.49964e-10
5.57953e-05
-2.35519e-09
5.57951e-05
-5.47891e-09
5.5795e-05
-9.50282e-09
5.57948e-05
-1.41923e-08
5.57948e-05
-1.92768e-08
5.57947e-05
-2.451e-08
5.57948e-05
-2.96812e-08
5.57948e-05
-3.46263e-08
5.5795e-05
-3.92292e-08
5.57951e-05
-4.34189e-08
5.57953e-05
-4.71632e-08
5.57955e-05
-5.04613e-08
5.57957e-05
-5.33352e-08
5.57959e-05
-5.58228e-08
5.57962e-05
-5.79705e-08
5.57965e-05
-5.98274e-08
5.57968e-05
-6.144e-08
5.57972e-05
-6.28468e-08
5.57976e-05
-6.40747e-08
5.5798e-05
-6.51341e-08
5.57984e-05
-6.6016e-08
5.57989e-05
-6.66889e-08
5.57994e-05
-6.7097e-08
5.58e-05
-6.71593e-08
5.58006e-05
-6.67714e-08
5.58012e-05
-6.58084e-08
5.58019e-05
-6.41322e-08
5.58026e-05
-6.16012e-08
5.58034e-05
-5.80841e-08
5.58041e-05
-5.34773e-08
5.58049e-05
-4.77252e-08
5.58056e-05
-4.08416e-08
5.58063e-05
-3.29299e-08
5.5807e-05
-2.42003e-08
5.58075e-05
-1.4976e-08
5.5808e-05
-5.69217e-09
5.58083e-05
3.13475e-09
5.58085e-05
1.09317e-08
5.58087e-05
1.71326e-08
5.58087e-05
2.1272e-08
5.58088e-05
2.30668e-08
5.58088e-05
2.24742e-08
5.58089e-05
1.97439e-08
5.58091e-05
1.54276e-08
5.58094e-05
1.03512e-08
5.58097e-05
5.4744e-09
5.58101e-05
1.78878e-09
-3.07126e-10
5.58106e-05
8.06183e-10
5.58103e-05
-1.39307e-10
5.58101e-05
-2.1412e-09
5.58099e-05
-5.27908e-09
5.58098e-05
-9.33688e-09
5.58096e-05
-1.40661e-08
5.58096e-05
-1.91927e-08
5.58095e-05
-2.44668e-08
5.58095e-05
-2.96764e-08
5.58095e-05
-3.46565e-08
5.58096e-05
-3.92912e-08
5.58097e-05
-4.35097e-08
5.58098e-05
-4.72806e-08
5.58099e-05
-5.06034e-08
5.58101e-05
-5.35011e-08
5.58103e-05
-5.60119e-08
5.58105e-05
-5.81831e-08
5.58107e-05
-6.00641e-08
5.5811e-05
-6.17018e-08
5.58113e-05
-6.31353e-08
5.58116e-05
-6.43917e-08
5.5812e-05
-6.54818e-08
5.58123e-05
-6.63968e-08
5.58128e-05
-6.71052e-08
5.58132e-05
-6.7551e-08
5.58137e-05
-6.76529e-08
5.58142e-05
-6.73057e-08
5.58148e-05
-6.63831e-08
5.58154e-05
-6.47455e-08
5.58161e-05
-6.2249e-08
5.58168e-05
-5.87598e-08
5.58175e-05
-5.41712e-08
5.58182e-05
-4.84245e-08
5.58188e-05
-4.15306e-08
5.58195e-05
-3.35911e-08
5.58201e-05
-2.48147e-08
5.58207e-05
-1.55257e-08
5.58212e-05
-6.16201e-09
5.58215e-05
2.75509e-09
5.58218e-05
1.06438e-08
5.5822e-05
1.69275e-08
5.58222e-05
2.11309e-08
5.58223e-05
2.29624e-08
5.58224e-05
2.23735e-08
5.58225e-05
1.96127e-08
5.58227e-05
1.52381e-08
5.5823e-05
1.00889e-08
5.58233e-05
5.1577e-09
5.58236e-05
1.45449e-09
-4.89411e-10
5.5814e-05
9.07744e-10
5.58138e-05
3.5058e-11
5.58136e-05
-1.96491e-09
5.58135e-05
-5.11232e-09
5.58133e-05
-9.1948e-09
5.58132e-05
-1.39536e-08
5.58131e-05
-1.91124e-08
5.58131e-05
-2.4419e-08
5.58131e-05
-2.96601e-08
5.58131e-05
-3.46703e-08
5.58131e-05
-3.93335e-08
5.58132e-05
-4.35793e-08
5.58133e-05
-4.73763e-08
5.58134e-05
-5.07246e-08
5.58135e-05
-5.36474e-08
5.58137e-05
-5.61833e-08
5.58139e-05
-5.83798e-08
5.58141e-05
-6.02867e-08
5.58144e-05
-6.19512e-08
5.58147e-05
-6.34124e-08
5.5815e-05
-6.46978e-08
5.58153e-05
-6.58182e-08
5.58157e-05
-6.6765e-08
5.58161e-05
-6.75068e-08
5.58165e-05
-6.79872e-08
5.5817e-05
-6.81248e-08
5.58175e-05
-6.78134e-08
5.5818e-05
-6.69262e-08
5.58186e-05
-6.53221e-08
5.58192e-05
-6.28555e-08
5.58198e-05
-5.93908e-08
5.58205e-05
-5.4819e-08
5.58212e-05
-4.90792e-08
5.58218e-05
-4.21801e-08
5.58224e-05
-3.42217e-08
5.5823e-05
-2.5412e-08
5.58236e-05
-1.60757e-08
5.58241e-05
-6.65253e-09
5.58245e-05
2.33275e-09
5.58249e-05
1.02919e-08
5.58251e-05
1.66414e-08
5.58254e-05
2.08988e-08
5.58256e-05
2.27664e-08
5.58258e-05
2.21918e-08
5.58259e-05
1.9422e-08
5.58262e-05
1.502e-08
5.58264e-05
9.83323e-09
5.58267e-05
4.8784e-09
5.5827e-05
1.17602e-09
-6.43201e-10
5.58158e-05
9.91204e-10
5.58157e-05
1.71512e-10
5.58155e-05
-1.82891e-09
5.58154e-05
-4.981e-09
5.58153e-05
-9.07902e-09
5.58152e-05
-1.38572e-08
5.58151e-05
-1.90385e-08
5.58151e-05
-2.43689e-08
5.58151e-05
-2.96348e-08
5.58151e-05
-3.46702e-08
5.58151e-05
-3.9359e-08
5.58151e-05
-4.36305e-08
5.58152e-05
-4.74535e-08
5.58153e-05
-5.0828e-08
5.58154e-05
-5.37773e-08
5.58156e-05
-5.63401e-08
5.58158e-05
-5.85638e-08
5.5816e-05
-6.04984e-08
5.58162e-05
-6.21911e-08
5.58165e-05
-6.36811e-08
5.58168e-05
-6.49959e-08
5.58171e-05
-6.61463e-08
5.58175e-05
-6.71237e-08
5.58179e-05
-6.78965e-08
5.58183e-05
-6.84085e-08
5.58188e-05
-6.85776e-08
5.58192e-05
-6.82974e-08
5.58198e-05
-6.74404e-08
5.58203e-05
-6.58645e-08
5.58209e-05
-6.34231e-08
5.58215e-05
-5.99793e-08
5.58221e-05
-5.54227e-08
5.58227e-05
-4.96909e-08
5.58233e-05
-4.27914e-08
5.58239e-05
-3.48229e-08
5.58245e-05
-2.59929e-08
5.5825e-05
-1.66264e-08
5.58255e-05
-7.16375e-09
5.5826e-05
1.86815e-09
5.58264e-05
9.87699e-09
5.58268e-05
1.62755e-08
5.58271e-05
2.05773e-08
5.58274e-05
2.24808e-08
5.58276e-05
2.1931e-08
5.58279e-05
1.9174e-08
5.58281e-05
1.47751e-08
5.58284e-05
9.58615e-09
5.58286e-05
4.63837e-09
5.58288e-05
9.53313e-10
-7.66349e-10
5.58173e-05
1.05615e-09
5.58172e-05
2.70812e-10
5.58171e-05
-1.73318e-09
5.5817e-05
-4.88525e-09
5.58169e-05
-8.98989e-09
5.58169e-05
-1.37773e-08
5.58168e-05
-1.89711e-08
5.58167e-05
-2.43169e-08
5.58167e-05
-2.96008e-08
5.58167e-05
-3.46565e-08
5.58167e-05
-3.93677e-08
5.58167e-05
-4.36634e-08
5.58168e-05
-4.75121e-08
5.58169e-05
-5.09135e-08
5.5817e-05
-5.38907e-08
5.58171e-05
-5.64821e-08
5.58173e-05
-5.8735e-08
5.58175e-05
-6.06991e-08
5.58177e-05
-6.24215e-08
5.5818e-05
-6.39413e-08
5.58183e-05
-6.52858e-08
5.58186e-05
-6.64659e-08
5.58189e-05
-6.74727e-08
5.58193e-05
-6.82745e-08
5.58197e-05
-6.88148e-08
5.58202e-05
-6.90115e-08
5.58206e-05
-6.87578e-08
5.58211e-05
-6.79258e-08
5.58216e-05
-6.6373e-08
5.58221e-05
-6.39523e-08
5.58227e-05
-6.0526e-08
5.58233e-05
-5.59832e-08
5.58238e-05
-5.02609e-08
5.58244e-05
-4.33657e-08
5.5825e-05
-3.5396e-08
5.58255e-05
-2.65588e-08
5.58261e-05
-1.71789e-08
5.58266e-05
-7.69652e-09
5.58271e-05
1.36095e-09
5.58276e-05
9.39931e-09
5.58281e-05
1.58306e-08
5.58285e-05
2.01677e-08
5.58288e-05
2.21072e-08
5.58292e-05
2.15932e-08
5.58295e-05
1.88707e-08
5.58297e-05
1.45054e-08
5.583e-05
9.34821e-09
5.58302e-05
4.43675e-09
5.58304e-05
7.8282e-10
-8.60059e-10
5.58184e-05
1.10335e-09
5.58184e-05
3.33931e-10
5.58183e-05
-1.67701e-09
5.58183e-05
-4.82434e-09
5.58182e-05
-8.92675e-09
5.58181e-05
-1.37132e-08
5.58181e-05
-1.89098e-08
5.5818e-05
-2.42625e-08
5.5818e-05
-2.95576e-08
5.58179e-05
-3.46289e-08
5.58179e-05
-3.93594e-08
5.58179e-05
-4.36777e-08
5.5818e-05
-4.75519e-08
5.58181e-05
-5.09809e-08
5.58182e-05
-5.39874e-08
5.58183e-05
-5.66093e-08
5.58184e-05
-5.88932e-08
5.58186e-05
-6.08887e-08
5.58189e-05
-6.26423e-08
5.58191e-05
-6.4193e-08
5.58194e-05
-6.55677e-08
5.58197e-05
-6.6777e-08
5.582e-05
-6.78119e-08
5.58204e-05
-6.86405e-08
5.58208e-05
-6.92061e-08
5.58212e-05
-6.94264e-08
5.58216e-05
-6.91946e-08
5.58221e-05
-6.83825e-08
5.58226e-05
-6.68478e-08
5.58231e-05
-6.44432e-08
5.58236e-05
-6.10312e-08
5.58241e-05
-5.6501e-08
5.58246e-05
-5.07896e-08
5.58252e-05
-4.39038e-08
5.58257e-05
-3.59418e-08
5.58262e-05
-2.71103e-08
5.58268e-05
-1.77341e-08
5.58274e-05
-8.2516e-09
5.58279e-05
8.10598e-10
5.58284e-05
8.85826e-09
5.5829e-05
1.53064e-08
5.58295e-05
1.96699e-08
5.58299e-05
2.16458e-08
5.58303e-05
2.11786e-08
5.58307e-05
1.85122e-08
5.5831e-05
1.42106e-08
5.58312e-05
9.11915e-09
5.58314e-05
4.27298e-09
5.58315e-05
6.62872e-10
-9.25765e-10
5.58192e-05
1.13442e-09
5.58192e-05
3.61707e-10
5.58192e-05
-1.65964e-09
5.58191e-05
-4.79703e-09
5.58191e-05
-8.88836e-09
5.5819e-05
-1.36638e-08
5.5819e-05
-1.88536e-08
5.58189e-05
-2.42048e-08
5.58189e-05
-2.95046e-08
5.58188e-05
-3.45866e-08
5.58188e-05
-3.93335e-08
5.58188e-05
-4.36732e-08
5.58188e-05
-4.75727e-08
5.58189e-05
-5.10302e-08
5.5819e-05
-5.40674e-08
5.58191e-05
-5.67215e-08
5.58192e-05
-5.90385e-08
5.58194e-05
-6.10671e-08
5.58196e-05
-6.28535e-08
5.58199e-05
-6.4436e-08
5.58201e-05
-6.58413e-08
5.58204e-05
-6.70795e-08
5.58208e-05
-6.81413e-08
5.58211e-05
-6.89945e-08
5.58215e-05
-6.95824e-08
5.58219e-05
-6.98223e-08
5.58223e-05
-6.96077e-08
5.58227e-05
-6.88105e-08
5.58232e-05
-6.72887e-08
5.58236e-05
-6.48958e-08
5.58241e-05
-6.14949e-08
5.58246e-05
-5.69759e-08
5.5825e-05
-5.12769e-08
5.58255e-05
-4.44053e-08
5.58261e-05
-3.64599e-08
5.58266e-05
-2.76475e-08
5.58272e-05
-1.82919e-08
5.58277e-05
-8.82923e-09
5.58283e-05
2.16984e-10
5.58289e-05
8.2531e-09
5.58295e-05
1.47018e-08
5.58301e-05
1.90827e-08
5.58307e-05
2.10952e-08
5.58312e-05
2.06858e-08
5.58316e-05
1.80975e-08
5.58319e-05
1.38901e-08
5.58321e-05
8.89876e-09
5.58322e-05
4.14804e-09
5.58323e-05
5.94572e-10
-9.64192e-10
5.58196e-05
1.14678e-09
5.58196e-05
3.50714e-10
5.58197e-05
-1.68299e-09
5.58197e-05
-4.80391e-09
5.58196e-05
-8.87481e-09
5.58196e-05
-1.36288e-08
5.58196e-05
-1.88021e-08
5.58195e-05
-2.41436e-08
5.58194e-05
-2.94416e-08
5.58194e-05
-3.45297e-08
5.58193e-05
-3.92902e-08
5.58193e-05
-4.36499e-08
5.58193e-05
-4.75747e-08
5.58193e-05
-5.10616e-08
5.58194e-05
-5.41311e-08
5.58195e-05
-5.68192e-08
5.58196e-05
-5.91711e-08
5.58198e-05
-6.12347e-08
5.582e-05
-6.30553e-08
5.58202e-05
-6.46708e-08
5.58205e-05
-6.6107e-08
5.58208e-05
-6.73737e-08
5.58211e-05
-6.84611e-08
5.58215e-05
-6.93367e-08
5.58218e-05
-6.99436e-08
5.58222e-05
-7.01993e-08
5.58226e-05
-6.9997e-08
5.5823e-05
-6.92096e-08
5.58234e-05
-6.76957e-08
5.58238e-05
-6.53098e-08
5.58242e-05
-6.19164e-08
5.58247e-05
-5.74073e-08
5.58251e-05
-5.17219e-08
5.58256e-05
-4.48693e-08
5.58261e-05
-3.69495e-08
5.58266e-05
-2.81692e-08
5.58271e-05
-1.88515e-08
5.58277e-05
-9.42888e-09
5.58284e-05
-4.19261e-10
5.5829e-05
7.58341e-09
5.58297e-05
1.40163e-08
5.58304e-05
1.8405e-08
5.5831e-05
2.04541e-08
5.58316e-05
2.01136e-08
5.58321e-05
1.76255e-08
5.58324e-05
1.35442e-08
5.58327e-05
8.68907e-09
5.58327e-05
4.06717e-09
5.58327e-05
5.86238e-10
-9.70136e-10
5.58197e-05
1.14785e-09
5.58197e-05
3.04088e-10
5.58198e-05
-1.74754e-09
5.58198e-05
-4.84482e-09
5.58198e-05
-8.88625e-09
5.58198e-05
-1.36082e-08
5.58198e-05
-1.8755e-08
5.58197e-05
-2.40782e-08
5.58196e-05
-2.93676e-08
5.58196e-05
-3.44572e-08
5.58195e-05
-3.92284e-08
5.58195e-05
-4.36069e-08
5.58194e-05
-4.7557e-08
5.58195e-05
-5.10744e-08
5.58195e-05
-5.41778e-08
5.58196e-05
-5.69022e-08
5.58197e-05
-5.92913e-08
5.58199e-05
-6.1392e-08
5.58201e-05
-6.32487e-08
5.58203e-05
-6.48984e-08
5.58206e-05
-6.63662e-08
5.58208e-05
-6.76612e-08
5.58212e-05
-6.87732e-08
5.58215e-05
-6.96692e-08
5.58218e-05
-7.0292e-08
5.58222e-05
-7.05592e-08
5.58226e-05
-7.03645e-08
5.58229e-05
-6.95814e-08
5.58233e-05
-6.80697e-08
5.58237e-05
-6.56856e-08
5.5824e-05
-6.22957e-08
5.58244e-05
-5.77942e-08
5.58248e-05
-5.21232e-08
5.58253e-05
-4.52941e-08
5.58257e-05
-3.74085e-08
5.58262e-05
-2.86734e-08
5.58268e-05
-1.94112e-08
5.58274e-05
-1.00492e-08
5.58281e-05
-1.10479e-09
5.58288e-05
6.83933e-09
5.58296e-05
1.3239e-08
5.58304e-05
1.76269e-08
5.58311e-05
1.97136e-08
5.58317e-05
1.94544e-08
5.58323e-05
1.70906e-08
5.58326e-05
1.31689e-08
5.58328e-05
8.48769e-09
5.58329e-05
4.03059e-09
5.58328e-05
6.36902e-10
-9.5239e-10
3.57809e-05
1.00071e-09
3.57807e-05
4.85704e-10
3.57798e-05
-8.18264e-10
3.57778e-05
-2.85168e-09
3.57743e-05
-5.36583e-09
3.5769e-05
-8.36572e-09
3.57619e-05
-1.16654e-08
3.5753e-05
-1.51359e-08
3.57422e-05
-1.85923e-08
3.57296e-05
-2.18346e-08
3.57151e-05
-2.4715e-08
3.56985e-05
-2.70199e-08
3.56796e-05
-2.86805e-08
3.56582e-05
-2.96519e-08
3.5634e-05
-2.99357e-08
3.56066e-05
-2.94833e-08
3.55756e-05
-2.83554e-08
3.55409e-05
-2.66442e-08
3.55021e-05
-2.44733e-08
3.54592e-05
-2.19508e-08
3.54119e-05
-1.91453e-08
3.53604e-05
-1.60724e-08
3.53043e-05
-1.27153e-08
3.52437e-05
-9.08498e-09
3.51787e-05
-5.30766e-09
3.51099e-05
-1.71654e-09
3.50383e-05
1.24855e-09
3.49657e-05
3.00622e-09
3.48947e-05
2.95303e-09
3.48283e-05
6.69721e-10
3.47697e-05
-3.69692e-09
3.4722e-05
-1.01284e-08
3.46878e-05
-1.78756e-08
3.46666e-05
-2.41579e-08
3.46591e-05
-2.98955e-08
3.46659e-05
-3.54748e-08
3.46877e-05
-4.11921e-08
3.47243e-05
-4.66754e-08
3.4775e-05
-5.17671e-08
3.48384e-05
-5.66255e-08
3.49124e-05
-6.07095e-08
3.49942e-05
-6.41573e-08
3.50815e-05
-6.76099e-08
3.5172e-05
-7.10689e-08
3.52635e-05
-7.44492e-08
3.53556e-05
-7.89305e-08
3.54452e-05
-8.11255e-08
3.55318e-05
-8.25703e-08
3.56305e-05
-9.80586e-08
-6.95338e-08
1.9753e-05
7.19498e-10
1.97532e-05
2.59807e-10
1.9753e-05
-6.11949e-10
1.97523e-05
-2.18402e-09
1.97506e-05
-3.66416e-09
1.97476e-05
-5.40791e-09
1.97431e-05
-7.08907e-09
1.97367e-05
-8.72097e-09
1.97282e-05
-1.01159e-08
1.97173e-05
-1.09914e-08
1.97037e-05
-1.10763e-08
1.96867e-05
-1.00461e-08
1.96658e-05
-7.78159e-09
1.96404e-05
-4.24151e-09
1.96099e-05
5.26233e-10
1.9574e-05
6.4354e-09
1.95322e-05
1.34785e-08
1.94842e-05
2.1398e-08
1.94298e-05
2.98956e-08
1.93692e-05
3.86813e-08
1.93025e-05
4.75117e-08
1.92302e-05
5.61981e-08
1.9153e-05
6.45511e-08
1.90716e-05
7.2283e-08
1.89874e-05
7.8905e-08
1.8902e-05
8.36612e-08
1.88177e-05
8.55896e-08
1.8737e-05
8.37111e-08
1.86627e-05
7.72394e-08
1.85976e-05
6.57815e-08
1.85444e-05
4.95056e-08
1.8505e-05
2.91979e-08
1.84804e-05
6.72767e-09
1.84725e-05
-1.62685e-08
1.84806e-05
-3.79587e-08
1.85043e-05
-5.92195e-08
1.85434e-05
-8.02779e-08
1.85967e-05
-9.99729e-08
1.86624e-05
-1.17445e-07
1.8738e-05
-1.32258e-07
1.88222e-05
-1.44841e-07
1.89136e-05
-1.55589e-07
1.90118e-05
-1.65821e-07
1.91157e-05
-1.74988e-07
1.92234e-05
-1.82127e-07
1.93354e-05
-1.90903e-07
1.94475e-05
-1.93261e-07
1.95554e-05
-1.90497e-07
1.96826e-05
-2.25209e-07
-1.61595e-07
9.39177e-06
3.6277e-10
9.39324e-06
-1.21261e-09
9.3955e-06
-2.87413e-09
9.39847e-06
-5.15245e-09
9.40074e-06
-5.9279e-09
9.4017e-06
-6.37071e-09
9.40075e-06
-6.14127e-09
9.39769e-06
-5.65743e-09
9.39224e-06
-4.66712e-09
9.38398e-06
-2.73433e-09
9.37253e-06
3.78812e-10
9.35731e-06
5.16686e-09
9.33798e-06
1.15474e-08
9.3142e-06
1.95427e-08
9.28576e-06
2.8961e-08
9.25253e-06
3.96684e-08
9.2146e-06
5.1408e-08
9.17216e-06
6.38379e-08
9.12555e-06
7.65045e-08
9.07526e-06
8.89754e-08
9.02191e-06
1.0086e-07
8.96628e-06
1.11834e-07
8.90926e-06
1.21565e-07
8.85193e-06
1.29617e-07
8.79548e-06
1.35356e-07
8.74125e-06
1.37884e-07
8.69065e-06
1.3619e-07
8.64508e-06
1.29284e-07
8.60592e-06
1.164e-07
8.57441e-06
9.72946e-08
8.55147e-06
7.24448e-08
8.5378e-06
4.28682e-08
8.53415e-06
1.03769e-08
8.53923e-06
-2.13452e-08
8.55402e-06
-5.27565e-08
8.57839e-06
-8.35863e-08
8.61167e-06
-1.13558e-07
8.65277e-06
-1.41072e-07
8.70039e-06
-1.65065e-07
8.75351e-06
-1.8538e-07
8.81219e-06
-2.03515e-07
8.87602e-06
-2.19419e-07
8.94522e-06
-2.35024e-07
9.01922e-06
-2.48985e-07
9.09563e-06
-2.58541e-07
9.17722e-06
-2.72487e-07
9.25835e-06
-2.74391e-07
9.33497e-06
-2.6712e-07
9.42238e-06
-3.12616e-07
-2.30803e-07
3.86437e-06
-1.52222e-09
3.87001e-06
-6.84876e-09
3.876e-06
-8.86698e-09
3.88137e-06
-1.05229e-08
3.88456e-06
-9.11376e-09
3.88593e-06
-7.74497e-09
3.88521e-06
-5.41436e-09
3.88244e-06
-2.89598e-09
3.87755e-06
2.30882e-10
3.87029e-06
4.52645e-09
3.86048e-06
1.01849e-08
3.84806e-06
1.75832e-08
3.83306e-06
2.65475e-08
3.8155e-06
3.71079e-08
3.79554e-06
4.89221e-08
3.77339e-06
6.18198e-08
3.74933e-06
7.54639e-08
3.72371e-06
8.94592e-08
3.69692e-06
1.03291e-07
3.6694e-06
1.16497e-07
3.64161e-06
1.28648e-07
3.61405e-06
1.39395e-07
3.58724e-06
1.48379e-07
3.56171e-06
1.55145e-07
3.538e-06
1.59061e-07
3.51662e-06
1.59265e-07
3.49805e-06
1.54767e-07
3.48268e-06
1.44651e-07
3.47078e-06
1.28303e-07
3.46248e-06
1.0559e-07
3.45788e-06
7.70416e-08
3.45695e-06
4.38052e-08
3.45916e-06
8.16058e-09
3.46626e-06
-2.84422e-08
3.47718e-06
-6.36729e-08
3.49164e-06
-9.805e-08
3.50933e-06
-1.31243e-07
3.52993e-06
-1.61672e-07
3.55355e-06
-1.88691e-07
3.58001e-06
-2.11842e-07
3.60975e-06
-2.33247e-07
3.64209e-06
-2.5176e-07
3.67735e-06
-2.70287e-07
3.71513e-06
-2.86762e-07
3.75279e-06
-2.96201e-07
3.79498e-06
-3.14677e-07
3.83433e-06
-3.13745e-07
3.87169e-06
-3.04479e-07
3.90815e-06
-3.49074e-07
-2.61947e-07
1.38324e-06
-6.65529e-09
1.39258e-06
-1.61845e-08
1.39863e-06
-1.49195e-08
1.40256e-06
-1.44539e-08
1.40403e-06
-1.05854e-08
1.40415e-06
-7.86068e-09
1.40274e-06
-4.01127e-09
1.40002e-06
-1.73682e-10
1.39587e-06
4.38764e-09
1.3903e-06
1.00965e-08
1.38347e-06
1.70111e-08
1.37547e-06
2.55818e-08
1.36651e-06
3.55082e-08
1.35674e-06
4.68798e-08
1.34636e-06
5.93003e-08
1.33556e-06
7.26143e-08
1.32461e-06
8.64163e-08
1.31372e-06
1.00349e-07
1.30312e-06
1.13898e-07
1.29299e-06
1.26627e-07
1.28352e-06
1.38112e-07
1.27491e-06
1.48011e-07
1.26732e-06
1.55966e-07
1.26094e-06
1.61525e-07
1.25592e-06
1.64082e-07
1.25237e-06
1.62812e-07
1.25032e-06
1.56813e-07
1.24971e-06
1.45269e-07
1.25036e-06
1.27647e-07
1.25204e-06
1.03911e-07
1.25448e-06
7.46034e-08
1.25744e-06
4.08474e-08
1.26134e-06
4.26202e-09
1.26479e-06
-3.18998e-08
1.26929e-06
-6.817e-08
1.27476e-06
-1.03521e-07
1.28104e-06
-1.37518e-07
1.28796e-06
-1.68597e-07
1.29582e-06
-1.96544e-07
1.30461e-06
-2.20637e-07
1.3147e-06
-2.43339e-07
1.32563e-06
-2.62688e-07
1.33756e-06
-2.82219e-07
1.35052e-06
-2.99723e-07
1.36237e-06
-3.08048e-07
1.37672e-06
-3.29024e-07
1.38786e-06
-3.24889e-07
1.39938e-06
-3.15999e-07
1.39898e-06
-3.48667e-07
-2.62794e-07
4.28752e-07
-1.49699e-08
4.39575e-07
-2.70077e-08
4.43509e-07
-1.88536e-08
4.45737e-07
-1.66813e-08
4.45986e-07
-1.0834e-08
4.45499e-07
-7.37374e-09
4.43965e-07
-2.47678e-09
4.41747e-07
2.04447e-09
4.38839e-07
7.29518e-09
4.35409e-07
1.35262e-08
4.31551e-07
2.08693e-08
4.27425e-07
2.97076e-08
4.23176e-07
3.97567e-08
4.18943e-07
5.11127e-08
4.14888e-07
6.33554e-08
4.11136e-07
7.63668e-08
4.07818e-07
8.9734e-08
4.05037e-07
1.03129e-07
4.02877e-07
1.16058e-07
4.01389e-07
1.28116e-07
4.00616e-07
1.38885e-07
4.00593e-07
1.48035e-07
4.0135e-07
1.55209e-07
4.02914e-07
1.59961e-07
4.0529e-07
1.61706e-07
4.08429e-07
1.59673e-07
4.12219e-07
1.53023e-07
4.16467e-07
1.4102e-07
4.20901e-07
1.23214e-07
4.25209e-07
9.96023e-08
4.29073e-07
7.07398e-08
4.3226e-07
3.76609e-08
4.34185e-07
2.33717e-09
4.36608e-07
-3.43228e-08
4.38421e-07
-6.99836e-08
4.39667e-07
-1.04766e-07
4.4048e-07
-1.38332e-07
4.40995e-07
-1.69111e-07
4.41504e-07
-1.97053e-07
4.42166e-07
-2.21299e-07
4.43076e-07
-2.44248e-07
4.44089e-07
-2.637e-07
4.44923e-07
-2.83054e-07
4.45925e-07
-3.00724e-07
4.45834e-07
-3.07958e-07
4.45824e-07
-3.29014e-07
4.43769e-07
-3.22834e-07
4.41897e-07
-3.14126e-07
4.23601e-07
-3.3037e-07
-2.49734e-07
1.08613e-07
-2.54339e-08
1.19896e-07
-3.82908e-08
1.22004e-07
-2.09627e-08
1.23224e-07
-1.7901e-08
1.22859e-07
-1.04684e-08
1.22221e-07
-6.73509e-09
1.21032e-07
-1.28824e-09
1.19639e-07
3.43801e-09
1.17903e-07
9.03119e-09
1.16034e-07
1.53945e-08
1.14084e-07
2.28189e-08
1.12205e-07
3.15869e-08
1.10498e-07
4.14639e-08
1.09075e-07
5.25353e-08
1.08016e-07
6.44139e-08
1.07402e-07
7.69807e-08
1.07308e-07
8.98287e-08
1.07781e-07
1.02655e-07
1.08849e-07
1.1499e-07
1.10514e-07
1.26451e-07
1.12772e-07
1.36627e-07
1.15621e-07
1.45186e-07
1.19059e-07
1.5177e-07
1.23082e-07
1.55938e-07
1.27661e-07
1.57127e-07
1.32721e-07
1.54613e-07
1.38116e-07
1.47628e-07
1.43624e-07
1.35513e-07
1.48972e-07
1.17866e-07
1.5386e-07
9.47149e-08
1.58014e-07
6.65853e-08
1.61177e-07
3.44986e-08
1.6379e-07
-2.76069e-10
1.64513e-07
-3.50459e-08
1.64734e-07
-7.0204e-08
1.64389e-07
-1.04421e-07
1.63313e-07
-1.37255e-07
1.61626e-07
-1.67425e-07
1.59506e-07
-1.94933e-07
1.57149e-07
-2.18941e-07
1.54529e-07
-2.41627e-07
1.5177e-07
-2.60942e-07
1.48384e-07
-2.79667e-07
1.44799e-07
-2.97139e-07
1.40484e-07
-3.03643e-07
1.34822e-07
-3.23351e-07
1.28117e-07
-3.16129e-07
1.20596e-07
-3.06605e-07
9.60717e-08
-3.05845e-07
-2.32141e-07
1.29669e-08
-3.84597e-08
2.53914e-08
-5.0715e-08
2.65595e-08
-2.21311e-08
2.73342e-08
-1.86754e-08
2.68602e-08
-9.99413e-09
2.63292e-08
-6.20385e-09
2.5369e-08
-3.2788e-10
2.43863e-08
4.42082e-09
2.32608e-08
1.01566e-08
2.21727e-08
1.64825e-08
2.1123e-08
2.38685e-08
2.02538e-08
3.2456e-08
1.96157e-08
4.21018e-08
1.9308e-08
5.2843e-08
1.9387e-08
6.43348e-08
1.99142e-08
7.64534e-08
2.09311e-08
8.88118e-08
2.24716e-08
1.01115e-07
2.45469e-08
1.12915e-07
2.71515e-08
1.23846e-07
3.02707e-08
1.33507e-07
3.38906e-08
1.41566e-07
3.80012e-08
1.47659e-07
4.25848e-08
1.51354e-07
4.76011e-08
1.52111e-07
5.29627e-08
1.49251e-07
5.85207e-08
1.42071e-07
6.40641e-08
1.29969e-07
6.93322e-08
1.12598e-07
7.40479e-08
8.99993e-08
7.79621e-08
6.26712e-08
8.09344e-08
3.15263e-08
8.24393e-08
-1.78119e-09
8.3789e-08
-3.63955e-08
8.39473e-08
-7.03622e-08
8.31818e-08
-1.03656e-07
8.16014e-08
-1.35674e-07
7.9358e-08
-1.65181e-07
7.6592e-08
-1.92167e-07
7.35113e-08
-2.1586e-07
7.00022e-08
-2.38118e-07
6.62735e-08
-2.57213e-07
6.17577e-08
-2.75151e-07
5.68423e-08
-2.92224e-07
5.1398e-08
-2.98198e-07
4.40379e-08
-3.15991e-07
3.61802e-08
-3.08271e-07
2.71587e-08
-2.97583e-07
7.20431e-09
-2.8589e-07
-2.19063e-07
-2.44808e-09
-4.25796e-08
1.0682e-09
-5.42312e-08
1.4195e-09
-2.24828e-08
1.82387e-09
-1.90796e-08
1.28919e-09
-9.45918e-09
7.87023e-10
-5.7014e-09
4.75748e-11
4.11764e-10
-6.68196e-10
5.13664e-09
-1.49435e-09
1.09827e-08
-2.24802e-09
1.72361e-08
-2.93595e-09
2.45563e-08
-3.42612e-09
3.2946e-08
-3.68062e-09
4.23562e-08
-3.60978e-09
5.2772e-08
-3.17473e-09
6.38997e-08
-2.3162e-09
7.55948e-08
-1.00152e-09
8.74971e-08
8.01456e-10
9.93117e-08
3.09868e-09
1.10617e-07
5.88561e-09
1.21059e-07
9.14912e-09
1.30244e-07
1.28749e-08
1.3784e-07
1.70512e-08
1.43483e-07
2.16591e-08
1.46746e-07
2.66561e-08
1.47114e-07
3.19559e-08
1.43951e-07
3.74139e-08
1.36613e-07
4.28296e-08
1.24553e-07
4.79634e-08
1.07464e-07
5.2569e-08
8.53937e-08
5.64294e-08
5.8811e-08
5.93302e-08
2.86256e-08
6.14739e-08
-3.92473e-09
6.20467e-08
-3.69681e-08
6.2039e-08
-7.03543e-08
6.12303e-08
-1.02847e-07
5.96081e-08
-1.34052e-07
5.73111e-08
-1.62884e-07
5.44471e-08
-1.89302e-07
5.12204e-08
-2.12634e-07
4.75044e-08
-2.34402e-07
4.35445e-08
-2.53253e-07
3.882e-08
-2.70426e-07
3.36393e-08
-2.87043e-07
2.80411e-08
-2.926e-07
2.05083e-08
-3.08458e-07
1.26381e-08
-3.00401e-07
3.71328e-09
-2.88657e-07
-1.2317e-08
-2.69859e-07
-2.09407e-07
-5.02823e-09
-4.41268e-08
-4.23625e-09
-5.50231e-08
-4.21682e-09
-2.25026e-08
-4.02637e-09
-1.92698e-08
-4.5709e-09
-8.91438e-09
-5.04807e-09
-5.22396e-09
-5.7837e-09
1.14759e-09
-6.44503e-09
5.79804e-09
-7.16714e-09
1.17047e-08
-7.79311e-09
1.7862e-08
-8.33887e-09
2.51019e-08
-8.68486e-09
3.32919e-08
-8.79949e-09
4.24707e-08
-8.59872e-09
5.25712e-08
-8.04492e-09
6.33458e-08
-7.08522e-09
7.46351e-08
-5.68949e-09
8.61013e-08
-3.83045e-09
9.74526e-08
-1.50239e-09
1.08289e-07
1.29511e-09
1.18262e-07
4.54767e-09
1.26991e-07
8.23895e-09
1.34149e-07
1.2355e-08
1.39367e-07
1.68716e-08
1.4223e-07
2.17425e-08
1.42243e-07
2.68797e-08
1.38814e-07
3.21432e-08
1.31349e-07
3.73431e-08
1.19354e-07
4.22512e-08
1.02556e-07
4.66289e-08
8.10161e-08
5.02629e-08
5.5177e-08
5.29843e-08
2.59043e-08
5.46474e-08
-5.58776e-09
5.57898e-08
-3.81105e-08
5.58405e-08
-7.04049e-08
5.50658e-08
-1.02072e-07
5.35044e-08
-1.3249e-07
5.12921e-08
-1.60671e-07
4.85198e-08
-1.8653e-07
4.53796e-08
-2.09493e-07
4.17359e-08
-2.30758e-07
3.78254e-08
-2.49343e-07
3.3178e-08
-2.65778e-07
2.80396e-08
-2.81905e-07
2.25218e-08
-2.87082e-07
1.52307e-08
-3.01167e-07
7.65873e-09
-2.92829e-07
-6.38913e-10
-2.80359e-07
-1.37244e-08
-2.56773e-07
-2.02029e-07
-4.29018e-09
-4.43842e-08
-4.83276e-09
-5.44805e-08
-5.11017e-09
-2.22255e-08
-5.16639e-09
-1.92133e-08
-5.76238e-09
-8.31812e-09
-6.25601e-09
-4.73005e-09
-6.91255e-09
1.80435e-09
-7.51474e-09
6.4003e-09
-8.17874e-09
1.23687e-08
-8.74559e-09
1.84287e-08
-9.22854e-09
2.55847e-08
-9.5139e-09
3.35771e-08
-9.57214e-09
4.25288e-08
-9.3249e-09
5.23239e-08
-8.73683e-09
6.27577e-08
-7.75644e-09
7.36546e-08
-6.35527e-09
8.47001e-08
-4.50754e-09
9.56049e-08
-2.20734e-09
1.05989e-07
5.44528e-10
1.1551e-07
3.73681e-09
1.23799e-07
7.35224e-09
1.30534e-07
1.13757e-08
1.35343e-07
1.57803e-08
1.37825e-07
2.05178e-08
1.37506e-07
2.55011e-08
1.33831e-07
3.05946e-08
1.26256e-07
3.56173e-08
1.14331e-07
4.03573e-08
9.7816e-08
4.45996e-08
7.67738e-08
4.81571e-08
5.16196e-08
5.09254e-08
2.31361e-08
5.27442e-08
-7.40643e-09
5.35043e-08
-3.88705e-08
5.3569e-08
-7.04695e-08
5.28466e-08
-1.01349e-07
5.13598e-08
-1.31003e-07
4.92332e-08
-1.58545e-07
4.65436e-08
-1.8384e-07
4.34737e-08
-2.06423e-07
3.98988e-08
-2.27183e-07
3.60535e-08
-2.45497e-07
3.15216e-08
-2.61247e-07
2.65077e-08
-2.76891e-07
2.11474e-08
-2.81722e-07
1.42275e-08
-2.94247e-07
7.0653e-09
-2.85666e-07
-4.81159e-10
-2.72812e-07
-1.11135e-08
-2.4614e-07
-1.96453e-07
-2.98857e-09
-4.38036e-08
-4.36716e-09
-5.31018e-08
-4.86093e-09
-2.1732e-08
-5.10975e-09
-1.89643e-08
-5.72947e-09
-7.69811e-09
-6.25625e-09
-4.20298e-09
-6.95235e-09
2.50067e-09
-7.55709e-09
7.00512e-09
-8.19085e-09
1.30024e-08
-8.71792e-09
1.89557e-08
-9.1539e-09
2.60206e-08
-9.39334e-09
3.38165e-08
-9.40945e-09
4.25448e-08
-9.12704e-09
5.20414e-08
-8.51305e-09
6.21436e-08
-7.51856e-09
7.26601e-08
-6.11697e-09
8.32984e-08
-4.28375e-09
9.37716e-08
-2.01322e-09
1.03719e-07
6.94373e-10
1.12802e-07
3.82633e-09
1.20667e-07
7.36749e-09
1.26993e-07
1.12993e-08
1.31412e-07
1.55918e-08
1.33533e-07
2.01942e-08
1.32903e-07
2.50194e-08
1.29006e-07
2.99359e-08
1.21339e-07
3.47707e-08
1.09496e-07
3.93203e-08
9.32664e-08
4.33798e-08
7.27144e-08
4.67672e-08
4.82322e-08
4.92714e-08
2.06321e-08
5.10539e-08
-9.18895e-09
5.20247e-08
-3.98411e-08
5.2119e-08
-7.05637e-08
5.14481e-08
-1.00678e-07
5.00407e-08
-1.29596e-07
4.80133e-08
-1.56517e-07
4.54307e-08
-1.81257e-07
4.24617e-08
-2.03454e-07
3.8987e-08
-2.23708e-07
3.52327e-08
-2.41743e-07
3.08242e-08
-2.56838e-07
2.59448e-08
-2.72012e-07
2.0747e-08
-2.76524e-07
1.41953e-08
-2.87695e-07
7.46271e-09
-2.78933e-07
6.27597e-10
-2.65976e-07
-7.96382e-09
-2.37548e-07
-1.92347e-07
-1.72335e-09
-4.25724e-08
-3.74958e-09
-5.10756e-08
-4.45288e-09
-2.1029e-08
-4.91505e-09
-1.8502e-08
-5.57627e-09
-7.0366e-09
-6.12927e-09
-3.64969e-09
-6.7814e-09
3.15305e-09
-7.36707e-09
7.5909e-09
-7.97533e-09
1.36107e-08
-8.47522e-09
1.94555e-08
-8.8789e-09
2.64241e-08
-9.08704e-09
3.40245e-08
-9.07473e-09
4.25324e-08
-8.77061e-09
5.17372e-08
-8.14307e-09
6.1516e-08
-7.14515e-09
7.16621e-08
-5.75214e-09
8.19054e-08
-3.94091e-09
9.19604e-08
-1.70624e-09
1.01484e-07
9.51826e-10
1.10144e-07
4.01925e-09
1.176e-07
7.48289e-09
1.23529e-07
1.13214e-08
1.27573e-07
1.55031e-08
1.29351e-07
1.99758e-08
1.2843e-07
2.46533e-08
1.24328e-07
2.9408e-08
1.16585e-07
3.40746e-08
1.0483e-07
3.84632e-08
8.88779e-08
4.2383e-08
6.87947e-08
4.56674e-08
4.49479e-08
4.82786e-08
1.8021e-08
4.99073e-08
-1.08176e-08
5.07775e-08
-4.07112e-08
5.08943e-08
-7.06804e-08
5.02711e-08
-1.00055e-07
4.89336e-08
-1.28258e-07
4.69895e-08
-1.54573e-07
4.44946e-08
-1.78762e-07
4.16082e-08
-2.00567e-07
3.82221e-08
-2.20322e-07
3.45528e-08
-2.38073e-07
3.02749e-08
-2.5256e-07
2.5545e-08
-2.67282e-07
2.05282e-08
-2.71508e-07
1.43432e-08
-2.8151e-07
8.05121e-09
-2.72641e-07
1.89141e-09
-2.59816e-07
-5.00471e-09
-2.30651e-07
-1.8945e-07
-4.16407e-10
-4.06368e-08
-3.10771e-09
-4.83843e-08
-3.97565e-09
-2.01613e-08
-4.60376e-09
-1.78737e-08
-5.30029e-09
-6.33977e-09
-5.90073e-09
-3.04895e-09
-6.57992e-09
3.83249e-09
-7.16448e-09
8.17558e-09
-7.74709e-09
1.41933e-08
-8.21574e-09
1.99241e-08
-8.58282e-09
2.67911e-08
-8.75607e-09
3.41977e-08
-8.71226e-09
4.24885e-08
-8.38373e-09
5.14086e-08
-7.74051e-09
6.08727e-08
-6.73755e-09
7.06591e-08
-5.35157e-09
8.05193e-08
-3.5606e-09
9.01694e-08
-1.3597e-09
9.92829e-08
1.25114e-09
1.07533e-07
4.25744e-09
1.14593e-07
7.64653e-09
1.2014e-07
1.13948e-08
1.23825e-07
1.54688e-08
1.25277e-07
1.98148e-08
1.24084e-07
2.43471e-08
1.19796e-07
2.89422e-08
1.11989e-07
3.34415e-08
1.0033e-07
3.76628e-08
8.46566e-08
4.14265e-08
6.5031e-08
4.45786e-08
4.17959e-08
4.69352e-08
1.56644e-08
4.86727e-08
-1.25551e-08
4.95727e-08
-4.16111e-08
4.97133e-08
-7.08209e-08
4.91384e-08
-9.94799e-08
4.78733e-08
-1.26993e-07
4.60168e-08
-1.52716e-07
4.36165e-08
-1.76362e-07
4.082e-08
-1.97771e-07
3.7528e-08
-2.17029e-07
3.39451e-08
-2.3449e-07
2.9795e-08
-2.4841e-07
2.52111e-08
-2.62698e-07
2.03754e-08
-2.66672e-07
1.45416e-08
-2.75676e-07
8.68361e-09
-2.66783e-07
3.13036e-09
-2.54262e-07
-2.36187e-09
-2.25159e-07
-1.87532e-07
5.26998e-10
-3.8308e-08
-2.5283e-09
-4.53291e-08
-3.55061e-09
-1.91393e-08
-4.34801e-09
-1.70761e-08
-5.07703e-09
-5.61044e-09
-5.70097e-09
-2.4247e-09
-6.35645e-09
4.48823e-09
-6.93408e-09
8.75334e-09
-7.4977e-09
1.47569e-08
-7.94471e-09
2.03711e-08
-8.28403e-09
2.71304e-08
-8.43012e-09
3.43437e-08
-8.36114e-09
4.24194e-08
-8.0132e-09
5.10606e-08
-7.358e-09
6.02174e-08
-6.35276e-09
6.96539e-08
-4.97585e-09
7.91424e-08
-3.20659e-09
8.84001e-08
-1.04056e-09
9.71168e-08
1.5219e-09
1.04971e-07
4.46687e-09
1.11648e-07
7.78075e-09
1.16826e-07
1.14389e-08
1.20167e-07
1.54067e-08
1.21309e-07
1.96296e-08
1.19861e-07
2.40232e-08
1.15403e-07
2.84674e-08
1.07545e-07
3.28105e-08
9.59873e-08
3.68804e-08
8.05867e-08
4.05079e-08
6.14036e-08
4.35484e-08
3.87554e-08
4.59673e-08
1.32457e-08
4.75337e-08
-1.41214e-08
4.84147e-08
-4.2492e-08
4.8576e-08
-7.09822e-08
4.80453e-08
-9.8949e-08
4.68457e-08
-1.25793e-07
4.5068e-08
-1.50938e-07
4.27537e-08
-1.74048e-07
4.00405e-08
-1.95057e-07
3.68398e-08
-2.13829e-07
3.33446e-08
-2.30995e-07
2.93256e-08
-2.44391e-07
2.48938e-08
-2.58266e-07
2.02444e-08
-2.62023e-07
1.47467e-08
-2.70179e-07
9.31035e-09
-2.61347e-07
4.30939e-09
-2.4926e-07
-1.87662e-11
-2.2083e-07
-1.86384e-07
1.28686e-09
-3.57257e-08
-1.98315e-09
-4.20591e-08
-3.11905e-09
-1.80036e-08
-4.04615e-09
-1.61488e-08
-4.81191e-09
-4.84436e-09
-5.48352e-09
-1.75276e-09
-6.15138e-09
5.15636e-09
-6.72393e-09
9.32605e-09
-7.26365e-09
1.52967e-08
-7.68377e-09
2.07912e-08
-7.99188e-09
2.74384e-08
-8.10898e-09
3.44608e-08
-8.01417e-09
4.23246e-08
-7.64704e-09
5.06935e-08
-6.98043e-09
5.95508e-08
-5.9735e-09
6.86469e-08
-4.60593e-09
7.77748e-08
-2.85828e-09
8.66525e-08
-7.26578e-10
9.49851e-08
1.78854e-09
1.02456e-07
4.67391e-09
1.08763e-07
7.91453e-09
1.13585e-07
1.14851e-08
1.16596e-07
1.53495e-08
1.17445e-07
1.94527e-08
1.15758e-07
2.37112e-08
1.11144e-07
2.80089e-08
1.03248e-07
3.21997e-08
9.17965e-08
3.61186e-08
7.66679e-08
3.96051e-08
5.79172e-08
4.25315e-08
3.5829e-08
4.47755e-08
1.10018e-08
4.63994e-08
-1.57453e-08
4.72783e-08
-4.33708e-08
4.74606e-08
-7.11643e-08
4.69744e-08
-9.84628e-08
4.58411e-08
-1.2466e-07
4.41429e-08
-1.4924e-07
4.19159e-08
-1.7182e-07
3.92872e-08
-1.92428e-07
3.61788e-08
-2.1072e-07
3.27713e-08
-2.27588e-07
2.888e-08
-2.405e-07
2.45986e-08
-2.53985e-07
2.01368e-08
-2.57561e-07
1.49601e-08
-2.65002e-07
9.9256e-09
-2.56312e-07
5.41823e-09
-2.44752e-07
1.31906e-09
-2.1673e-07
-1.85057e-07
1.89061e-09
-3.29825e-08
-1.50312e-09
-3.86655e-08
-2.73989e-09
-1.6767e-08
-3.78915e-09
-1.50994e-08
-4.5804e-09
-4.05277e-09
-5.27436e-09
-1.05846e-09
-5.93241e-09
5.8147e-09
-6.50251e-09
9.89633e-09
-7.02541e-09
1.58197e-08
-7.42578e-09
2.11916e-08
-7.70809e-09
2.77207e-08
-7.80019e-09
3.45528e-08
-7.68232e-09
4.22066e-08
-7.298e-09
5.03091e-08
-6.62139e-09
5.88741e-08
-5.61382e-09
6.76394e-08
-4.25629e-09
7.64172e-08
-2.53059e-09
8.49268e-08
-4.33336e-10
9.28878e-08
2.03472e-09
9.99878e-08
4.8606e-09
1.05937e-07
8.02834e-09
1.10418e-07
1.15121e-08
1.13112e-07
1.52751e-08
1.13682e-07
1.9262e-08
1.11771e-07
2.33909e-08
1.07015e-07
2.75487e-08
9.90898e-08
3.15954e-08
8.77498e-08
3.53736e-08
7.28898e-08
3.87327e-08
5.45581e-08
4.15531e-08
3.30086e-08
4.37873e-08
8.76761e-09
4.53069e-08
-1.72649e-08
4.61754e-08
-4.42392e-08
4.63766e-08
-7.13655e-08
4.5932e-08
-9.80181e-08
4.48605e-08
-1.23588e-07
4.32366e-08
-1.47616e-07
4.10919e-08
-1.69676e-07
3.85441e-08
-1.89881e-07
3.55261e-08
-2.07702e-07
3.22071e-08
-2.24269e-07
2.84439e-08
-2.36736e-07
2.43145e-08
-2.49856e-07
2.00406e-08
-2.53287e-07
1.51696e-08
-2.60131e-07
1.05218e-08
-2.51664e-07
6.47473e-09
-2.40705e-07
3.65299e-09
-2.13908e-07
-1.84885e-07
2.3718e-09
-3.01565e-08
-1.06241e-09
-3.52314e-08
-2.36922e-09
-1.54604e-08
-3.51253e-09
-1.39559e-08
-4.33317e-09
-3.23179e-09
-5.0664e-09
-3.24894e-10
-5.72804e-09
6.47664e-09
-6.29285e-09
1.04613e-08
-6.79511e-09
1.6322e-08
-7.17319e-09
2.15697e-08
-7.42919e-09
2.79766e-08
-7.49702e-09
3.46206e-08
-7.35741e-09
4.2067e-08
-6.95739e-09
4.99091e-08
-6.27216e-09
5.81889e-08
-5.26506e-09
6.66323e-08
-3.91828e-09
7.50704e-08
-2.21484e-09
8.32234e-08
-1.52012e-10
9.0825e-08
2.26978e-09
9.7566e-08
5.03704e-09
1.0317e-07
8.13332e-09
1.07321e-07
1.15322e-08
1.09713e-07
1.51962e-08
1.10018e-07
1.907e-08
1.07898e-07
2.3073e-08
1.03012e-07
2.70959e-08
9.50669e-08
3.10034e-08
8.38424e-08
3.46437e-08
6.92494e-08
3.78735e-08
5.13285e-08
4.0588e-08
3.0294e-08
4.27095e-08
6.6462e-09
4.42322e-08
-1.87876e-08
4.50946e-08
-4.51016e-08
4.53146e-08
-7.15854e-08
4.49114e-08
-9.76149e-08
4.39015e-08
-1.22578e-07
4.23514e-08
-1.46066e-07
4.02891e-08
-1.67613e-07
3.78221e-08
-1.87413e-07
3.48943e-08
-2.04774e-07
3.16635e-08
-2.21038e-07
2.80252e-08
-2.33098e-07
2.40454e-08
-2.45876e-07
1.99577e-08
-2.492e-07
1.5377e-08
-2.55551e-07
1.10931e-08
-2.4738e-07
7.45978e-09
-2.37071e-07
5.3632e-09
-2.11811e-07
-1.85212e-07
2.73803e-09
-2.73054e-08
-6.80193e-10
-3.18132e-08
-2.04028e-09
-1.41004e-08
-3.26052e-09
-1.27355e-08
-4.10545e-09
-2.38651e-09
-4.86471e-09
4.34714e-10
-5.52065e-09
7.1329e-09
-6.08259e-09
1.10235e-08
-6.568e-09
1.68075e-08
-6.92725e-09
2.19291e-08
-7.15945e-09
2.82088e-08
-7.20491e-09
3.46661e-08
-7.04503e-09
4.19071e-08
-6.63051e-09
4.94946e-08
-5.93758e-09
5.74959e-08
-4.93162e-09
6.56263e-08
-3.59593e-09
7.37347e-08
-1.91476e-09
8.15422e-08
1.14997e-10
8.87952e-08
2.48996e-09
9.51911e-08
5.19916e-09
1.00461e-07
8.22487e-09
1.04296e-07
1.15403e-08
1.06398e-07
1.51075e-08
1.06451e-07
1.88716e-08
1.04134e-07
2.27536e-08
9.91303e-08
2.66472e-08
9.11733e-08
3.0422e-08
8.00676e-08
3.39323e-08
6.57392e-08
3.70428e-08
4.8218e-08
3.96569e-08
2.76799e-08
4.17298e-08
4.57339e-09
4.31899e-08
-2.02477e-08
4.40433e-08
-4.59549e-08
4.42802e-08
-7.18223e-08
4.39158e-08
-9.72504e-08
4.2964e-08
-1.21627e-07
4.14837e-08
-1.44585e-07
3.95002e-08
-1.6563e-07
3.71113e-08
-1.85025e-07
3.42719e-08
-2.01935e-07
3.11293e-08
-2.17895e-07
2.76153e-08
-2.29584e-07
2.37848e-08
-2.42046e-07
1.98812e-08
-2.45296e-07
1.55755e-08
-2.51245e-07
1.16326e-08
-2.43437e-07
8.37315e-09
-2.33811e-07
6.84314e-09
-2.10281e-07
-1.85905e-07
3.01224e-09
-2.44793e-08
-3.38215e-10
-2.84629e-08
-1.73604e-09
-1.27027e-08
-3.02134e-09
-1.145e-08
-3.8775e-09
-1.53001e-09
-4.65741e-09
1.21499e-09
-5.31636e-09
7.79218e-09
-5.87473e-09
1.15821e-08
-6.34378e-09
1.72767e-08
-6.6848e-09
2.22702e-08
-6.89445e-09
2.84185e-08
-6.91919e-09
3.46909e-08
-6.74082e-09
4.17287e-08
-6.31356e-09
4.90673e-08
-5.61447e-09
5.67968e-08
-4.61089e-09
6.46228e-08
-3.28714e-09
7.2411e-08
-1.62871e-09
7.98838e-08
3.6758e-10
8.67989e-08
2.69646e-09
9.28622e-08
5.34835e-09
9.78086e-08
8.30472e-09
1.01339e-07
1.15383e-08
1.03164e-07
1.50111e-08
1.02978e-07
1.86686e-08
1.00476e-07
2.24335e-08
9.53655e-08
2.62029e-08
8.74039e-08
2.98507e-08
7.64197e-08
3.3236e-08
6.23539e-08
3.62293e-08
4.52247e-08
3.87458e-08
2.51635e-08
4.07373e-08
2.58193e-09
4.21728e-08
-2.16832e-08
4.30161e-08
-4.67982e-08
4.32673e-08
-7.20736e-08
4.2939e-08
-9.6922e-08
4.2043e-08
-1.20731e-07
4.06312e-08
-1.43173e-07
3.87263e-08
-1.63725e-07
3.6416e-08
-1.82714e-07
3.36649e-08
-1.99184e-07
3.06103e-08
-2.14841e-07
2.72177e-08
-2.26192e-07
2.35335e-08
-2.38362e-07
1.98103e-08
-2.41573e-07
1.57649e-08
-2.472e-07
1.21379e-08
-2.3981e-07
9.21157e-09
-2.30884e-07
8.10987e-09
-2.09178e-07
-1.86848e-07
3.19775e-09
-2.17134e-08
-5.06311e-11
-2.52146e-08
-1.46194e-09
-1.12914e-08
-2.78444e-09
-1.01273e-08
-3.66771e-09
-6.46369e-10
-4.47427e-09
2.02191e-09
-5.12307e-09
8.44129e-09
-5.67467e-09
1.2134e-08
-6.12499e-09
1.77271e-08
-6.44696e-09
2.25922e-08
-6.63467e-09
2.86062e-08
-6.64037e-09
3.46966e-08
-6.44531e-09
4.15336e-08
-6.00691e-09
4.8629e-08
-5.30293e-09
5.60928e-08
-4.30264e-09
6.36225e-08
-2.99137e-09
7.10997e-08
-1.35583e-09
7.82483e-08
6.0682e-10
8.48363e-08
2.8905e-09
9.05786e-08
5.4858e-09
9.52133e-08
8.37387e-09
9.84514e-08
1.15273e-08
1.00011e-07
1.49079e-08
9.95974e-08
1.8462e-08
9.69221e-08
2.21143e-08
9.17132e-08
2.57651e-08
8.37531e-08
2.9293e-08
7.28918e-08
3.25625e-08
5.90844e-08
3.54499e-08
4.23373e-08
3.78765e-08
2.27369e-08
3.98086e-08
6.49865e-10
4.11975e-08
-2.30721e-08
4.20247e-08
-4.76253e-08
4.22817e-08
-7.23306e-08
4.198e-08
-9.66203e-08
4.11311e-08
-1.19882e-07
3.97813e-08
-1.41824e-07
3.79518e-08
-1.61895e-07
3.57196e-08
-1.80482e-07
3.30583e-08
-1.96523e-07
3.00944e-08
-2.11877e-07
2.68243e-08
-2.22922e-07
2.32863e-08
-2.34824e-07
1.97408e-08
-2.38028e-07
1.59415e-08
-2.43401e-07
1.26066e-08
-2.36475e-07
9.97757e-09
-2.28255e-07
9.19641e-09
-2.08397e-07
-1.87954e-07
3.3044e-09
-1.90329e-08
1.76466e-10
-2.20867e-08
-1.26055e-09
-9.85443e-09
-2.62834e-09
-8.75924e-09
-3.4794e-09
2.05137e-10
-4.27568e-09
2.81862e-09
-4.91521e-09
9.08118e-09
-5.45559e-09
1.26746e-08
-5.88923e-09
1.81609e-08
-6.19627e-09
2.28994e-08
-6.36692e-09
2.87769e-08
-6.35781e-09
3.46876e-08
-6.14954e-09
4.13253e-08
-5.70319e-09
4.81827e-08
-4.99739e-09
5.5387e-08
-4.00319e-09
6.26284e-08
-2.70668e-09
6.98032e-08
-1.09573e-09
7.66374e-08
8.32123e-10
8.29084e-08
3.07047e-09
8.83403e-08
5.60952e-09
9.26743e-08
8.43023e-09
9.56307e-08
1.15049e-08
9.69362e-08
1.47957e-08
9.63067e-08
1.82496e-08
9.34681e-08
2.17939e-08
8.8169e-08
2.53322e-08
8.02148e-08
2.87494e-08
6.94747e-08
3.19171e-08
5.59166e-08
3.47157e-08
3.95387e-08
3.70688e-08
2.03837e-08
3.89356e-08
-1.21691e-09
4.02852e-08
-2.44218e-08
4.10832e-08
-4.84232e-08
4.13267e-08
-7.25743e-08
4.10304e-08
-9.6324e-08
4.02102e-08
-1.19062e-07
3.89101e-08
-1.40523e-07
3.71513e-08
-1.60137e-07
3.50004e-08
-1.78331e-07
3.24365e-08
-1.93959e-07
2.95719e-08
-2.09012e-07
2.64294e-08
-2.1978e-07
2.30395e-08
-2.31434e-07
1.96697e-08
-2.34658e-07
1.61042e-08
-2.39835e-07
1.30378e-08
-2.33409e-07
1.06725e-08
-2.25889e-07
1.01299e-08
-2.07854e-07
-1.89157e-07
3.32017e-09
-1.64477e-08
3.20265e-10
-1.9087e-08
-1.11509e-09
-8.41907e-09
-2.48235e-09
-7.39174e-09
-3.34165e-09
1.06479e-09
-4.12547e-09
3.60286e-09
-4.73236e-09
9.68843e-09
-5.24848e-09
1.3191e-08
-5.65406e-09
1.85666e-08
-5.93739e-09
2.31828e-08
-6.08529e-09
2.89248e-08
-6.05877e-09
3.46611e-08
-5.83794e-09
4.11045e-08
-5.38637e-09
4.77311e-08
-4.68277e-09
5.46834e-08
-3.69907e-09
6.16447e-08
-2.42131e-09
6.85255e-08
-8.38316e-10
7.50545e-08
1.0521e-09
8.1018e-08
3.24338e-09
8.61491e-08
5.7252e-09
9.01925e-08
8.47843e-09
9.28775e-08
1.14753e-08
9.39394e-08
1.46781e-08
9.31038e-08
1.80353e-08
9.01109e-08
2.14765e-08
8.47278e-08
2.49104e-08
7.67809e-08
2.82295e-08
6.61556e-08
3.13159e-08
5.28302e-08
3.40525e-08
3.68022e-08
3.63567e-08
1.80795e-08
3.81789e-08
-3.03913e-09
3.94795e-08
-2.57224e-08
4.02277e-08
-4.91714e-08
4.04251e-08
-7.27717e-08
4.00943e-08
-9.59932e-08
3.92626e-08
-1.1823e-07
3.79797e-08
-1.39241e-07
3.62733e-08
-1.5843e-07
3.42032e-08
-1.76261e-07
3.17519e-08
-1.91508e-07
2.90078e-08
-2.06268e-07
2.60106e-08
-2.16783e-07
2.27808e-08
-2.28205e-07
1.95908e-08
-2.31469e-07
1.62508e-08
-2.36495e-07
1.34316e-08
-2.30589e-07
1.13002e-08
-2.23757e-07
1.09323e-08
-2.07486e-07
-1.90409e-07
3.2147e-09
-1.39489e-08
3.1214e-10
-1.61844e-08
-1.15753e-09
-6.94938e-09
-2.54118e-09
-6.00803e-09
-3.28855e-09
1.81227e-09
-3.98588e-09
4.30028e-09
-4.53147e-09
1.02341e-08
-4.99593e-09
1.36556e-08
-5.36112e-09
1.89319e-08
-5.61514e-09
2.34369e-08
-5.74109e-09
2.90508e-08
-5.70143e-09
3.46214e-08
-5.47442e-09
4.08775e-08
-5.02526e-09
4.7282e-08
-4.33192e-09
5.39901e-08
-3.36671e-09
6.06795e-08
-2.11513e-09
6.72739e-08
-5.67212e-10
7.35066e-08
1.27949e-09
7.91713e-08
3.41853e-09
8.401e-08
5.8394e-09
8.77716e-08
8.52289e-09
9.0194e-08
1.1441e-08
9.10213e-08
1.45564e-08
8.99884e-08
1.7819e-08
8.68483e-08
2.11614e-08
8.13854e-08
2.44972e-08
7.34451e-08
2.7731e-08
6.29217e-08
3.07622e-08
4.97991e-08
3.34771e-08
3.40873e-08
3.57742e-08
1.57823e-08
3.75652e-08
-4.83015e-09
3.88139e-08
-2.6971e-08
3.94845e-08
-4.9842e-08
3.95905e-08
-7.28778e-08
3.91691e-08
-9.55718e-08
3.82701e-08
-1.17331e-07
3.69584e-08
-1.37929e-07
3.52801e-08
-1.56752e-07
3.3287e-08
-1.74268e-07
3.09673e-08
-1.89188e-07
2.837e-08
-2.03671e-07
2.5543e-08
-2.13956e-07
2.2495e-08
-2.25157e-07
1.94941e-08
-2.28468e-07
1.63784e-08
-2.3338e-07
1.37881e-08
-2.27999e-07
1.18657e-08
-2.21835e-07
1.16217e-08
-2.07242e-07
-1.9167e-07
1.74726e-08
1.93719e-09
-5.68216e-10
1.85639e-09
-1.04933e-08
2.97582e-09
-1.95506e-08
3.04939e-09
-2.42812e-08
6.5429e-09
-2.80795e-08
8.09874e-09
-3.01753e-08
1.233e-08
-3.17172e-08
1.51976e-08
-3.25521e-08
1.97668e-08
-3.28001e-08
2.36849e-08
-3.23359e-08
2.85866e-08
-3.10013e-08
3.32869e-08
-2.86252e-08
3.85013e-08
-2.50196e-08
4.36764e-08
-1.99874e-08
4.8958e-08
-1.33255e-08
5.40176e-08
-4.88924e-09
5.88376e-08
5.43595e-09
6.31814e-08
1.76993e-08
6.6908e-08
3.19e-08
6.98094e-08
4.79677e-08
7.17039e-08
6.57718e-08
7.23899e-08
8.51164e-08
7.16767e-08
1.05735e-07
6.93695e-08
1.27294e-07
6.52896e-08
1.49423e-07
5.92561e-08
1.7167e-07
5.11987e-08
1.93503e-07
4.10882e-08
2.14345e-07
2.89567e-08
2.33436e-07
1.49969e-08
2.49647e-07
-4.28776e-10
2.61907e-07
-1.70906e-08
2.69608e-07
-3.46719e-08
2.72652e-07
-5.28855e-08
2.71358e-07
-7.15845e-08
2.66221e-07
-9.04344e-08
2.57927e-07
-1.09037e-07
2.47241e-07
-1.27243e-07
2.34872e-07
-1.44383e-07
2.21385e-07
-1.60781e-07
2.07198e-07
-1.75001e-07
1.92181e-07
-1.88654e-07
1.76333e-07
-1.98108e-07
1.59103e-07
-2.07926e-07
1.42423e-07
-2.11788e-07
1.25583e-07
-2.1654e-07
1.12503e-07
-2.14918e-07
1.03544e-07
-2.12876e-07
1.04044e-07
-2.07741e-07
-2.00261e-07
2.16779e-08
1.01332e-08
1.2458e-08
1.10762e-08
5.34213e-09
1.00918e-08
-2.2615e-09
1.06531e-08
-8.25373e-09
1.25352e-08
-1.42152e-08
1.40602e-08
-1.88579e-08
1.69727e-08
-2.29395e-08
1.92792e-08
-2.57961e-08
2.26234e-08
-2.77084e-08
2.55972e-08
-2.83505e-08
2.92287e-08
-2.77605e-08
3.26968e-08
-2.57589e-08
3.64997e-08
-2.2265e-08
4.01826e-08
-1.71946e-08
4.38876e-08
-1.05473e-08
4.73703e-08
-2.31449e-09
5.06048e-08
7.4795e-09
5.33874e-08
1.87829e-08
5.56046e-08
3.15121e-08
5.70802e-08
4.55455e-08
5.76705e-08
6.07103e-08
5.72251e-08
7.68004e-08
5.55866e-08
9.35641e-08
5.26058e-08
1.10686e-07
4.81676e-08
1.27759e-07
4.21831e-08
1.44364e-07
3.45939e-08
1.60068e-07
2.53838e-08
1.74444e-07
1.45804e-08
1.87192e-07
2.2488e-09
1.98183e-07
-1.14194e-08
2.07445e-07
-2.63528e-08
2.14922e-07
-4.21487e-08
2.20543e-07
-5.85068e-08
2.24058e-07
-7.5099e-08
2.25263e-07
-9.164e-08
2.24e-07
-1.07774e-07
2.20122e-07
-1.23365e-07
2.137e-07
-1.37961e-07
2.0472e-07
-1.51801e-07
1.93707e-07
-1.63989e-07
1.80681e-07
-1.75628e-07
1.67159e-07
-1.84586e-07
1.52899e-07
-1.93666e-07
1.40074e-07
-1.98964e-07
1.28032e-07
-2.04497e-07
1.19566e-07
-2.06453e-07
1.14315e-07
-2.07625e-07
1.14793e-07
-2.08218e-07
-2.0624e-07
5.65285e-09
1.51015e-08
3.40904e-10
1.63882e-08
-4.10728e-09
1.454e-08
-8.5367e-09
1.50825e-08
-1.15405e-08
1.55391e-08
-1.4231e-08
1.67507e-08
-1.57733e-08
1.85151e-08
-1.68762e-08
2.03821e-08
-1.71165e-08
2.28636e-08
-1.67848e-08
2.52655e-08
-1.56688e-08
2.81127e-08
-1.38387e-08
3.08667e-08
-1.11633e-08
3.38243e-08
-7.58851e-09
3.66077e-08
-3.01961e-09
3.93187e-08
2.60361e-09
4.17471e-08
9.3566e-09
4.38518e-08
1.72593e-08
4.54847e-08
2.63184e-08
4.65455e-08
3.64962e-08
4.69024e-08
4.77249e-08
4.64418e-08
5.99053e-08
4.50447e-08
7.28912e-08
4.26007e-08
8.64891e-08
3.90078e-08
1.00488e-07
3.41684e-08
1.14591e-07
2.80807e-08
1.28484e-07
2.07003e-08
1.41831e-07
1.20369e-08
1.54251e-07
2.16047e-09
1.65403e-07
-8.90312e-09
1.74937e-07
-2.09536e-08
1.82404e-07
-3.38195e-08
1.87591e-07
-4.73361e-08
1.90406e-07
-6.13214e-08
1.90903e-07
-7.55965e-08
1.89224e-07
-8.9961e-08
1.85626e-07
-1.04176e-07
1.80426e-07
-1.18165e-07
1.74035e-07
-1.3157e-07
1.66622e-07
-1.44388e-07
1.58697e-07
-1.56064e-07
1.50149e-07
-1.6708e-07
1.41823e-07
-1.7626e-07
1.33153e-07
-1.84996e-07
1.25633e-07
-1.91444e-07
1.18656e-07
-1.9752e-07
1.14054e-07
-2.0185e-07
1.11503e-07
-2.05074e-07
1.12403e-07
-2.09118e-07
-2.10457e-07
1.01482e-08
1.80754e-08
6.89673e-09
1.96396e-08
3.50568e-09
1.7931e-08
-1.15657e-10
1.87038e-08
-3.29575e-09
1.87191e-08
-6.4083e-09
1.98631e-08
-8.85636e-09
2.09631e-08
-1.09494e-08
2.2475e-08
-1.22583e-08
2.41724e-08
-1.29574e-08
2.59646e-08
-1.27667e-08
2.79219e-08
-1.17308e-08
2.98308e-08
-9.71602e-09
3.18095e-08
-6.74335e-09
3.3635e-08
-2.76251e-09
3.53378e-08
2.21542e-09
3.67691e-08
8.19634e-09
3.78709e-08
1.51427e-08
3.85383e-08
2.30087e-08
3.86795e-08
3.17194e-08
3.81917e-08
4.11774e-08
3.69837e-08
5.12586e-08
3.49636e-08
6.18023e-08
3.2057e-08
7.26391e-08
2.8171e-08
8.35581e-08
2.32493e-08
9.43783e-08
1.72605e-08
1.04886e-07
1.01921e-08
1.14884e-07
2.03974e-09
1.24146e-07
-7.10251e-09
1.32452e-07
-1.72083e-08
1.39682e-07
-2.81838e-08
1.45771e-07
-3.99084e-08
1.50646e-07
-5.22111e-08
1.54259e-07
-6.4935e-08
1.56566e-07
-7.79037e-08
1.57484e-07
-9.08783e-08
1.57005e-07
-1.03697e-07
1.55066e-07
-1.16226e-07
1.51763e-07
-1.28267e-07
1.47151e-07
-1.39775e-07
1.41604e-07
-1.50517e-07
1.35174e-07
-1.6065e-07
1.28661e-07
-1.69747e-07
1.21899e-07
-1.78234e-07
1.16061e-07
-1.85606e-07
1.10779e-07
-1.92238e-07
1.07323e-07
-1.98394e-07
1.05404e-07
-2.03156e-07
1.05639e-07
-2.09352e-07
-2.13025e-07
7.21106e-10
1.98232e-08
-1.02804e-09
2.13887e-08
-2.85567e-09
1.97586e-08
-4.61195e-09
2.04601e-08
-5.9853e-09
2.00924e-08
-7.16391e-09
2.10417e-08
-7.8065e-09
2.16056e-08
-8.1519e-09
2.28204e-08
-7.93573e-09
2.39562e-08
-7.32245e-09
2.53513e-08
-6.14781e-09
2.67472e-08
-4.48635e-09
2.81693e-08
-2.21293e-09
2.9536e-08
6.53753e-10
3.07683e-08
4.18138e-09
3.18102e-08
8.37604e-09
3.25744e-08
1.32565e-08
3.29905e-08
1.88212e-08
3.29735e-08
2.50539e-08
3.24467e-08
3.19168e-08
3.13288e-08
3.93541e-08
2.95464e-08
4.72891e-08
2.70285e-08
5.56314e-08
2.37147e-08
6.42579e-08
1.95444e-08
7.30204e-08
1.44868e-08
8.1732e-08
8.54885e-09
9.01946e-08
1.72952e-09
9.82386e-08
-6.00422e-09
1.05713e-07
-1.45767e-08
1.12426e-07
-2.39212e-08
1.18192e-07
-3.39503e-08
1.22847e-07
-4.45633e-08
1.26285e-07
-5.56495e-08
1.28439e-07
-6.7089e-08
1.29295e-07
-7.87592e-08
1.28945e-07
-9.0528e-08
1.27515e-07
-1.02267e-07
1.25142e-07
-1.13853e-07
1.22034e-07
-1.25159e-07
1.18327e-07
-1.36068e-07
1.1429e-07
-1.4648e-07
1.0995e-07
-1.5631e-07
1.05726e-07
-1.65523e-07
1.01511e-07
-1.74019e-07
9.79323e-08
-1.82027e-07
9.4788e-08
-1.89093e-07
9.2721e-08
-1.96327e-07
9.16417e-08
-2.02076e-07
9.1705e-08
-2.09416e-07
-2.14528e-07
3.86864e-09
2.06981e-08
2.96951e-09
2.22879e-08
1.6224e-09
2.11057e-08
1.93978e-10
2.18884e-08
-1.23308e-09
2.15194e-08
-2.60515e-09
2.24137e-08
-3.70751e-09
2.27079e-08
-4.58456e-09
2.36973e-08
-5.02974e-09
2.44013e-08
-5.09676e-09
2.54182e-08
-4.62958e-09
2.62799e-08
-3.66275e-09
2.72024e-08
-2.10442e-09
2.79777e-08
2.75188e-11
2.86363e-08
2.77933e-09
2.90583e-08
6.12699e-09
2.92267e-08
1.00694e-08
2.9048e-08
1.45798e-08
2.84631e-08
1.96219e-08
2.74046e-08
2.51437e-08
2.5807e-08
3.10803e-08
2.36099e-08
3.73517e-08
2.07571e-08
4.38639e-08
1.72024e-08
5.05012e-08
1.2907e-08
5.71563e-08
7.83175e-09
6.37451e-08
1.96004e-09
7.01484e-08
-4.67383e-09
7.62106e-08
-1.20665e-08
8.18247e-08
-2.01908e-08
8.68972e-08
-2.89936e-08
9.13533e-08
-3.84064e-08
9.51346e-08
-4.83447e-08
9.81936e-08
-5.87085e-08
1.00495e-07
-6.93907e-08
1.02013e-07
-8.02772e-08
1.02735e-07
-9.12493e-08
1.02666e-07
-1.02198e-07
1.01825e-07
-1.13013e-07
1.00283e-07
-1.23617e-07
9.81096e-08
-1.33894e-07
9.54776e-08
-1.43847e-07
9.24758e-08
-1.53308e-07
8.94026e-08
-1.6245e-07
8.63037e-08
-1.7092e-07
8.35722e-08
-1.79296e-07
8.11992e-08
-1.8672e-07
7.95196e-08
-1.94647e-07
7.85786e-08
-2.01135e-07
7.83528e-08
-2.0919e-07
-2.1534e-07
-1.41212e-09
2.11192e-08
-1.73467e-09
2.26104e-08
-2.30878e-09
2.16798e-08
-2.81026e-09
2.23899e-08
-3.26931e-09
2.19784e-08
-3.59448e-09
2.27388e-08
-3.70805e-09
2.28214e-08
-3.6354e-09
2.36247e-08
-3.27078e-09
2.40366e-08
-2.6658e-09
2.48132e-08
-1.72968e-09
2.53438e-08
-5.01056e-10
2.59737e-08
1.08947e-09
2.63871e-08
3.02416e-09
2.67016e-08
5.32643e-09
2.6756e-08
8.00603e-09
2.65471e-08
1.10614e-08
2.59926e-08
1.44852e-08
2.50394e-08
1.82614e-08
2.36284e-08
2.23631e-08
2.17053e-08
2.67536e-08
1.92193e-08
3.13852e-08
1.61255e-08
3.62006e-08
1.2387e-08
4.11352e-08
7.97245e-09
4.60967e-08
2.87029e-09
5.09795e-08
-2.92285e-09
5.57213e-08
-9.41564e-09
6.02311e-08
-1.65762e-08
6.44093e-08
-2.4369e-08
6.81629e-08
-3.27472e-08
7.14064e-08
-4.165e-08
7.40691e-08
-5.10074e-08
7.61024e-08
-6.07417e-08
7.74805e-08
-7.07687e-08
7.82055e-08
-8.10022e-08
7.83066e-08
-9.13503e-08
7.78387e-08
-1.0173e-07
7.68707e-08
-1.12045e-07
7.5494e-08
-1.2224e-07
7.37942e-08
-1.32195e-07
7.18879e-08
-1.41941e-07
6.98521e-08
-1.51272e-07
6.78345e-08
-1.60432e-07
6.58854e-08
-1.68971e-07
6.41741e-08
-1.77584e-07
6.27429e-08
-1.85289e-07
6.16864e-08
-1.9359e-07
6.11205e-08
-2.00569e-07
6.08741e-08
-2.08943e-07
-2.15737e-07
1.78469e-09
2.14104e-08
1.52116e-09
2.28739e-08
1.02068e-09
2.21802e-08
4.95085e-10
2.29155e-08
-8.41955e-11
2.25577e-08
-6.31356e-10
2.3286e-08
-1.08429e-09
2.32743e-08
-1.42156e-09
2.39619e-08
-1.56224e-09
2.41773e-08
-1.5091e-09
2.47601e-08
-1.19176e-09
2.50264e-08
-6.16245e-10
2.53982e-08
2.60387e-10
2.55105e-08
1.43469e-09
2.55273e-08
2.9221e-09
2.52686e-08
4.71863e-09
2.47506e-08
6.81808e-09
2.38932e-08
9.20559e-09
2.26518e-08
1.18598e-08
2.09741e-08
1.4752e-08
1.8813e-08
1.78474e-08
1.61239e-08
2.11039e-08
1.2869e-08
2.44752e-08
9.01574e-09
2.79049e-08
4.54271e-09
3.1347e-08
-5.71804e-10
3.47375e-08
-6.31334e-09
3.80092e-08
-1.26874e-08
4.11089e-08
-1.96759e-08
4.39865e-08
-2.72467e-08
4.6599e-08
-3.53597e-08
4.89078e-08
-4.39587e-08
5.0883e-08
-5.29827e-08
5.25012e-08
-6.236e-08
5.37461e-08
-7.20136e-08
5.46077e-08
-8.18638e-08
5.50833e-08
-9.18259e-08
5.51778e-08
-1.01824e-07
5.49098e-08
-1.11776e-07
5.43133e-08
-1.21643e-07
5.34348e-08
-1.31316e-07
5.23385e-08
-1.40845e-07
5.10895e-08
-1.50023e-07
4.97791e-08
-1.59122e-07
4.84783e-08
-1.6767e-07
4.72753e-08
-1.76381e-07
4.62531e-08
-1.84267e-07
4.54187e-08
-1.92756e-07
4.49164e-08
-2.00067e-07
4.45503e-08
-2.08577e-07
-2.15829e-07
-1.45657e-09
2.15186e-08
-1.48978e-09
2.29072e-08
-1.60861e-09
2.22991e-08
-1.66997e-09
2.29769e-08
-1.72807e-09
2.26158e-08
-1.70315e-09
2.32611e-08
-1.60866e-09
2.31798e-08
-1.42245e-09
2.37757e-08
-1.12958e-09
2.38844e-08
-7.33866e-10
2.43643e-08
-2.12279e-10
2.45048e-08
4.24173e-10
2.47617e-08
1.19487e-09
2.47398e-08
2.09999e-09
2.46222e-08
3.1386e-09
2.423e-08
4.31783e-09
2.35713e-08
5.63485e-09
2.25761e-08
7.08628e-09
2.12004e-08
8.66504e-09
1.93954e-08
1.03604e-08
1.71176e-08
1.21577e-08
1.43266e-08
1.40379e-08
1.09888e-08
1.5977e-08
7.07661e-09
1.79494e-08
2.57031e-09
1.99139e-08
-2.53623e-09
2.18561e-08
-8.25556e-09
2.37404e-08
-1.45717e-08
2.55282e-08
-2.14637e-08
2.71835e-08
-2.8902e-08
2.86687e-08
-3.68448e-08
2.99516e-08
-4.52417e-08
3.10058e-08
-5.40368e-08
3.1814e-08
-6.31682e-08
3.23684e-08
-7.2568e-08
3.2672e-08
-8.21674e-08
3.2736e-08
-9.18899e-08
3.25803e-08
-1.01669e-07
3.22333e-08
-1.11429e-07
3.17302e-08
-1.2114e-07
3.11094e-08
-1.30695e-07
3.04098e-08
-1.40145e-07
2.96705e-08
-1.49284e-07
2.89318e-08
-1.58383e-07
2.82333e-08
-1.66971e-07
2.7602e-08
-1.7575e-07
2.70892e-08
-1.83754e-07
2.66719e-08
-1.92339e-07
2.64439e-08
-1.99839e-07
2.62763e-08
-2.0841e-07
-2.15886e-07
1.88332e-09
1.75403e-09
1.54501e-09
1.31396e-09
1.04736e-09
7.89402e-10
5.33205e-10
3.07316e-10
1.16972e-10
-2.39366e-11
-1.0323e-10
-1.15141e-10
-5.34258e-11
8.57984e-11
3.04687e-10
6.00681e-10
9.7147e-10
1.41184e-09
1.91505e-09
2.47306e-09
3.0767e-09
3.71602e-09
4.3808e-09
5.05935e-09
5.74413e-09
6.41593e-09
7.06159e-09
7.6726e-09
8.24251e-09
8.76388e-09
9.23237e-09
9.64326e-09
9.99243e-09
1.02761e-08
1.04915e-08
1.06363e-08
1.07103e-08
1.07139e-08
1.0651e-08
1.0527e-08
1.03513e-08
1.01356e-08
9.89517e-09
9.64722e-09
9.40484e-09
9.19196e-09
9.00566e-09
8.88532e-09
8.79983e-09
)
;

boundaryField
{
    inlet_water
    {
        type            calculated;
        value           nonuniform List<scalar> 
25
(
-3.19493e-06
-9.23194e-06
-1.49149e-05
-2.02408e-05
-2.5207e-05
-2.98109e-05
-3.40504e-05
-3.79236e-05
-4.14294e-05
-4.45667e-05
-4.73346e-05
-4.97315e-05
-5.17532e-05
-5.33868e-05
-5.46034e-05
-5.53669e-05
-5.57075e-05
-5.57959e-05
-5.58107e-05
-5.58141e-05
-5.58159e-05
-5.58174e-05
-5.58185e-05
-5.58192e-05
-5.58196e-05
)
;
    }
    inlet_air
    {
        type            calculated;
        value           nonuniform List<scalar> 
35
(
-5.58197e-05
-3.57808e-05
-1.97528e-05
-9.39156e-06
-3.86259e-06
-1.37816e-06
-4.20467e-07
-9.81647e-08
4.87559e-11
6.56159e-09
6.57072e-09
4.54399e-09
2.40546e-09
4.90311e-10
-1.52045e-09
-2.85654e-09
-3.86951e-09
-4.63401e-09
-5.19768e-09
-5.5889e-09
-5.83795e-09
-5.96321e-09
-5.98449e-09
-5.90489e-09
-5.71273e-09
-3.33526e-08
-2.98692e-08
-1.06176e-08
-1.31193e-08
-2.46684e-09
-4.74194e-09
9.92216e-10
-2.07498e-09
1.34889e-09
-1.9823e-09
)
;
    }
    outlet_water
    {
        type            calculated;
        value           nonuniform List<scalar> 
25
(
3.2068e-06
9.26658e-06
1.49708e-05
2.03162e-05
2.52993e-05
2.99173e-05
3.41676e-05
3.80482e-05
4.15577e-05
4.46949e-05
4.74588e-05
4.98479e-05
5.18577e-05
5.34749e-05
5.467e-05
5.54087e-05
5.57295e-05
5.58103e-05
5.58238e-05
5.58271e-05
5.5829e-05
5.58305e-05
5.58316e-05
5.58324e-05
5.58328e-05
)
;
    }
    outlet_air
    {
        type            calculated;
        value           nonuniform List<scalar> 
35
(
5.58328e-05
3.56992e-05
1.97748e-05
9.49171e-06
3.93938e-06
1.39988e-06
4.10569e-07
7.84958e-08
-5.86283e-09
-2.19651e-08
-2.10959e-08
-1.66851e-08
-1.20652e-08
-7.89779e-09
-4.27611e-09
-1.16381e-09
-5.57483e-12
3.48286e-09
5.69259e-09
7.53779e-09
9.05484e-09
1.03037e-08
1.1335e-08
1.21856e-08
1.28844e-08
1.12642e-07
1.20779e-07
1.16626e-07
1.08212e-07
9.32124e-08
7.91685e-08
6.12731e-08
4.46446e-08
2.63343e-08
8.811e-09
)
;
    }
    lowerWall
    {
        type            calculated;
        value           uniform 0;
    }
    atmosphere
    {
        type            calculated;
        value           nonuniform List<scalar> 
50
(
2.16177e-08
2.30365e-08
2.25081e-08
2.32079e-08
2.28824e-08
2.3519e-08
2.3436e-08
2.40016e-08
2.40748e-08
2.45052e-08
2.45841e-08
2.47736e-08
2.4678e-08
2.44829e-08
2.40111e-08
2.32753e-08
2.22053e-08
2.076e-08
1.88922e-08
1.65596e-08
1.37229e-08
1.03495e-08
6.41182e-09
1.89176e-09
-3.22102e-09
-8.92735e-09
-1.52174e-08
-2.20747e-08
-2.9472e-08
-3.73662e-08
-4.57102e-08
-5.44477e-08
-6.35174e-08
-7.28517e-08
-8.23827e-08
-9.20347e-08
-1.01743e-07
-1.11433e-07
-1.21077e-07
-1.30571e-07
-1.39969e-07
-1.49068e-07
-1.58143e-07
-1.66723e-07
-1.75508e-07
-1.83541e-07
-1.92152e-07
-1.99719e-07
-2.08324e-07
-2.15897e-07
)
;
    }
    defaultFaces
    {
        type            empty;
        value           nonuniform List<scalar> 0();
    }
}


// ************************************************************************* //
