/*--------------------------------*- C++ -*----------------------------------*\
  =========                 |
  \\      /  F ield         | OpenFOAM: The Open Source CFD Toolbox
   \\    /   O peration     | Website:  https://openfoam.org
    \\  /    A nd           | Version:  8
     \\/     M anipulation  |
\*---------------------------------------------------------------------------*/
FoamFile
{
    version     2.0;
    format      ascii;
    class       volVectorField;
    location    "28497";
    object      U;
}
// * * * * * * * * * * * * * * * * * * * * * * * * * * * * * * * * * * * * * //

dimensions      [0 1 -1 0 0 0 0];

internalField   nonuniform List<vector> 
3000
(
(0.0711724 0 5.90014e-09)
(0.0711725 0 -1.96419e-08)
(0.0711733 0 -4.05533e-08)
(0.0711749 0 -7.31778e-08)
(0.0711776 0 -1.13412e-07)
(0.0711816 0 -1.55117e-07)
(0.0711868 0 -1.96065e-07)
(0.0711934 0 -2.34192e-07)
(0.0712012 0 -2.67871e-07)
(0.0712101 0 -2.96427e-07)
(0.0712199 0 -3.19418e-07)
(0.0712306 0 -3.37099e-07)
(0.0712419 0 -3.49829e-07)
(0.0712537 0 -3.58326e-07)
(0.0712659 0 -3.63246e-07)
(0.0712784 0 -3.65374e-07)
(0.0712911 0 -3.65363e-07)
(0.0713039 0 -3.63875e-07)
(0.0713169 0 -3.61407e-07)
(0.0713298 0 -3.58385e-07)
(0.0713429 0 -3.55038e-07)
(0.0713559 0 -3.51467e-07)
(0.0713689 0 -3.47531e-07)
(0.0713819 0 -3.42936e-07)
(0.0713947 0 -3.37126e-07)
(0.0714074 0 -3.29401e-07)
(0.0714198 0 -3.18837e-07)
(0.0714319 0 -3.04451e-07)
(0.0714434 0 -2.85167e-07)
(0.0714542 0 -2.60035e-07)
(0.0714641 0 -2.28241e-07)
(0.0714728 0 -1.89395e-07)
(0.0714801 0 -1.43529e-07)
(0.0714858 0 -9.14428e-08)
(0.0714896 0 -3.45384e-08)
(0.0714915 0 2.47631e-08)
(0.0714912 0 8.27762e-08)
(0.071489 0 1.36383e-07)
(0.0714849 0 1.81992e-07)
(0.0714793 0 2.14848e-07)
(0.0714726 0 2.31983e-07)
(0.0714652 0 2.31029e-07)
(0.0714579 0 2.12363e-07)
(0.0714511 0 1.77253e-07)
(0.0714454 0 1.31408e-07)
(0.0714411 0 7.83882e-08)
(0.0714383 0 3.06975e-08)
(0.071437 0 -1.15808e-08)
(0.0714367 0 -2.22699e-08)
(0.0714368 0 -1.14286e-08)
(0.205657 0 2.97824e-08)
(0.205657 0 -1.77204e-07)
(0.205659 0 -4.55064e-07)
(0.205663 0 -8.29936e-07)
(0.20567 0 -1.29046e-06)
(0.20568 0 -1.79215e-06)
(0.205694 0 -2.30237e-06)
(0.205712 0 -2.79477e-06)
(0.205733 0 -3.24883e-06)
(0.205757 0 -3.65192e-06)
(0.205784 0 -3.99774e-06)
(0.205813 0 -4.2855e-06)
(0.205844 0 -4.51808e-06)
(0.205877 0 -4.70088e-06)
(0.205912 0 -4.84049e-06)
(0.205947 0 -4.94403e-06)
(0.205983 0 -5.01846e-06)
(0.20602 0 -5.07019e-06)
(0.206057 0 -5.10461e-06)
(0.206094 0 -5.1258e-06)
(0.206132 0 -5.1362e-06)
(0.20617 0 -5.13631e-06)
(0.206208 0 -5.12446e-06)
(0.206246 0 -5.09665e-06)
(0.206284 0 -5.0465e-06)
(0.206321 0 -4.96532e-06)
(0.206358 0 -4.84244e-06)
(0.206393 0 -4.66581e-06)
(0.206428 0 -4.42281e-06)
(0.20646 0 -4.1015e-06)
(0.20649 0 -3.69214e-06)
(0.206516 0 -3.18895e-06)
(0.206539 0 -2.59199e-06)
(0.206557 0 -1.90917e-06)
(0.20657 0 -1.15741e-06)
(0.206577 0 -3.64124e-07)
(0.206579 0 4.35681e-07)
(0.206575 0 1.195e-06)
(0.206565 0 1.86342e-06)
(0.206551 0 2.39091e-06)
(0.206533 0 2.734e-06)
(0.206513 0 2.86137e-06)
(0.206493 0 2.76424e-06)
(0.206474 0 2.45665e-06)
(0.206458 0 1.98453e-06)
(0.206445 0 1.40825e-06)
(0.206436 0 8.29407e-07)
(0.206431 0 3.18838e-07)
(0.206429 0 4.26195e-08)
(0.206429 0 -3.80687e-08)
(0.332254 0 6.92792e-08)
(0.332254 0 -4.41332e-07)
(0.332256 0 -1.20611e-06)
(0.332262 0 -2.23771e-06)
(0.332272 0 -3.50521e-06)
(0.332288 0 -4.90425e-06)
(0.332308 0 -6.34442e-06)
(0.332335 0 -7.75077e-06)
(0.332366 0 -9.06471e-06)
(0.332403 0 -1.02477e-05)
(0.332444 0 -1.12798e-05)
(0.332489 0 -1.21557e-05)
(0.332537 0 -1.2881e-05)
(0.332588 0 -1.34684e-05)
(0.332642 0 -1.39345e-05)
(0.332697 0 -1.42975e-05)
(0.332754 0 -1.45758e-05)
(0.332812 0 -1.47861e-05)
(0.332872 0 -1.49428e-05)
(0.332931 0 -1.50567e-05)
(0.332992 0 -1.51343e-05)
(0.333053 0 -1.51765e-05)
(0.333114 0 -1.51787e-05)
(0.333175 0 -1.51298e-05)
(0.333236 0 -1.50119e-05)
(0.333297 0 -1.48011e-05)
(0.333357 0 -1.44677e-05)
(0.333415 0 -1.3978e-05)
(0.333471 0 -1.32969e-05)
(0.333524 0 -1.23905e-05)
(0.333573 0 -1.12312e-05)
(0.333618 0 -9.80182e-06)
(0.333656 0 -8.10134e-06)
(0.333687 0 -6.15008e-06)
(0.33371 0 -3.99397e-06)
(0.333725 0 -1.70762e-06)
(0.33373 0 6.0932e-07)
(0.333726 0 2.83493e-06)
(0.333714 0 4.81935e-06)
(0.333694 0 6.4221e-06)
(0.333668 0 7.51695e-06)
(0.333639 0 8.01144e-06)
(0.333608 0 7.87109e-06)
(0.333578 0 7.12802e-06)
(0.333552 0 5.89645e-06)
(0.33353 0 4.34517e-06)
(0.333515 0 2.73635e-06)
(0.333506 0 1.29006e-06)
(0.333502 0 4.0311e-07)
(0.3335 0 -1.98327e-09)
(0.450899 0 1.39862e-07)
(0.450899 0 -7.438e-07)
(0.450902 0 -2.14438e-06)
(0.450909 0 -4.0499e-06)
(0.450921 0 -6.39604e-06)
(0.45094 0 -9.00967e-06)
(0.450965 0 -1.17253e-05)
(0.450998 0 -1.44019e-05)
(0.451038 0 -1.69274e-05)
(0.451084 0 -1.92258e-05)
(0.451137 0 -2.12551e-05)
(0.451194 0 -2.30011e-05)
(0.451257 0 -2.44705e-05)
(0.451323 0 -2.56832e-05)
(0.451393 0 -2.66677e-05)
(0.451465 0 -2.74559e-05)
(0.45154 0 -2.80802e-05)
(0.451617 0 -2.85708e-05)
(0.451695 0 -2.89537e-05)
(0.451774 0 -2.92482e-05)
(0.451855 0 -2.94661e-05)
(0.451936 0 -2.96092e-05)
(0.452018 0 -2.96687e-05)
(0.4521 0 -2.96237e-05)
(0.452182 0 -2.94417e-05)
(0.452264 0 -2.90775e-05)
(0.452344 0 -2.84762e-05)
(0.452423 0 -2.75748e-05)
(0.452499 0 -2.6307e-05)
(0.452572 0 -2.4609e-05)
(0.45264 0 -2.24276e-05)
(0.452701 0 -1.97288e-05)
(0.452754 0 -1.65083e-05)
(0.452799 0 -1.28012e-05)
(0.452833 0 -8.69031e-06)
(0.452856 0 -4.31171e-06)
(0.452866 0 1.44776e-07)
(0.452865 0 4.45891e-06)
(0.452852 0 8.34939e-06)
(0.45283 0 1.15465e-05)
(0.452799 0 1.38069e-05)
(0.452762 0 1.49481e-05)
(0.452723 0 1.48915e-05)
(0.452685 0 1.36837e-05)
(0.45265 0 1.15199e-05)
(0.452621 0 8.70956e-06)
(0.4526 0 5.72069e-06)
(0.452586 0 2.98027e-06)
(0.452579 0 1.17006e-06)
(0.452576 0 1.38701e-07)
(0.561529 0 2.43378e-07)
(0.561529 0 -1.05087e-06)
(0.561532 0 -3.18056e-06)
(0.561539 0 -6.11227e-06)
(0.561553 0 -9.73362e-06)
(0.561574 0 -1.37988e-05)
(0.561603 0 -1.80573e-05)
(0.561641 0 -2.2289e-05)
(0.561686 0 -2.63168e-05)
(0.56174 0 -3.00166e-05)
(0.561801 0 -3.33167e-05)
(0.561868 0 -3.61884e-05)
(0.561941 0 -3.86362e-05)
(0.562019 0 -4.06864e-05)
(0.562102 0 -4.23793e-05)
(0.562188 0 -4.37613e-05)
(0.562277 0 -4.48808e-05)
(0.562369 0 -4.57831e-05)
(0.562463 0 -4.65073e-05)
(0.562559 0 -4.70829e-05)
(0.562657 0 -4.75277e-05)
(0.562755 0 -4.78443e-05)
(0.562855 0 -4.80194e-05)
(0.562955 0 -4.80208e-05)
(0.563055 0 -4.77979e-05)
(0.563155 0 -4.72812e-05)
(0.563253 0 -4.63851e-05)
(0.56335 0 -4.50114e-05)
(0.563444 0 -4.30563e-05)
(0.563534 0 -4.04189e-05)
(0.563618 0 -3.70143e-05)
(0.563695 0 -3.27863e-05)
(0.563763 0 -2.77244e-05)
(0.56382 0 -2.18786e-05)
(0.563865 0 -1.53729e-05)
(0.563897 0 -8.41446e-06)
(0.563914 0 -1.29363e-06)
(0.563917 0 5.63577e-06)
(0.563906 0 1.19479e-05)
(0.563883 0 1.72131e-05)
(0.563849 0 2.10411e-05)
(0.563808 0 2.31332e-05)
(0.563763 0 2.33468e-05)
(0.563719 0 2.17337e-05)
(0.563678 0 1.85738e-05)
(0.563643 0 1.43351e-05)
(0.563616 0 9.72238e-06)
(0.563598 0 5.40958e-06)
(0.563588 0 2.40544e-06)
(0.563584 0 4.26653e-07)
(0.664088 0 3.78251e-07)
(0.664088 0 -1.34381e-06)
(0.664091 0 -4.25287e-06)
(0.664099 0 -8.30851e-06)
(0.664113 0 -1.33378e-05)
(0.664135 0 -1.90206e-05)
(0.664167 0 -2.50165e-05)
(0.664207 0 -3.10187e-05)
(0.664256 0 -3.6776e-05)
(0.664315 0 -4.21083e-05)
(0.664382 0 -4.6907e-05)
(0.664456 0 -5.11232e-05)
(0.664537 0 -5.47557e-05)
(0.664624 0 -5.78345e-05)
(0.664716 0 -6.04108e-05)
(0.664812 0 -6.25457e-05)
(0.664913 0 -6.43039e-05)
(0.665016 0 -6.57466e-05)
(0.665122 0 -6.69273e-05)
(0.665231 0 -6.78866e-05)
(0.665342 0 -6.86488e-05)
(0.665454 0 -6.92178e-05)
(0.665567 0 -6.9575e-05)
(0.665682 0 -6.9676e-05)
(0.665796 0 -6.94506e-05)
(0.665911 0 -6.88019e-05)
(0.666025 0 -6.76104e-05)
(0.666136 0 -6.57381e-05)
(0.666245 0 -6.30386e-05)
(0.666349 0 -5.93688e-05)
(0.666447 0 -5.46063e-05)
(0.666538 0 -4.86681e-05)
(0.666618 0 -4.15342e-05)
(0.666687 0 -3.32678e-05)
(0.666742 0 -2.4036e-05)
(0.666783 0 -1.41225e-05)
(0.666807 0 -3.92604e-06)
(0.666815 0 6.04823e-06)
(0.666808 0 1.52127e-05)
(0.666786 0 2.29561e-05)
(0.666752 0 2.8718e-05)
(0.666709 0 3.20605e-05)
(0.666661 0 3.27586e-05)
(0.666612 0 3.0857e-05)
(0.666567 0 2.67173e-05)
(0.666527 0 2.0974e-05)
(0.666497 0 1.45877e-05)
(0.666476 0 8.50517e-06)
(0.666463 0 4.0966e-06)
(0.666457 0 8.70864e-07)
(0.758529 0 5.39427e-07)
(0.758529 0 -1.6153e-06)
(0.758531 0 -5.32151e-06)
(0.758539 0 -1.05531e-05)
(0.758554 0 -1.70674e-05)
(0.758577 0 -2.44702e-05)
(0.758609 0 -3.23299e-05)
(0.75865 0 -4.0249e-05)
(0.758702 0 -4.78975e-05)
(0.758763 0 -5.50331e-05)
(0.758833 0 -6.15046e-05)
(0.758912 0 -6.72379e-05)
(0.758998 0 -7.22218e-05)
(0.75909 0 -7.64874e-05)
(0.759189 0 -8.00951e-05)
(0.759292 0 -8.31197e-05)
(0.7594 0 -8.56422e-05)
(0.759512 0 -8.774e-05)
(0.759626 0 -8.94815e-05)
(0.759744 0 -9.09188e-05)
(0.759864 0 -9.20836e-05)
(0.759986 0 -9.29812e-05)
(0.76011 0 -9.35878e-05)
(0.760234 0 -9.38462e-05)
(0.76036 0 -9.36655e-05)
(0.760485 0 -9.29199e-05)
(0.76061 0 -9.14535e-05)
(0.760733 0 -8.90856e-05)
(0.760853 0 -8.56236e-05)
(0.760968 0 -8.0878e-05)
(0.761077 0 -7.46847e-05)
(0.761178 0 -6.69297e-05)
(0.761269 0 -5.75796e-05)
(0.761347 0 -4.67091e-05)
(0.761412 0 -3.45274e-05)
(0.76146 0 -2.13971e-05)
(0.761491 0 -7.83205e-06)
(0.761505 0 5.50818e-06)
(0.761502 0 1.7856e-05)
(0.761482 0 2.84049e-05)
(0.76145 0 3.64066e-05)
(0.761407 0 4.12662e-05)
(0.761358 0 4.26599e-05)
(0.761308 0 4.06126e-05)
(0.76126 0 3.55609e-05)
(0.761218 0 2.83072e-05)
(0.761185 0 2.00772e-05)
(0.761161 0 1.21061e-05)
(0.761147 0 6.15193e-06)
(0.76114 0 1.44508e-06)
(0.844812 0 7.1955e-07)
(0.844812 0 -1.86644e-06)
(0.844814 0 -6.36484e-06)
(0.844822 0 -1.27883e-05)
(0.844837 0 -2.0818e-05)
(0.844859 0 -2.99877e-05)
(0.844891 0 -3.97751e-05)
(0.844934 0 -4.96921e-05)
(0.844986 0 -5.93278e-05)
(0.845048 0 -6.83747e-05)
(0.84512 0 -7.66347e-05)
(0.8452 0 -8.40046e-05)
(0.845288 0 -9.0459e-05)
(0.845383 0 -9.60276e-05)
(0.845485 0 -0.000100778)
(0.845592 0 -0.000104796)
(0.845704 0 -0.000108181)
(0.84582 0 -0.000111024)
(0.84594 0 -0.00011341)
(0.846062 0 -0.000115403)
(0.846188 0 -0.000117041)
(0.846316 0 -0.000118333)
(0.846445 0 -0.00011925)
(0.846576 0 -0.000119721)
(0.846708 0 -0.000119634)
(0.846841 0 -0.000118835)
(0.846972 0 -0.000117129)
(0.847102 0 -0.000114292)
(0.847229 0 -0.000110082)
(0.847352 0 -0.00010426)
(0.847469 0 -9.66173e-05)
(0.847577 0 -8.70057e-05)
(0.847675 0 -7.5375e-05)
(0.847761 0 -6.18081e-05)
(0.847832 0 -4.65551e-05)
(0.847887 0 -3.00566e-05)
(0.847924 0 -1.29439e-05)
(0.847943 0 3.96717e-06)
(0.847944 0 1.97197e-05)
(0.847928 0 3.33032e-05)
(0.847898 0 4.37701e-05)
(0.847857 0 5.03556e-05)
(0.84781 0 5.2624e-05)
(0.847759 0 5.05696e-05)
(0.847711 0 4.46961e-05)
(0.847668 0 3.59711e-05)
(0.847634 0 2.58886e-05)
(0.84761 0 1.59805e-05)
(0.847596 0 8.40831e-06)
(0.847588 0 2.0869e-06)
(0.922909 0 9.09943e-07)
(0.922908 0 -2.10384e-06)
(0.922911 0 -7.37469e-06)
(0.922918 0 -1.49786e-05)
(0.922932 0 -2.45161e-05)
(0.922955 0 -3.5452e-05)
(0.922986 0 -4.71762e-05)
(0.923028 0 -5.91118e-05)
(0.92308 0 -7.07682e-05)
(0.923141 0 -8.1772e-05)
(0.923212 0 -9.18761e-05)
(0.923292 0 -0.000100945)
(0.92338 0 -0.000108937)
(0.923476 0 -0.000115876)
(0.923578 0 -0.000121835)
(0.923685 0 -0.000126913)
(0.923798 0 -0.000131221)
(0.923915 0 -0.000134869)
(0.924036 0 -0.000137955)
(0.92416 0 -0.000140555)
(0.924287 0 -0.000142718)
(0.924416 0 -0.000144452)
(0.924548 0 -0.000145726)
(0.924681 0 -0.000146456)
(0.924815 0 -0.00014651)
(0.92495 0 -0.000145702)
(0.925084 0 -0.000143801)
(0.925217 0 -0.000140536)
(0.925348 0 -0.000135617)
(0.925474 0 -0.000128753)
(0.925594 0 -0.000119688)
(0.925706 0 -0.000108237)
(0.925809 0 -9.43312e-05)
(0.925898 0 -7.80581e-05)
(0.925974 0 -5.97057e-05)
(0.926033 0 -3.97912e-05)
(0.926074 0 -1.9062e-05)
(0.926098 0 1.51113e-06)
(0.926103 0 2.07748e-05)
(0.926091 0 3.7515e-05)
(0.926064 0 5.05776e-05)
(0.926026 0 5.902e-05)
(0.925981 0 6.22866e-05)
(0.925932 0 6.03331e-05)
(0.925886 0 5.37235e-05)
(0.925844 0 4.35871e-05)
(0.925812 0 3.16855e-05)
(0.925788 0 1.98505e-05)
(0.925774 0 1.06503e-05)
(0.925767 0 2.70558e-06)
(0.992797 0 1.10121e-06)
(0.992796 0 -2.33762e-06)
(0.992799 0 -8.35186e-06)
(0.992806 0 -1.71041e-05)
(0.99282 0 -2.81103e-05)
(0.992841 0 -4.07714e-05)
(0.992872 0 -5.43927e-05)
(0.992912 0 -6.83131e-05)
(0.992962 0 -8.19653e-05)
(0.993022 0 -9.49116e-05)
(0.993091 0 -0.000106856)
(0.993169 0 -0.000117629)
(0.993254 0 -0.000127169)
(0.993347 0 -0.000135496)
(0.993447 0 -0.000142684)
(0.993552 0 -0.000148841)
(0.993662 0 -0.000154095)
(0.993777 0 -0.000158568)
(0.993895 0 -0.000162376)
(0.994017 0 -0.000165608)
(0.994142 0 -0.000168319)
(0.994269 0 -0.000170523)
(0.994398 0 -0.000172182)
(0.994529 0 -0.000173204)
(0.994662 0 -0.000173435)
(0.994795 0 -0.000172659)
(0.994927 0 -0.000170609)
(0.995059 0 -0.000166968)
(0.995188 0 -0.000161395)
(0.995314 0 -0.000153549)
(0.995434 0 -0.000143126)
(0.995546 0 -0.000129902)
(0.995649 0 -0.000113785)
(0.99574 0 -9.48672e-05)
(0.995817 0 -7.34716e-05)
(0.995878 0 -5.01883e-05)
(0.995922 0 -2.5878e-05)
(0.995947 0 -1.66599e-06)
(0.995956 0 2.11053e-05)
(0.995947 0 4.10136e-05)
(0.995924 0 5.66983e-05)
(0.995889 0 6.70376e-05)
(0.995848 0 7.13534e-05)
(0.995803 0 6.95585e-05)
(0.99576 0 6.22738e-05)
(0.995721 0 5.0787e-05)
(0.995691 0 3.71254e-05)
(0.99567 0 2.34222e-05)
(0.995658 0 1.26391e-05)
(0.995653 0 3.19652e-06)
(1.05446 0 1.28318e-06)
(1.05446 0 -2.58043e-06)
(1.05446 0 -9.30186e-06)
(1.05447 0 -1.91522e-05)
(1.05448 0 -3.15597e-05)
(1.0545 0 -4.58689e-05)
(1.05453 0 -6.13042e-05)
(1.05457 0 -7.71263e-05)
(1.05461 0 -9.26956e-05)
(1.05467 0 -0.000107514)
(1.05474 0 -0.000121236)
(1.05481 0 -0.000133661)
(1.05489 0 -0.000144708)
(1.05498 0 -0.000154386)
(1.05507 0 -0.000162773)
(1.05517 0 -0.000169986)
(1.05528 0 -0.000176165)
(1.05539 0 -0.000181448)
(1.0555 0 -0.000185966)
(1.05562 0 -0.000189819)
(1.05573 0 -0.000193075)
(1.05586 0 -0.00019575)
(1.05598 0 -0.000197804)
(1.0561 0 -0.000199132)
(1.05623 0 -0.000199563)
(1.05636 0 -0.000198854)
(1.05648 0 -0.000196697)
(1.05661 0 -0.000192735)
(1.05673 0 -0.000186576)
(1.05686 0 -0.000177827)
(1.05697 0 -0.000166138)
(1.05708 0 -0.000151244)
(1.05718 0 -0.000133032)
(1.05727 0 -0.000111594)
(1.05734 0 -8.72857e-05)
(1.0574 0 -6.07672e-05)
(1.05745 0 -3.30079e-05)
(1.05747 0 -5.2854e-06)
(1.05748 0 2.08788e-05)
(1.05748 0 4.38548e-05)
(1.05746 0 6.20811e-05)
(1.05743 0 7.42603e-05)
(1.05739 0 7.95942e-05)
(1.05735 0 7.79547e-05)
(1.05731 0 7.00186e-05)
(1.05728 0 5.72328e-05)
(1.05725 0 4.18872e-05)
(1.05724 0 2.64163e-05)
(1.05723 0 1.41481e-05)
(1.05722 0 3.46101e-06)
(1.10785 0 1.44414e-06)
(1.10785 0 -2.84653e-06)
(1.10786 0 -1.02277e-05)
(1.10786 0 -2.11043e-05)
(1.10787 0 -3.48175e-05)
(1.10789 0 -5.06642e-05)
(1.10792 0 -6.77915e-05)
(1.10796 0 -8.53878e-05)
(1.108 0 -0.000102747)
(1.10805 0 -0.000119315)
(1.10811 0 -0.000134702)
(1.10818 0 -0.000148674)
(1.10826 0 -0.000161132)
(1.10834 0 -0.000172077)
(1.10842 0 -0.000181587)
(1.10852 0 -0.000189788)
(1.10861 0 -0.000196832)
(1.10871 0 -0.000202872)
(1.10882 0 -0.000208053)
(1.10892 0 -0.000212491)
(1.10903 0 -0.000216261)
(1.10914 0 -0.000219385)
(1.10926 0 -0.000221821)
(1.10937 0 -0.000223455)
(1.10949 0 -0.000224096)
(1.10961 0 -0.000223476)
(1.10972 0 -0.000221253)
(1.10984 0 -0.000217025)
(1.10995 0 -0.000210353)
(1.11007 0 -0.000200796)
(1.11017 0 -0.000187954)
(1.11027 0 -0.000171527)
(1.11037 0 -0.000151377)
(1.11045 0 -0.000127598)
(1.11052 0 -0.000100574)
(1.11058 0 -7.1032e-05)
(1.11062 0 -4.00437e-05)
(1.11065 0 -9.03052e-06)
(1.11066 0 2.03022e-05)
(1.11065 0 4.61338e-05)
(1.11064 0 6.6716e-05)
(1.11061 0 8.05831e-05)
(1.11058 0 8.68235e-05)
(1.11054 0 8.52741e-05)
(1.11051 0 7.66725e-05)
(1.11048 0 6.26277e-05)
(1.11046 0 4.56906e-05)
(1.11045 0 2.8596e-05)
(1.11045 0 1.49997e-05)
(1.11045 0 3.42983e-06)
(1.15289 0 1.57191e-06)
(1.15289 0 -3.14551e-06)
(1.15289 0 -1.1116e-05)
(1.1529 0 -2.2919e-05)
(1.15291 0 -3.78135e-05)
(1.15293 0 -5.50555e-05)
(1.15295 0 -7.37166e-05)
(1.15298 0 -9.29197e-05)
(1.15302 0 -0.000111898)
(1.15307 0 -0.000130047)
(1.15312 0 -0.000146936)
(1.15318 0 -0.000162304)
(1.15325 0 -0.000176031)
(1.15332 0 -0.000188114)
(1.1534 0 -0.000198631)
(1.15348 0 -0.000207714)
(1.15356 0 -0.000215528)
(1.15365 0 -0.000222241)
(1.15374 0 -0.000228013)
(1.15384 0 -0.000232972)
(1.15393 0 -0.000237205)
(1.15403 0 -0.000240736)
(1.15413 0 -0.000243525)
(1.15423 0 -0.000245448)
(1.15433 0 -0.000246299)
(1.15444 0 -0.000245783)
(1.15454 0 -0.000243527)
(1.15464 0 -0.000239088)
(1.15475 0 -0.000231982)
(1.15484 0 -0.000221722)
(1.15494 0 -0.000207863)
(1.15503 0 -0.000190068)
(1.15511 0 -0.000168179)
(1.15519 0 -0.000142288)
(1.15525 0 -0.000112809)
(1.1553 0 -8.05283e-05)
(1.15534 0 -4.6614e-05)
(1.15536 0 -1.2618e-05)
(1.15537 0 1.95616e-05)
(1.15537 0 4.79292e-05)
(1.15535 0 7.05835e-05)
(1.15533 0 8.59007e-05)
(1.15531 0 9.2866e-05)
(1.15528 0 9.12925e-05)
(1.15525 0 8.1987e-05)
(1.15523 0 6.67263e-05)
(1.15522 0 4.83194e-05)
(1.15521 0 2.97957e-05)
(1.15521 0 1.50991e-05)
(1.15522 0 3.08698e-06)
(1.18928 0 1.66184e-06)
(1.18928 0 -3.46436e-06)
(1.18928 0 -1.19264e-05)
(1.18929 0 -2.45311e-05)
(1.1893 0 -4.04533e-05)
(1.18931 0 -5.89115e-05)
(1.18933 0 -7.89051e-05)
(1.18936 0 -9.94996e-05)
(1.18939 0 -0.000119876)
(1.18943 0 -0.000139384)
(1.18947 0 -0.000157562)
(1.18952 0 -0.000174122)
(1.18958 0 -0.000188931)
(1.18964 0 -0.000201978)
(1.1897 0 -0.000213343)
(1.18977 0 -0.000223167)
(1.18984 0 -0.000231624)
(1.18991 0 -0.000238898)
(1.18999 0 -0.000245162)
(1.19007 0 -0.000250556)
(1.19014 0 -0.000255177)
(1.19023 0 -0.000259055)
(1.19031 0 -0.000262149)
(1.19039 0 -0.000264329)
(1.19048 0 -0.000265373)
(1.19056 0 -0.000264964)
(1.19065 0 -0.000262699)
(1.19073 0 -0.000258098)
(1.19082 0 -0.00025064)
(1.1909 0 -0.000239791)
(1.19098 0 -0.00022507)
(1.19105 0 -0.000206106)
(1.19112 0 -0.000182723)
(1.19118 0 -0.000155014)
(1.19124 0 -0.000123419)
(1.19128 0 -8.87828e-05)
(1.19131 0 -5.23585e-05)
(1.19133 0 -1.5816e-05)
(1.19134 0 1.87904e-05)
(1.19134 0 4.92868e-05)
(1.19133 0 7.36366e-05)
(1.19131 0 9.00859e-05)
(1.19129 0 9.75379e-05)
(1.19127 0 9.58031e-05)
(1.19125 0 8.57694e-05)
(1.19124 0 6.93836e-05)
(1.19123 0 4.96943e-05)
(1.19123 0 3e-05)
(1.19124 0 1.44905e-05)
(1.19124 0 2.48314e-06)
(1.21638 0 1.72494e-06)
(1.21638 0 -3.75089e-06)
(1.21638 0 -1.26144e-05)
(1.21639 0 -2.58804e-05)
(1.21639 0 -4.26298e-05)
(1.2164 0 -6.20555e-05)
(1.21642 0 -8.30983e-05)
(1.21643 0 -0.000104782)
(1.21646 0 -0.000126245)
(1.21649 0 -0.000146806)
(1.21652 0 -0.000165976)
(1.21656 0 -0.000183447)
(1.2166 0 -0.000199078)
(1.21664 0 -0.00021285)
(1.21669 0 -0.000224849)
(1.21674 0 -0.000235219)
(1.21679 0 -0.000244146)
(1.21684 0 -0.000251826)
(1.2169 0 -0.000258443)
(1.21695 0 -0.000264151)
(1.21701 0 -0.000269051)
(1.21707 0 -0.000273182)
(1.21713 0 -0.000276501)
(1.21719 0 -0.00027887)
(1.21725 0 -0.000280058)
(1.21732 0 -0.000279728)
(1.21738 0 -0.000277453)
(1.21744 0 -0.000272724)
(1.21751 0 -0.000264986)
(1.21757 0 -0.000253673)
(1.21763 0 -0.000238272)
(1.21769 0 -0.000218388)
(1.21774 0 -0.000193833)
(1.21778 0 -0.000164704)
(1.21782 0 -0.000131468)
(1.21786 0 -9.50228e-05)
(1.21788 0 -5.67025e-05)
(1.2179 0 -1.83051e-05)
(1.21791 0 1.81639e-05)
(1.21791 0 5.03314e-05)
(1.2179 0 7.59011e-05)
(1.21789 0 9.30766e-05)
(1.21788 0 0.000100736)
(1.21786 0 9.87192e-05)
(1.21786 0 8.80072e-05)
(1.21785 0 7.07038e-05)
(1.21785 0 5.00432e-05)
(1.21785 0 2.95194e-05)
(1.21786 0 1.34727e-05)
(1.21787 0 1.72308e-06)
(1.23339 0 1.735e-06)
(1.23339 0 -3.95658e-06)
(1.23339 0 -1.31166e-05)
(1.23339 0 -2.68024e-05)
(1.23339 0 -4.40667e-05)
(1.23339 0 -6.41074e-05)
(1.2334 0 -8.58231e-05)
(1.23341 0 -0.000108204)
(1.23342 0 -0.000130359)
(1.23344 0 -0.000151581)
(1.23346 0 -0.000171366)
(1.23348 0 -0.000189395)
(1.2335 0 -0.000205517)
(1.23353 0 -0.000219716)
(1.23355 0 -0.000232078)
(1.23358 0 -0.000242754)
(1.23361 0 -0.000251939)
(1.23364 0 -0.000259837)
(1.23368 0 -0.000266643)
(1.23371 0 -0.000272516)
(1.23374 0 -0.000277567)
(1.23378 0 -0.000281836)
(1.23381 0 -0.000285279)
(1.23385 0 -0.000287758)
(1.23389 0 -0.000289029)
(1.23393 0 -0.000288745)
(1.23396 0 -0.000286461)
(1.234 0 -0.000281649)
(1.23404 0 -0.000273731)
(1.23408 0 -0.000262119)
(1.23412 0 -0.00024628)
(1.23416 0 -0.000225804)
(1.23419 0 -0.000200494)
(1.23422 0 -0.000170452)
(1.23425 0 -0.000136165)
(1.23428 0 -9.85716e-05)
(1.23429 0 -5.9078e-05)
(1.23431 0 -1.96261e-05)
(1.23431 0 1.79588e-05)
(1.23432 0 5.12286e-05)
(1.23431 0 7.74897e-05)
(1.23431 0 9.49951e-05)
(1.2343 0 0.000102636)
(1.2343 0 0.00010029)
(1.2343 0 8.90261e-05)
(1.2343 0 7.10882e-05)
(1.2343 0 4.98471e-05)
(1.23431 0 2.89286e-05)
(1.23431 0 1.26176e-05)
(1.23432 0 8.67386e-07)
(1.24098 0 1.93659e-06)
(1.24097 0 -3.58348e-06)
(1.24097 0 -1.2638e-05)
(1.24097 0 -2.64287e-05)
(1.24096 0 -4.39827e-05)
(1.24096 0 -6.44192e-05)
(1.24096 0 -8.65812e-05)
(1.24096 0 -0.000109417)
(1.24097 0 -0.000132008)
(1.24097 0 -0.000153632)
(1.24098 0 -0.000173775)
(1.24099 0 -0.000192117)
(1.241 0 -0.000208508)
(1.24101 0 -0.000222937)
(1.24102 0 -0.000235494)
(1.24103 0 -0.00024634)
(1.24104 0 -0.000255675)
(1.24106 0 -0.00026371)
(1.24107 0 -0.000270648)
(1.24109 0 -0.000276655)
(1.2411 0 -0.000281845)
(1.24112 0 -0.000286262)
(1.24113 0 -0.000289863)
(1.24115 0 -0.000292507)
(1.24117 0 -0.000293949)
(1.24119 0 -0.000293833)
(1.24121 0 -0.000291703)
(1.24123 0 -0.000287017)
(1.24125 0 -0.00027918)
(1.24128 0 -0.000267583)
(1.2413 0 -0.000251673)
(1.24132 0 -0.000231018)
(1.24134 0 -0.000205404)
(1.24136 0 -0.000174921)
(1.24138 0 -0.000140053)
(1.2414 0 -0.000101743)
(1.24141 0 -6.14236e-05)
(1.24143 0 -2.10334e-05)
(1.24143 0 1.73056e-05)
(1.24144 0 5.11549e-05)
(1.24144 0 7.79378e-05)
(1.24144 0 9.57526e-05)
(1.24144 0 0.000103432)
(1.24144 0 0.000100843)
(1.24144 0 8.90957e-05)
(1.24144 0 7.05572e-05)
(1.24144 0 4.87498e-05)
(1.24145 0 2.7563e-05)
(1.24146 0 1.1275e-05)
(1.24147 0 2.60075e-07)
(1.24295 0 2.83619e-06)
(1.24294 0 -1.9858e-06)
(1.24294 0 -1.09212e-05)
(1.24293 0 -2.48155e-05)
(1.24293 0 -4.2679e-05)
(1.24292 0 -6.34953e-05)
(1.24292 0 -8.60649e-05)
(1.24292 0 -0.000109298)
(1.24292 0 -0.000132258)
(1.24292 0 -0.000154216)
(1.24292 0 -0.000174654)
(1.24293 0 -0.000193257)
(1.24293 0 -0.00020988)
(1.24294 0 -0.000224517)
(1.24294 0 -0.000237266)
(1.24295 0 -0.000248295)
(1.24295 0 -0.00025781)
(1.24296 0 -0.000266029)
(1.24296 0 -0.000273157)
(1.24297 0 -0.000279367)
(1.24298 0 -0.000284776)
(1.24299 0 -0.000289431)
(1.243 0 -0.000293292)
(1.24301 0 -0.000296218)
(1.24302 0 -0.000297961)
(1.24303 0 -0.000298161)
(1.24304 0 -0.000296354)
(1.24306 0 -0.000291987)
(1.24307 0 -0.000284446)
(1.24309 0 -0.000273106)
(1.24311 0 -0.000257385)
(1.24312 0 -0.000236827)
(1.24314 0 -0.000211191)
(1.24316 0 -0.000180541)
(1.24317 0 -0.000145344)
(1.24319 0 -0.000106536)
(1.2432 0 -6.55564e-05)
(1.24321 0 -2.43411e-05)
(1.24322 0 1.48194e-05)
(1.24323 0 4.93937e-05)
(1.24323 0 7.68693e-05)
(1.24323 0 9.51921e-05)
(1.24323 0 0.000103115)
(1.24323 0 0.000100457)
(1.24324 0 8.83304e-05)
(1.24324 0 6.91812e-05)
(1.24324 0 4.6667e-05)
(1.24325 0 2.50026e-05)
(1.24326 0 8.59066e-06)
(1.24327 0 -1.04401e-06)
(1.24328 0 3.50464e-06)
(1.24327 0 -7.95966e-07)
(1.24327 0 -9.71145e-06)
(1.24326 0 -2.36809e-05)
(1.24326 0 -4.17341e-05)
(1.24325 0 -6.27738e-05)
(1.24325 0 -8.55814e-05)
(1.24325 0 -0.000109047)
(1.24325 0 -0.000132226)
(1.24325 0 -0.000154385)
(1.24325 0 -0.000175007)
(1.24325 0 -0.000193777)
(1.24326 0 -0.000210554)
(1.24326 0 -0.000225336)
(1.24326 0 -0.000238224)
(1.24327 0 -0.000249389)
(1.24327 0 -0.00025904)
(1.24328 0 -0.000267398)
(1.24328 0 -0.000274671)
(1.24329 0 -0.000281033)
(1.24329 0 -0.000286603)
(1.2433 0 -0.000291431)
(1.24331 0 -0.000295477)
(1.24332 0 -0.000298601)
(1.24333 0 -0.000300553)
(1.24334 0 -0.000300971)
(1.24335 0 -0.000299386)
(1.24336 0 -0.000295239)
(1.24338 0 -0.000287908)
(1.24339 0 -0.000276754)
(1.2434 0 -0.000261182)
(1.24342 0 -0.000240721)
(1.24344 0 -0.000215111)
(1.24345 0 -0.000184404)
(1.24347 0 -0.000149052)
(1.24348 0 -0.000109988)
(1.24349 0 -6.86557e-05)
(1.2435 0 -2.70023e-05)
(1.24351 0 1.26514e-05)
(1.24352 0 4.77185e-05)
(1.24353 0 7.5644e-05)
(1.24353 0 9.4316e-05)
(1.24353 0 0.000102442)
(1.24354 0 9.98106e-05)
(1.24354 0 8.75294e-05)
(1.24354 0 6.80806e-05)
(1.24355 0 4.51912e-05)
(1.24355 0 2.32583e-05)
(1.24356 0 6.76488e-06)
(1.24357 0 -2.04064e-06)
(1.24335 0 3.84599e-06)
(1.24335 0 -1.6933e-07)
(1.24334 0 -9.08091e-06)
(1.24334 0 -2.30853e-05)
(1.24334 0 -4.12297e-05)
(1.24333 0 -6.23784e-05)
(1.24333 0 -8.53042e-05)
(1.24333 0 -0.000108888)
(1.24333 0 -0.00013218)
(1.24333 0 -0.000154446)
(1.24333 0 -0.000175169)
(1.24333 0 -0.000194034)
(1.24333 0 -0.000210901)
(1.24334 0 -0.000225769)
(1.24334 0 -0.000238742)
(1.24334 0 -0.000249992)
(1.24335 0 -0.000259728)
(1.24335 0 -0.000268173)
(1.24336 0 -0.000275536)
(1.24336 0 -0.000281992)
(1.24337 0 -0.000287663)
(1.24338 0 -0.000292595)
(1.24338 0 -0.000296752)
(1.24339 0 -0.000299992)
(1.2434 0 -0.000302066)
(1.24341 0 -0.00030261)
(1.24342 0 -0.000301154)
(1.24343 0 -0.000297133)
(1.24345 0 -0.000289922)
(1.24346 0 -0.000278875)
(1.24347 0 -0.00026339)
(1.24349 0 -0.000242988)
(1.2435 0 -0.0002174)
(1.24352 0 -0.00018667)
(1.24353 0 -0.000151246)
(1.24355 0 -0.000112056)
(1.24356 0 -7.05458e-05)
(1.24357 0 -2.86713e-05)
(1.24358 0 1.12349e-05)
(1.24359 0 4.65631e-05)
(1.2436 0 7.47282e-05)
(1.2436 0 9.35931e-05)
(1.24361 0 0.000101842)
(1.24361 0 9.92496e-05)
(1.24361 0 8.69189e-05)
(1.24362 0 6.73503e-05)
(1.24362 0 4.43048e-05)
(1.24363 0 2.227e-05)
(1.24364 0 5.76947e-06)
(1.24364 0 -2.55119e-06)
(1.24339 0 4.20731e-06)
(1.24339 0 4.25494e-07)
(1.24339 0 -8.48427e-06)
(1.24338 0 -2.25176e-05)
(1.24338 0 -4.0739e-05)
(1.24338 0 -6.19814e-05)
(1.24338 0 -8.50116e-05)
(1.24337 0 -0.000108702)
(1.24337 0 -0.000132102)
(1.24337 0 -0.000154473)
(1.24337 0 -0.000175298)
(1.24337 0 -0.000194263)
(1.24338 0 -0.000211229)
(1.24338 0 -0.000226195)
(1.24338 0 -0.000239266)
(1.24338 0 -0.000250613)
(1.24339 0 -0.000260449)
(1.24339 0 -0.000268996)
(1.2434 0 -0.000276464)
(1.2434 0 -0.000283027)
(1.24341 0 -0.000288809)
(1.24342 0 -0.000293857)
(1.24342 0 -0.000298133)
(1.24343 0 -0.000301496)
(1.24344 0 -0.000303697)
(1.24345 0 -0.00030437)
(1.24346 0 -0.000303043)
(1.24347 0 -0.000299149)
(1.24348 0 -0.000292057)
(1.2435 0 -0.000281117)
(1.24351 0 -0.00026572)
(1.24352 0 -0.00024538)
(1.24354 0 -0.000219822)
(1.24355 0 -0.000189081)
(1.24356 0 -0.000153601)
(1.24358 0 -0.000114307)
(1.24359 0 -7.26476e-05)
(1.2436 0 -3.0582e-05)
(1.24361 0 9.54621e-06)
(1.24362 0 4.51079e-05)
(1.24363 0 7.3495e-05)
(1.24364 0 9.25495e-05)
(1.24365 0 0.000100937)
(1.24365 0 9.84176e-05)
(1.24366 0 8.60915e-05)
(1.24366 0 6.64715e-05)
(1.24367 0 4.33444e-05)
(1.24367 0 2.12703e-05)
(1.24368 0 4.80321e-06)
(1.24368 0 -3.10486e-06)
(1.24343 0 4.57075e-06)
(1.24342 0 1.00874e-06)
(1.24342 0 -7.90875e-06)
(1.24342 0 -2.19566e-05)
(1.24342 0 -4.02367e-05)
(1.24341 0 -6.15538e-05)
(1.24341 0 -8.46737e-05)
(1.24341 0 -0.000108463)
(1.24341 0 -0.000131969)
(1.24341 0 -0.000154451)
(1.24341 0 -0.000175392)
(1.24341 0 -0.000194475)
(1.24341 0 -0.000211563)
(1.24341 0 -0.000226654)
(1.24342 0 -0.000239853)
(1.24342 0 -0.00025133)
(1.24342 0 -0.000261299)
(1.24343 0 -0.00026998)
(1.24343 0 -0.000277583)
(1.24344 0 -0.000284284)
(1.24344 0 -0.000290205)
(1.24345 0 -0.000295394)
(1.24346 0 -0.000299813)
(1.24346 0 -0.00030332)
(1.24347 0 -0.000305665)
(1.24348 0 -0.000306481)
(1.24349 0 -0.000305294)
(1.2435 0 -0.000301534)
(1.24351 0 -0.000294567)
(1.24353 0 -0.000283738)
(1.24354 0 -0.000268435)
(1.24355 0 -0.000248165)
(1.24356 0 -0.000222647)
(1.24358 0 -0.000191913)
(1.24359 0 -0.0001564)
(1.2436 0 -0.000117031)
(1.24361 0 -7.52566e-05)
(1.24363 0 -3.30368e-05)
(1.24364 0 7.27868e-06)
(1.24365 0 4.30413e-05)
(1.24366 0 7.16338e-05)
(1.24367 0 9.08837e-05)
(1.24368 0 9.94414e-05)
(1.24368 0 9.70586e-05)
(1.24369 0 8.48292e-05)
(1.2437 0 6.52747e-05)
(1.2437 0 4.21928e-05)
(1.24371 0 2.01995e-05)
(1.24371 0 3.83578e-06)
(1.24372 0 -3.64206e-06)
(1.24345 0 4.8341e-06)
(1.24345 0 1.38613e-06)
(1.24345 0 -7.55733e-06)
(1.24345 0 -2.15923e-05)
(1.24344 0 -3.98805e-05)
(1.24344 0 -6.12146e-05)
(1.24344 0 -8.43686e-05)
(1.24344 0 -0.000108209)
(1.24344 0 -0.000131782)
(1.24344 0 -0.000154349)
(1.24344 0 -0.000175388)
(1.24344 0 -0.000194583)
(1.24344 0 -0.000211793)
(1.24344 0 -0.000227015)
(1.24344 0 -0.00024035)
(1.24344 0 -0.000251969)
(1.24345 0 -0.000262081)
(1.24345 0 -0.000270907)
(1.24346 0 -0.000278656)
(1.24346 0 -0.000285503)
(1.24347 0 -0.000291566)
(1.24347 0 -0.000296896)
(1.24348 0 -0.000301451)
(1.24349 0 -0.000305091)
(1.2435 0 -0.000307562)
(1.24351 0 -0.000308499)
(1.24352 0 -0.000307426)
(1.24353 0 -0.000303771)
(1.24354 0 -0.0002969)
(1.24355 0 -0.000286158)
(1.24356 0 -0.00027093)
(1.24357 0 -0.000250722)
(1.24358 0 -0.000225253)
(1.24359 0 -0.000194552)
(1.2436 0 -0.000159057)
(1.24362 0 -0.000119689)
(1.24363 0 -7.78959e-05)
(1.24364 0 -3.56344e-05)
(1.24365 0 4.74961e-06)
(1.24367 0 4.05957e-05)
(1.24368 0 6.93015e-05)
(1.24369 0 8.86957e-05)
(1.2437 0 9.7426e-05)
(1.24371 0 9.5243e-05)
(1.24372 0 8.3236e-05)
(1.24373 0 6.39221e-05)
(1.24373 0 4.10827e-05)
(1.24374 0 1.93405e-05)
(1.24374 0 3.15906e-06)
(1.24374 0 -4.01423e-06)
(1.24347 0 5.00091e-06)
(1.24347 0 1.56677e-06)
(1.24347 0 -7.41915e-06)
(1.24347 0 -2.14149e-05)
(1.24346 0 -3.96634e-05)
(1.24346 0 -6.096e-05)
(1.24346 0 -8.40956e-05)
(1.24346 0 -0.000107941)
(1.24346 0 -0.000131546)
(1.24346 0 -0.00015417)
(1.24346 0 -0.000175291)
(1.24346 0 -0.000194588)
(1.24346 0 -0.000211918)
(1.24346 0 -0.000227272)
(1.24346 0 -0.00024075)
(1.24346 0 -0.000252519)
(1.24346 0 -0.000262784)
(1.24347 0 -0.000271764)
(1.24347 0 -0.000279665)
(1.24348 0 -0.00028666)
(1.24348 0 -0.000292867)
(1.24349 0 -0.000298334)
(1.2435 0 -0.000303017)
(1.2435 0 -0.000306776)
(1.24351 0 -0.000309356)
(1.24352 0 -0.000310392)
(1.24353 0 -0.000309406)
(1.24354 0 -0.000305828)
(1.24355 0 -0.000299026)
(1.24356 0 -0.000288345)
(1.24357 0 -0.000273173)
(1.24358 0 -0.00025302)
(1.24359 0 -0.000227607)
(1.2436 0 -0.000196966)
(1.24361 0 -0.000161537)
(1.24362 0 -0.000122239)
(1.24364 0 -8.05189e-05)
(1.24365 0 -3.83226e-05)
(1.24366 0 2.00632e-06)
(1.24368 0 3.78358e-05)
(1.24369 0 6.65675e-05)
(1.2437 0 8.6056e-05)
(1.24372 0 9.49582e-05)
(1.24373 0 9.30315e-05)
(1.24374 0 8.13607e-05)
(1.24375 0 6.24475e-05)
(1.24375 0 4.00312e-05)
(1.24376 0 1.86963e-05)
(1.24376 0 2.76671e-06)
(1.24376 0 -4.2277e-06)
(1.24348 0 5.07834e-06)
(1.24348 0 1.61403e-06)
(1.24348 0 -7.39846e-06)
(1.24348 0 -2.13619e-05)
(1.24348 0 -3.95697e-05)
(1.24348 0 -6.08251e-05)
(1.24347 0 -8.3932e-05)
(1.24347 0 -0.000107765)
(1.24347 0 -0.000131378)
(1.24347 0 -0.000154029)
(1.24347 0 -0.000175195)
(1.24347 0 -0.000194554)
(1.24347 0 -0.000211957)
(1.24347 0 -0.000227395)
(1.24347 0 -0.000240964)
(1.24347 0 -0.000252827)
(1.24347 0 -0.00026319)
(1.24348 0 -0.000272268)
(1.24348 0 -0.000280266)
(1.24349 0 -0.000287355)
(1.24349 0 -0.000293651)
(1.2435 0 -0.000299201)
(1.24351 0 -0.000303961)
(1.24351 0 -0.000307789)
(1.24352 0 -0.000310431)
(1.24353 0 -0.00031152)
(1.24354 0 -0.000310579)
(1.24355 0 -0.00030704)
(1.24356 0 -0.000300271)
(1.24356 0 -0.000289619)
(1.24357 0 -0.000274477)
(1.24358 0 -0.000254355)
(1.24359 0 -0.00022898)
(1.2436 0 -0.000198385)
(1.24361 0 -0.000163012)
(1.24362 0 -0.000123782)
(1.24364 0 -8.21387e-05)
(1.24365 0 -4.00205e-05)
(1.24366 0 2.08625e-07)
(1.24368 0 3.60233e-05)
(1.24369 0 6.47421e-05)
(1.24371 0 8.42706e-05)
(1.24372 0 9.32771e-05)
(1.24374 0 9.15263e-05)
(1.24375 0 8.01005e-05)
(1.24376 0 6.14881e-05)
(1.24376 0 3.93943e-05)
(1.24377 0 1.83633e-05)
(1.24377 0 2.61966e-06)
(1.24377 0 -4.30799e-06)
(1.24348 0 5.11151e-06)
(1.24348 0 1.61451e-06)
(1.24348 0 -7.41778e-06)
(1.24348 0 -2.13635e-05)
(1.24348 0 -3.95513e-05)
(1.24348 0 -6.07852e-05)
(1.24348 0 -8.38761e-05)
(1.24348 0 -0.000107701)
(1.24348 0 -0.000131313)
(1.24348 0 -0.000153972)
(1.24347 0 -0.000175154)
(1.24347 0 -0.000194536)
(1.24347 0 -0.000211968)
(1.24347 0 -0.00022744)
(1.24347 0 -0.000241045)
(1.24347 0 -0.000252947)
(1.24348 0 -0.00026335)
(1.24348 0 -0.000272467)
(1.24348 0 -0.000280505)
(1.24349 0 -0.000287631)
(1.24349 0 -0.000293963)
(1.2435 0 -0.000299545)
(1.24351 0 -0.000304336)
(1.24351 0 -0.000308191)
(1.24352 0 -0.000310856)
(1.24353 0 -0.000311965)
(1.24354 0 -0.00031104)
(1.24355 0 -0.000307515)
(1.24355 0 -0.000300757)
(1.24356 0 -0.000290115)
(1.24357 0 -0.000274983)
(1.24358 0 -0.000254873)
(1.24359 0 -0.000229513)
(1.2436 0 -0.000198939)
(1.24361 0 -0.000163593)
(1.24362 0 -0.000124396)
(1.24363 0 -8.27899e-05)
(1.24364 0 -4.07123e-05)
(1.24366 0 -5.76901e-07)
(1.24367 0 3.52602e-05)
(1.24369 0 6.39704e-05)
(1.24371 0 8.35145e-05)
(1.24372 0 9.25665e-05)
(1.24374 0 9.08942e-05)
(1.24375 0 7.95785e-05)
(1.24376 0 6.1102e-05)
(1.24377 0 3.9152e-05)
(1.24377 0 1.82579e-05)
(1.24377 0 2.57988e-06)
(1.24377 0 -4.35803e-06)
(0.797079 0 4.95386e-06)
(0.797079 0 8.99821e-07)
(0.79707 0 -8.44492e-06)
(0.797039 0 -2.19122e-05)
(0.79698 0 -3.95197e-05)
(0.796884 0 -6.01358e-05)
(0.796747 0 -8.27228e-05)
(0.796568 0 -0.000106212)
(0.796348 0 -0.000129694)
(0.796087 0 -0.000152432)
(0.795786 0 -0.000173881)
(0.795441 0 -0.000193701)
(0.795047 0 -0.000211704)
(0.7946 0 -0.000227845)
(0.794093 0 -0.000242174)
(0.79352 0 -0.000254871)
(0.792872 0 -0.000266083)
(0.792142 0 -0.000276005)
(0.791324 0 -0.000284826)
(0.790414 0 -0.0002927)
(0.78941 0 -0.000299729)
(0.78831 0 -0.000305947)
(0.787112 0 -0.000311299)
(0.785813 0 -0.000315628)
(0.784413 0 -0.000318672)
(0.782919 0 -0.000320059)
(0.781347 0 -0.000319321)
(0.779729 0 -0.000315914)
(0.778114 0 -0.000309214)
(0.776565 0 -0.000298614)
(0.775155 0 -0.000283493)
(0.773953 0 -0.00026354)
(0.773031 0 -0.000238497)
(0.772417 0 -0.000208472)
(0.772098 0 -0.000174063)
(0.772084 0 -0.000135861)
(0.772398 0 -9.53459e-05)
(0.773053 0 -5.42378e-05)
(0.774028 0 -1.36246e-05)
(0.775312 0 1.9741e-05)
(0.776857 0 4.76067e-05)
(0.778606 0 6.71114e-05)
(0.780502 0 7.69267e-05)
(0.782495 0 7.68984e-05)
(0.784532 0 6.80646e-05)
(0.786589 0 5.27391e-05)
(0.788589 0 3.42519e-05)
(0.790677 0 1.65518e-05)
(0.792272 0 2.59787e-06)
(0.795259 0 -4.00613e-06)
(0.440029 0 3.69051e-06)
(0.440033 0 3.25948e-06)
(0.440036 0 8.20362e-07)
(0.440027 0 -4.285e-06)
(0.440003 0 -9.59611e-06)
(0.439953 0 -1.63534e-05)
(0.439871 0 -2.3992e-05)
(0.439749 0 -3.22947e-05)
(0.439584 0 -4.03808e-05)
(0.439371 0 -4.71186e-05)
(0.439101 0 -5.18883e-05)
(0.438763 0 -5.2879e-05)
(0.438345 0 -4.99101e-05)
(0.437832 0 -4.26749e-05)
(0.437213 0 -3.13795e-05)
(0.436476 0 -1.45544e-05)
(0.435612 0 6.75942e-06)
(0.434612 0 3.20011e-05)
(0.433472 0 6.029e-05)
(0.43219 0 9.0836e-05)
(0.43077 0 0.000123152)
(0.42922 0 0.000157148)
(0.427551 0 0.000192932)
(0.425778 0 0.000230273)
(0.423927 0 0.00026786)
(0.422028 0 0.000302634)
(0.420125 0 0.000328493)
(0.418272 0 0.00033948)
(0.416529 0 0.000332095)
(0.41496 0 0.000302838)
(0.413628 0 0.000245993)
(0.412585 0 0.000165515)
(0.411867 0 6.88805e-05)
(0.411505 0 -1.81599e-05)
(0.411509 0 -0.000101379)
(0.411864 0 -0.000186815)
(0.412563 0 -0.000273348)
(0.413602 0 -0.000358174)
(0.414942 0 -0.00044123)
(0.416529 0 -0.000514941)
(0.418315 0 -0.000576617)
(0.420276 0 -0.000624974)
(0.422391 0 -0.000664257)
(0.424647 0 -0.000694324)
(0.427018 0 -0.000715259)
(0.429472 0 -0.000739451)
(0.431924 0 -0.000741025)
(0.434629 0 -0.00073526)
(0.436492 0 -0.00085737)
(0.440517 0 -0.000607542)
(0.209214 0 3.12792e-06)
(0.209225 0 -7.14254e-07)
(0.209271 0 -5.95817e-06)
(0.209332 0 -1.46013e-05)
(0.209398 0 -2.22633e-05)
(0.209438 0 -3.06583e-05)
(0.209439 0 -3.74505e-05)
(0.209395 0 -4.31192e-05)
(0.209302 0 -4.69993e-05)
(0.209152 0 -4.78145e-05)
(0.208934 0 -4.36194e-05)
(0.20864 0 -3.36374e-05)
(0.208258 0 -1.67687e-05)
(0.207779 0 6.89472e-06)
(0.207198 0 3.68598e-05)
(0.206512 0 7.45867e-05)
(0.205719 0 0.000117252)
(0.204822 0 0.000163672)
(0.203828 0 0.000212129)
(0.202746 0 0.000260838)
(0.201587 0 0.000308108)
(0.200369 0 0.000352352)
(0.19911 0 0.000391819)
(0.197831 0 0.000424278)
(0.196557 0 0.000446796)
(0.195318 0 0.000455723)
(0.194143 0 0.000448372)
(0.193064 0 0.000421646)
(0.192112 0 0.0003721)
(0.191317 0 0.000299502)
(0.190704 0 0.000210374)
(0.190291 0 0.000106889)
(0.190097 0 -3.0184e-06)
(0.190115 0 -0.000117623)
(0.190337 0 -0.000226856)
(0.190773 0 -0.000332296)
(0.191418 0 -0.000436598)
(0.192255 0 -0.000533503)
(0.19325 0 -0.000611671)
(0.194379 0 -0.00067463)
(0.195622 0 -0.000729089)
(0.19699 0 -0.000779624)
(0.198472 0 -0.000833713)
(0.200063 0 -0.000886661)
(0.201769 0 -0.000929922)
(0.203507 0 -0.000984302)
(0.205288 0 -0.00100336)
(0.207321 0 -0.000984332)
(0.208442 0 -0.00117264)
(0.211444 0 -0.000849901)
(0.0860461 0 -1.11298e-07)
(0.0861317 0 -1.04932e-05)
(0.0862823 0 -2.0264e-05)
(0.0864126 0 -3.21276e-05)
(0.0865106 0 -3.1471e-05)
(0.086562 0 -2.72668e-05)
(0.0865679 0 -1.8754e-05)
(0.0865298 0 -9.00528e-06)
(0.0864439 0 3.66168e-06)
(0.0863106 0 2.20645e-05)
(0.0861205 0 4.64504e-05)
(0.0858735 0 7.7729e-05)
(0.0855678 0 0.00011677)
(0.0852049 0 0.00016343)
(0.084786 0 0.000216173)
(0.0843159 0 0.000273169)
(0.0837998 0 0.000334356)
(0.0832447 0 0.000397916)
(0.0826589 0 0.000461553)
(0.0820518 0 0.000523233)
(0.0814334 0 0.000581191)
(0.0808145 0 0.000634109)
(0.0802067 0 0.000680702)
(0.0796215 0 0.000719176)
(0.0790712 0 0.000746669)
(0.078567 0 0.000758827)
(0.0781198 0 0.000749631)
(0.0777395 0 0.000713682)
(0.0774335 0 0.000647606)
(0.0772063 0 0.00054948)
(0.0770607 0 0.000418623)
(0.0769975 0 0.000261648)
(0.0770109 0 8.87427e-05)
(0.0771143 0 -8.25029e-05)
(0.0773153 0 -0.000253927)
(0.0775987 0 -0.000421279)
(0.0779571 0 -0.000581331)
(0.0783866 0 -0.000724262)
(0.0788805 0 -0.000853426)
(0.0794415 0 -0.000966594)
(0.0800644 0 -0.00106948)
(0.0807601 0 -0.00115731)
(0.0815141 0 -0.00123992)
(0.0823166 0 -0.00131)
(0.0831987 0 -0.00135136)
(0.0840384 0 -0.00142095)
(0.0849665 0 -0.0014195)
(0.0859634 0 -0.00137425)
(0.08643 0 -0.00159018)
(0.0877567 0 -0.00118957)
(0.0307012 0 -1.28382e-05)
(0.0309333 0 -4.95134e-05)
(0.031105 0 -5.79186e-05)
(0.0312136 0 -6.07365e-05)
(0.0312694 0 -4.88672e-05)
(0.0312884 0 -4.06917e-05)
(0.0312702 0 -2.82754e-05)
(0.0312261 0 -1.57077e-05)
(0.0311472 0 -1.25478e-06)
(0.0310396 0 1.98761e-05)
(0.0308997 0 4.68454e-05)
(0.0307346 0 8.21893e-05)
(0.0305443 0 0.000123762)
(0.0303351 0 0.000172012)
(0.0301094 0 0.000225585)
(0.0298726 0 0.00028414)
(0.0296293 0 0.000345167)
(0.0293852 0 0.000406957)
(0.0291448 0 0.000467176)
(0.0289131 0 0.000523719)
(0.0286941 0 0.000574509)
(0.0284923 0 0.00061779)
(0.0283115 0 0.000651743)
(0.0281558 0 0.000674237)
(0.0280291 0 0.000682597)
(0.0279341 0 0.000673457)
(0.0278724 0 0.000643729)
(0.0278434 0 0.00059042)
(0.0278443 0 0.000511381)
(0.0278703 0 0.000407323)
(0.0279158 0 0.000282194)
(0.0279753 0 0.00014026)
(0.0280508 0 -1.07935e-05)
(0.0281315 0 -0.000160827)
(0.0282196 0 -0.000304288)
(0.02833 0 -0.000447365)
(0.0284599 0 -0.000590382)
(0.0286072 0 -0.000721351)
(0.0287721 0 -0.00083569)
(0.028959 0 -0.000932229)
(0.0291693 0 -0.00102346)
(0.0294028 0 -0.00110337)
(0.0296651 0 -0.00118779)
(0.0299227 0 -0.00126556)
(0.0302389 0 -0.00130853)
(0.0304894 0 -0.00140356)
(0.0307981 0 -0.00139574)
(0.0310978 0 -0.00135796)
(0.0311856 0 -0.00153963)
(0.0311849 0 -0.00115755)
(0.00936674 0 -4.77904e-05)
(0.00973954 0 -9.64653e-05)
(0.00984295 0 -7.59658e-05)
(0.00992013 0 -6.8916e-05)
(0.0099349 0 -4.62106e-05)
(0.00993799 0 -3.02444e-05)
(0.00990864 0 -8.3932e-06)
(0.00987057 0 1.39183e-05)
(0.00980928 0 3.8982e-05)
(0.0097401 0 6.7991e-05)
(0.00965649 0 0.000101925)
(0.00956786 0 0.00014244)
(0.00947304 0 0.000188769)
(0.00937831 0 0.000241226)
(0.00928497 0 0.000297584)
(0.0091976 0 0.000357229)
(0.00911822 0 0.000418762)
(0.00905002 0 0.000480687)
(0.00899473 0 0.000540792)
(0.00895405 0 0.000597306)
(0.00892889 0 0.0006485)
(0.00892017 0 0.000693047)
(0.00892862 0 0.000729472)
(0.00895495 0 0.000755796)
(0.0089996 0 0.000769232)
(0.0090621 0 0.000765884)
(0.00914067 0 0.000741071)
(0.00923178 0 0.000690706)
(0.00932986 0 0.000612275)
(0.00942799 0 0.000504899)
(0.00951901 0 0.000370352)
(0.00959691 0 0.000213859)
(0.00965295 0 4.51866e-05)
(0.00970085 0 -0.000133011)
(0.00974797 0 -0.000310721)
(0.00978121 0 -0.00047795)
(0.00980285 0 -0.000633435)
(0.00981619 0 -0.000777192)
(0.00982822 0 -0.000909172)
(0.00984067 0 -0.00102439)
(0.00986187 0 -0.00113264)
(0.00987697 0 -0.0012229)
(0.00991271 0 -0.00131103)
(0.00990759 0 -0.00138846)
(0.00995092 0 -0.00141972)
(0.00993132 0 -0.00151174)
(0.00990249 0 -0.00148344)
(0.00990374 0 -0.00144279)
(0.00974912 0 -0.00155287)
(0.00914623 0 -0.00117237)
(0.00218684 0 -8.31682e-05)
(0.00265377 0 -0.000141452)
(0.00268818 0 -9.11824e-05)
(0.0027492 0 -7.90192e-05)
(0.00273832 0 -4.96953e-05)
(0.00273699 0 -3.47078e-05)
(0.00270806 0 -1.30142e-05)
(0.00268437 0 5.05893e-06)
(0.00264482 0 2.76066e-05)
(0.00260667 0 5.46971e-05)
(0.00256155 0 8.67547e-05)
(0.00251952 0 0.000125411)
(0.00247814 0 0.000169074)
(0.00244334 0 0.000218315)
(0.0024149 0 0.000271571)
(0.00239615 0 0.000328186)
(0.00238789 0 0.000386065)
(0.00239206 0 0.000443788)
(0.00240913 0 0.000499154)
(0.00243963 0 0.000550325)
(0.00248344 0 0.000595342)
(0.00254057 0 0.000632646)
(0.00261093 0 0.000660602)
(0.00269449 0 0.000677274)
(0.00279099 0 0.000680248)
(0.0028994 0 0.000666468)
(0.00301728 0 0.000632909)
(0.00314043 0 0.000576957)
(0.00326305 0 0.000497027)
(0.00337836 0 0.00039375)
(0.00347968 0 0.000269864)
(0.00356186 0 0.000129788)
(0.00362587 0 -2.15979e-05)
(0.00366131 0 -0.000164428)
(0.00367116 0 -0.000308182)
(0.00366923 0 -0.000457493)
(0.0036526 0 -0.000602297)
(0.00361977 0 -0.000734142)
(0.00357813 0 -0.000853066)
(0.00352606 0 -0.000956022)
(0.00347651 0 -0.00105433)
(0.00340699 0 -0.00113899)
(0.00335719 0 -0.00122431)
(0.00325366 0 -0.00130468)
(0.0031915 0 -0.00133766)
(0.00307847 0 -0.00143288)
(0.00291251 0 -0.00140512)
(0.00281346 0 -0.00136762)
(0.00254205 0 -0.00140094)
(0.00174869 0 -0.00106022)
(-1.05141e-06 0 -0.00014719)
(0.000569959 0 -0.000203795)
(0.000563927 0 -9.62846e-05)
(0.000618127 0 -8.10008e-05)
(0.000598505 0 -4.40455e-05)
(0.000599074 0 -2.59051e-05)
(0.000573272 0 1.10739e-06)
(0.000557169 0 2.46804e-05)
(0.000528994 0 5.13252e-05)
(0.000506753 0 8.04869e-05)
(0.000480416 0 0.000114164)
(0.000459899 0 0.000153322)
(0.000441747 0 0.000197325)
(0.000431419 0 0.000246357)
(0.000428147 0 0.000298619)
(0.000434888 0 0.00035378)
(0.000451757 0 0.000410199)
(0.000480279 0 0.000466595)
(0.000520505 0 0.000520976)
(0.000572706 0 0.000571757)
(0.000636527 0 0.000617195)
(0.000711777 0 0.000655844)
(0.00079816 0 0.000686094)
(0.000895383 0 0.000705939)
(0.00100292 0 0.000712793)
(0.00111947 0 0.000703327)
(0.00124239 0 0.000673914)
(0.00136764 0 0.0006214)
(0.00148976 0 0.000543887)
(0.00160248 0 0.000441209)
(0.00169941 0 0.000315486)
(0.00177506 0 0.000171005)
(0.00182398 0 1.79746e-05)
(0.00185632 0 -0.000154799)
(0.00187322 0 -0.000318645)
(0.00186556 0 -0.000471149)
(0.00183888 0 -0.00061801)
(0.0017941 0 -0.000753863)
(0.00173929 0 -0.000878562)
(0.00167119 0 -0.000987916)
(0.00160459 0 -0.00109023)
(0.00151331 0 -0.00117657)
(0.00144062 0 -0.00125752)
(0.00131186 0 -0.00133275)
(0.00121653 0 -0.00135807)
(0.00107999 0 -0.001439)
(0.000873304 0 -0.00140317)
(0.000747735 0 -0.00135641)
(0.000454421 0 -0.00131797)
(-0.000130567 0 -0.00100337)
(-0.000146153 0 -0.00019112)
(3.70274e-05 0 -0.000243615)
(1.09706e-05 0 -0.000100343)
(5.22303e-05 0 -8.50504e-05)
(2.87131e-05 0 -4.46544e-05)
(2.88628e-05 0 -2.88903e-05)
(6.19686e-06 0 -3.83103e-06)
(-4.06761e-06 0 1.56322e-05)
(-2.58143e-05 0 4.06037e-05)
(-4.09463e-05 0 6.81591e-05)
(-5.9466e-05 0 0.000100609)
(-7.16846e-05 0 0.000138208)
(-8.12991e-05 0 0.000180413)
(-8.30571e-05 0 0.000227363)
(-7.81121e-05 0 0.000277687)
(-6.36704e-05 0 0.000330622)
(-3.97706e-05 0 0.000384426)
(-4.99584e-06 0 0.000437751)
(4.06007e-05 0 0.000488616)
(9.72812e-05 0 0.000535379)
(0.000164692 0 0.000576232)
(0.000242672 0 0.000609697)
(0.000330913 0 0.000634171)
(0.00042909 0 0.000647801)
(0.000536625 0 0.000648334)
(0.000652206 0 0.000632997)
(0.000773248 0 0.000599014)
(0.000895842 0 0.000544084)
(0.00101489 0 0.00046692)
(0.00112458 0 0.000367909)
(0.00121935 0 0.000249283)
(0.00129582 0 0.000115228)
(0.00135193 0 -3.10231e-05)
(0.00138054 0 -0.000164221)
(0.00138662 0 -0.000309218)
(0.00137705 0 -0.000454308)
(0.00134967 0 -0.000593447)
(0.0013039 0 -0.000721405)
(0.00124759 0 -0.000838285)
(0.00117636 0 -0.000941246)
(0.001106 0 -0.0010383)
(0.00100964 0 -0.00112281)
(0.000931147 0 -0.00120196)
(0.000799826 0 -0.00127872)
(0.000695626 0 -0.0013062)
(0.000558457 0 -0.00138323)
(0.000349532 0 -0.00134953)
(0.000218592 0 -0.0013005)
(-5.58305e-05 0 -0.00123288)
(-0.000489284 0 -0.00095094)
(-0.000146363 0 -0.00019173)
(-7.79287e-05 0 -0.000242869)
(-0.000109951 0 -0.000100303)
(-7.82196e-05 0 -8.51631e-05)
(-0.000101598 0 -3.98873e-05)
(-0.000101689 0 -2.2298e-05)
(-0.000123624 0 7.28541e-06)
(-0.000133814 0 2.92583e-05)
(-0.000153563 0 5.59843e-05)
(-0.00016611 0 8.38884e-05)
(-0.000181533 0 0.000116444)
(-0.000190514 0 0.000153434)
(-0.000196928 0 0.000194899)
(-0.000195659 0 0.000240592)
(-0.00018792 0 0.000289338)
(-0.000170997 0 0.000340568)
(-0.000145058 0 0.000392779)
(-0.00010873 0 0.000444682)
(-6.21044e-05 0 0.000494486)
(-4.91805e-06 0 0.000540641)
(6.24857e-05 0 0.000581423)
(0.000139956 0 0.000615353)
(0.000227137 0 0.000640765)
(0.000323623 0 0.000655743)
(0.000428729 0 0.000657962)
(0.000541062 0 0.000644591)
(0.000658059 0 0.000612733)
(0.000775998 0 0.000559928)
(0.000890074 0 0.000484765)
(0.000994824 0 0.000387395)
(0.00108474 0 0.0002698)
(0.00115464 0 0.000135686)
(0.0012033 0 -7.75017e-06)
(0.00123503 0 -0.000168531)
(0.00124798 0 -0.000316663)
(0.00123919 0 -0.000460524)
(0.00121295 0 -0.000598907)
(0.00116886 0 -0.000727192)
(0.0011147 0 -0.000844919)
(0.00104531 0 -0.000949036)
(0.00097676 0 -0.00104528)
(0.000881912 0 -0.00112837)
(0.000803648 0 -0.0012022)
(0.00067601 0 -0.00127379)
(0.000570216 0 -0.00129625)
(0.00043733 0 -0.00136116)
(0.000236542 0 -0.00132361)
(0.00010839 0 -0.00126836)
(-0.000137954 0 -0.0011705)
(-0.000469927 0 -0.000914374)
(-0.000101219 0 -0.000199155)
(-9.01574e-05 0 -0.000245444)
(-0.000124369 0 -0.000100064)
(-0.000103376 0 -8.63919e-05)
(-0.00012726 0 -3.9354e-05)
(-0.000129183 0 -2.39439e-05)
(-0.000149654 0 3.27359e-06)
(-0.000158413 0 2.32243e-05)
(-0.000176695 0 4.94325e-05)
(-0.00018806 0 7.65844e-05)
(-0.000202039 0 0.000108689)
(-0.000209654 0 0.000144787)
(-0.000214725 0 0.000185221)
(-0.000212294 0 0.000229609)
(-0.000203648 0 0.000276889)
(-0.000186099 0 0.000326251)
(-0.000159863 0 0.000376219)
(-0.000123597 0 0.000425489)
(-7.74142e-05 0 0.000472313)
(-2.10375e-05 0 0.000515151)
(4.52018e-05 0 0.000552351)
(0.000121165 0 0.000582471)
(0.000206472 0 0.000603882)
(0.00030068 0 0.000614795)
(0.000403045 0 0.000613102)
(0.00051215 0 0.000596318)
(0.000625488 0 0.00056199)
(0.000739474 0 0.000508112)
(0.00084957 0 0.000433622)
(0.000950697 0 0.000338848)
(0.00103804 0 0.000225737)
(0.0011093 0 9.83308e-05)
(0.00116006 0 -3.80935e-05)
(0.00118767 0 -0.000169941)
(0.00119696 0 -0.000311612)
(0.00118901 0 -0.000450291)
(0.0011643 0 -0.000583355)
(0.00112207 0 -0.000706683)
(0.00106991 0 -0.000819943)
(0.00100209 0 -0.000920985)
(0.000935 0 -0.00101461)
(0.000841845 0 -0.00109727)
(0.000764379 0 -0.00116975)
(0.00064156 0 -0.00124153)
(0.000536504 0 -0.00126476)
(0.000409543 0 -0.00132482)
(0.00022001 0 -0.00128766)
(9.81169e-05 0 -0.00123136)
(-0.00012044 0 -0.00111822)
(-0.000371674 0 -0.000886303)
(-5.35829e-05 0 -0.000197548)
(-7.97675e-05 0 -0.000240677)
(-0.000114121 0 -9.79899e-05)
(-0.000102446 0 -8.49014e-05)
(-0.000125621 0 -3.4906e-05)
(-0.00012928 0 -1.8443e-05)
(-0.000149882 0 1.2426e-05)
(-0.000159652 0 3.30685e-05)
(-0.000177317 0 5.98195e-05)
(-0.000187968 0 8.65366e-05)
(-0.000200881 0 0.00011811)
(-0.000207469 0 0.000153168)
(-0.000211526 0 0.000192449)
(-0.000208225 0 0.000235328)
(-0.000198883 0 0.000281042)
(-0.000180874 0 0.000328798)
(-0.000154473 0 0.000377253)
(-0.000118359 0 0.000425121)
(-7.26721e-05 0 0.00047075)
(-1.71251e-05 0 0.000512617)
(4.79623e-05 0 0.000549099)
(0.000122448 0 0.00057876)
(0.000205914 0 0.000599938)
(0.000297862 0 0.000610843)
(0.000397472 0 0.000609385)
(0.000503287 0 0.000593143)
(0.000612842 0 0.000559739)
(0.000722703 0 0.000507223)
(0.00082854 0 0.000434549)
(0.000925506 0 0.000341968)
(0.00100886 0 0.000231235)
(0.00107407 0 0.000105465)
(0.00112187 0 -3.16112e-05)
(0.00115258 0 -0.000176358)
(0.00116418 0 -0.000315533)
(0.00115711 0 -0.000451767)
(0.00113393 0 -0.000582658)
(0.00109376 0 -0.000704407)
(0.001044 0 -0.000816198)
(0.000978457 0 -0.000916083)
(0.0009135 0 -0.00100727)
(0.000822718 0 -0.00108782)
(0.000746492 0 -0.00115587)
(0.000628413 0 -0.00122383)
(0.000524627 0 -0.001244)
(0.000403398 0 -0.00129601)
(0.000224945 0 -0.00125703)
(0.000110757 0 -0.00119911)
(-8.36489e-05 0 -0.00107522)
(-0.00026876 0 -0.000864465)
(-1.09222e-05 0 -0.000192978)
(-6.61966e-05 0 -0.000232793)
(-0.000100273 0 -9.55944e-05)
(-9.80748e-05 0 -8.39838e-05)
(-0.000121287 0 -3.3578e-05)
(-0.000126881 0 -1.88223e-05)
(-0.000146404 0 1.02525e-05)
(-0.000155812 0 3.0008e-05)
(-0.000172722 0 5.68532e-05)
(-0.000182943 0 8.32622e-05)
(-0.000195084 0 0.00011468)
(-0.000200988 0 0.000149106)
(-0.00020434 0 0.0001876)
(-0.000200478 0 0.000229311)
(-0.00019073 0 0.000273574)
(-0.000172521 0 0.000319501)
(-0.00014617 0 0.000365845)
(-0.000110393 0 0.000411341)
(-6.53518e-05 0 0.000454428)
(-1.07601e-05 0 0.000493622)
(5.30685e-05 0 0.000527372)
(0.000125988 0 0.000554255)
(0.000207552 0 0.000572656)
(0.000297231 0 0.000580866)
(0.000394157 0 0.000576932)
(0.000496858 0 0.00055865)
(0.000602922 0 0.000523904)
(0.000709034 0 0.000470998)
(0.000811098 0 0.000399073)
(0.000904599 0 0.000308449)
(0.000985295 0 0.000200877)
(0.00105129 0 8.0118e-05)
(0.00109827 0 -4.71876e-05)
(0.00112548 0 -0.000178799)
(0.00113649 0 -0.000313756)
(0.00113022 0 -0.000446017)
(0.00110842 0 -0.000572996)
(0.00107002 0 -0.000691364)
(0.00102224 0 -0.000800248)
(0.000958555 0 -0.000898305)
(0.000895344 0 -0.000987622)
(0.000806806 0 -0.00106766)
(0.00073188 0 -0.0011339)
(0.000618572 0 -0.00120086)
(0.000516718 0 -0.00122058)
(0.000401394 0 -0.00126776)
(0.000233722 0 -0.0012284)
(0.000128105 0 -0.00117074)
(-4.52541e-05 0 -0.00104168)
(-0.000175927 0 -0.000849674)
(3.3869e-05 0 -0.000186006)
(-5.24123e-05 0 -0.000222009)
(-8.55686e-05 0 -9.1796e-05)
(-9.14595e-05 0 -8.09417e-05)
(-0.000113988 0 -2.92019e-05)
(-0.000121845 0 -1.38372e-05)
(-0.000141429 0 1.74604e-05)
(-0.000151591 0 3.70641e-05)
(-0.000167895 0 6.3761e-05)
(-0.000177588 0 8.93984e-05)
(-0.000188862 0 0.000120074)
(-0.000193998 0 0.000153387)
(-0.000196566 0 0.000190733)
(-0.000192081 0 0.000231085)
(-0.000181871 0 0.000273987)
(-0.000163424 0 0.000318472)
(-0.00013709 0 0.000363377)
(-0.000101613 0 0.000407425)
(-5.71748e-05 0 0.000449121)
(-3.48629e-06 0 0.000486997)
(5.91448e-05 0 0.000519562)
(0.000130564 0 0.000545378)
(0.000210297 0 0.000562865)
(0.000297778 0 0.000570345)
(0.000392088 0 0.000565929)
(0.000491737 0 0.000547528)
(0.000594363 0 0.000513163)
(0.000696782 0 0.000461256)
(0.00079507 0 0.000391021)
(0.000884898 0 0.000302714)
(0.000962212 0 0.000197847)
(0.00102348 0 7.92159e-05)
(0.0010691 0 -5.13429e-05)
(0.00109829 0 -0.000183723)
(0.00110977 0 -0.000315646)
(0.0011043 0 -0.00044503)
(0.00108391 0 -0.000569252)
(0.00104736 0 -0.000685256)
(0.00100168 0 -0.000791841)
(0.000940043 0 -0.000888053)
(0.000878701 0 -0.000974806)
(0.000792528 0 -0.00105305)
(0.000718946 0 -0.00111606)
(0.000610125 0 -0.00118048)
(0.000510355 0 -0.00119855)
(0.000400792 0 -0.00124078)
(0.000243336 0 -0.00120107)
(0.000146568 0 -0.00114436)
(-8.80127e-06 0 -0.00101386)
(-9.52493e-05 0 -0.000838736)
(6.36312e-05 0 -0.000176217)
(-4.00722e-05 0 -0.000209094)
(-7.21906e-05 0 -8.77963e-05)
(-8.58679e-05 0 -7.82467e-05)
(-0.000108155 0 -2.72273e-05)
(-0.00011779 0 -1.32287e-05)
(-0.000136467 0 1.70455e-05)
(-0.00014677 0 3.62693e-05)
(-0.000162471 0 6.32458e-05)
(-0.000171882 0 8.86757e-05)
(-0.000182482 0 0.000119164)
(-0.000187043 0 0.000151811)
(-0.00018898 0 0.000188295)
(-0.000184002 0 0.000227387)
(-0.000173422 0 0.000268799)
(-0.000154809 0 0.000311524)
(-0.000128543 0 0.000354509)
(-9.34059e-05 0 0.000396496)
(-4.95979e-05 0 0.000436069)
(3.16749e-06 0 0.000471783)
(6.45833e-05 0 0.000502211)
(0.000134486 0 0.00052591)
(0.00021238 0 0.000541355)
(0.000297677 0 0.000546917)
(0.000389424 0 0.000540807)
(0.000486133 0 0.000521094)
(0.000585495 0 0.000485983)
(0.000684432 0 0.000434072)
(0.000779218 0 0.000364688)
(0.000865793 0 0.000278139)
(0.000940424 0 0.000175971)
(0.00100128 0 6.12866e-05)
(0.00104552 0 -5.9461e-05)
(0.00107245 0 -0.000187095)
(0.00108406 0 -0.000315534)
(0.00107934 0 -0.000441587)
(0.00106022 0 -0.000562607)
(0.00102534 0 -0.000675894)
(0.000981528 0 -0.000780064)
(0.000921801 0 -0.00087462)
(0.000862189 0 -0.000959415)
(0.000778387 0 -0.00103665)
(0.000706251 0 -0.00109755)
(0.000601889 0 -0.00116035)
(0.000504529 0 -0.00117751)
(0.000400626 0 -0.00121568)
(0.000252799 0 -0.00117615)
(0.000164914 0 -0.00112121)
(2.52447e-05 0 -0.000992669)
(-2.59191e-05 0 -0.000832479)
(8.61959e-05 0 -0.000165141)
(-2.87054e-05 0 -0.000194829)
(-5.93559e-05 0 -8.27561e-05)
(-7.94585e-05 0 -7.39518e-05)
(-0.000101077 0 -2.27814e-05)
(-0.000113049 0 -8.44091e-06)
(-0.000131595 0 2.26356e-05)
(-0.000142399 0 4.13328e-05)
(-0.000157465 0 6.78402e-05)
(-0.000166447 0 9.24603e-05)
(-0.000176278 0 0.000122241)
(-0.00018021 0 0.000153913)
(-0.000181488 0 0.000189421)
(-0.000176015 0 0.000227339)
(-0.000165076 0 0.00026751)
(-0.000146313 0 0.000308846)
(-0.000120125 0 0.000350376)
(-8.53291e-05 0 0.000390841)
(-4.21436e-05 0 0.000428893)
(9.71732e-06 0 0.000463111)
(6.99468e-05 0 0.000492125)
(0.000138371 0 0.000514499)
(0.000214478 0 0.000528754)
(0.000297649 0 0.000533308)
(0.000386905 0 0.000526454)
(0.000480754 0 0.000506377)
(0.00057694 0 0.00047142)
(0.000672505 0 0.000420297)
(0.000763866 0 0.000352414)
(0.000847134 0 0.000268)
(0.000918818 0 0.000168343)
(0.000976363 0 5.60624e-05)
(0.0010194 0 -6.66217e-05)
(0.00104705 0 -0.000191364)
(0.00105884 0 -0.000316761)
(0.00105486 0 -0.000439896)
(0.00103702 0 -0.000558075)
(0.00100384 0 -0.000668858)
(0.000961904 0 -0.000770632)
(0.00090414 0 -0.000863314)
(0.000846264 0 -0.000945811)
(0.000764861 0 -0.00102156)
(0.000694185 0 -0.00108005)
(0.000594068 0 -0.00114095)
(0.000499278 0 -0.00115719)
(0.000400933 0 -0.00119182)
(0.000262157 0 -0.00115267)
(0.000182835 0 -0.00109985)
(5.67007e-05 0 -0.000973765)
(-1.1812e-07 0 -0.000826833)
(0.000103226 0 -0.000153192)
(-1.879e-05 0 -0.000179928)
(-4.79599e-05 0 -7.76198e-05)
(-7.39515e-05 0 -6.98876e-05)
(-9.51081e-05 0 -2.04659e-05)
(-0.000108732 0 -7.1695e-06)
(-0.000126543 0 2.3573e-05)
(-0.000137746 0 4.20841e-05)
(-0.000152265 0 6.87666e-05)
(-0.000161015 0 9.30698e-05)
(-0.000170205 0 0.000122475)
(-0.000173618 0 0.00015334)
(-0.000174306 0 0.000187882)
(-0.000168393 0 0.000224532)
(-0.00015713 0 0.000263292)
(-0.000138244 0 0.000303024)
(-0.000112152 0 0.00034285)
(-7.77101e-05 0 0.000381516)
(-3.51513e-05 0 0.000417742)
(1.58061e-05 0 0.000450124)
(7.48527e-05 0 0.000477344)
(0.000141804 0 0.000497979)
(0.000216133 0 0.000510591)
(0.000297207 0 0.000513645)
(0.000384028 0 0.000505522)
(0.000475116 0 0.000484539)
(0.000568269 0 0.000449193)
(0.000660622 0 0.000398338)
(0.000748751 0 0.000331466)
(0.000828972 0 0.000248834)
(0.000898031 0 0.000151677)
(0.000954284 0 4.25002e-05)
(0.000996027 0 -7.34591e-05)
(0.00102242 0 -0.000195)
(0.00103435 0 -0.000317291)
(0.00103107 0 -0.00043744)
(0.00101442 0 -0.000552742)
(0.000982824 0 -0.000661024)
(0.000942627 0 -0.000760481)
(0.000886751 0 -0.000851424)
(0.000830528 0 -0.000931885)
(0.000751517 0 -0.00100639)
(0.000682368 0 -0.00106291)
(0.000586416 0 -0.00112219)
(0.00049436 0 -0.00113777)
(0.000401425 0 -0.00116953)
(0.000271144 0 -0.00113127)
(0.000200343 0 -0.00108104)
(8.61776e-05 0 -0.000958711)
(7.75918e-05 0 -0.000823725)
(0.000115782 0 -0.000140706)
(-9.87403e-06 0 -0.000164611)
(-3.7307e-05 0 -7.17851e-05)
(-6.80987e-05 0 -6.46667e-05)
(-8.85822e-05 0 -1.55076e-05)
(-0.000104266 0 -2.19058e-06)
(-0.000121773 0 2.80463e-05)
(-0.000133376 0 4.58711e-05)
(-0.000147287 0 7.19952e-05)
(-0.000155719 0 9.56005e-05)
(-0.000164238 0 0.000124407)
(-0.00016714 0 0.000154432)
(-0.000167261 0 0.000188085)
(-0.000160943 0 0.000223619)
(-0.000149387 0 0.00026116)
(-0.000130409 0 0.000299512)
(-0.000104433 0 0.000337882)
(-7.03561e-05 0 0.000375021)
(-2.84264e-05 0 0.000409712)
(2.16346e-05 0 0.00044057)
(7.95157e-05 0 0.000466336)
(0.000145019 0 0.000485599)
(0.00021761 0 0.000496968)
(0.000296635 0 0.000498961)
(0.000381084 0 0.000490033)
(0.000469489 0 0.00046861)
(0.000559701 0 0.000433308)
(0.000648962 0 0.000383093)
(0.000733968 0 0.00031753)
(0.000811183 0 0.000236804)
(0.00087756 0 0.000141939)
(0.000931344 0 3.52277e-05)
(0.000971905 0 -8.03529e-05)
(0.00099828 0 -0.000199047)
(0.00101035 0 -0.000318468)
(0.00100776 0 -0.000435829)
(0.000992294 0 -0.000548408)
(0.000962281 0 -0.000654261)
(0.000923809 0 -0.000751398)
(0.000869842 0 -0.000840501)
(0.000815258 0 -0.000918835)
(0.000738636 0 -0.000991936)
(0.000671019 0 -0.0010465)
(0.000579057 0 -0.00110415)
(0.000489813 0 -0.00111913)
(0.000402139 0 -0.00114844)
(0.000279816 0 -0.00111129)
(0.000217048 0 -0.00106384)
(0.000113308 0 -0.000947744)
(0.000126817 0 -0.000824105)
(0.000124497 0 -0.000128003)
(-2.24814e-06 0 -0.000149306)
(-2.79594e-05 0 -6.59431e-05)
(-6.27813e-05 0 -5.97366e-05)
(-8.26727e-05 0 -1.34698e-05)
(-0.00010005 0 -7.65494e-07)
(-0.000116956 0 2.97421e-05)
(-0.000128966 0 4.74717e-05)
(-0.000142331 0 7.35739e-05)
(-0.00015054 0 9.67059e-05)
(-0.000158449 0 0.000124968)
(-0.000160892 0 0.000154135)
(-0.000160479 0 0.000186832)
(-0.000153788 0 0.000221177)
(-0.000141962 0 0.000257418)
(-0.00012291 0 0.000294307)
(-9.70603e-05 0 0.000331133)
(-6.33533e-05 0 0.00036665)
(-2.20499e-05 0 0.000399701)
(2.71229e-05 0 0.000428924)
(8.38509e-05 0 0.000453102)
(0.000147923 0 0.000470848)
(0.000218799 0 0.000480812)
(0.000295813 0 0.00048156)
(0.000377951 0 0.000471628)
(0.000463764 0 0.000449557)
(0.000551159 0 0.000414101)
(0.000637462 0 0.000364335)
(0.000719498 0 0.000299893)
(0.000793875 0 0.000220945)
(0.000857757 0 0.000128378)
(0.000909874 0 2.43086e-05)
(0.000949213 0 -8.68976e-05)
(0.00097482 0 -0.000202724)
(0.000986991 0 -0.000319305)
(0.000985054 0 -0.000433909)
(0.000970689 0 -0.00054381)
(0.000942174 0 -0.00064728)
(0.000905328 0 -0.000742168)
(0.000853217 0 -0.000829494)
(0.000800207 0 -0.000905836)
(0.000725951 0 -0.000977633)
(0.000659909 0 -0.00103051)
(0.000571848 0 -0.00108674)
(0.000485501 0 -0.00110135)
(0.000402907 0 -0.0011287)
(0.000288028 0 -0.00109308)
(0.000232795 0 -0.00104864)
(0.00013823 0 -0.000939884)
(0.000167921 0 -0.000826518)
(0.000130045 0 -0.000115307)
(4.43818e-06 0 -0.000134169)
(-1.94533e-05 0 -5.96632e-05)
(-5.77664e-05 0 -5.36206e-05)
(-7.69136e-05 0 -7.58795e-06)
(-9.56786e-05 0 4.75702e-06)
(-0.000112152 0 3.40355e-05)
(-0.000124606 0 5.09446e-05)
(-0.000137433 0 7.62941e-05)
(-0.000145429 0 9.86862e-05)
(-0.000152748 0 0.00012633)
(-0.000154767 0 0.000154695)
(-0.000153859 0 0.000186511)
(-0.000146837 0 0.000219762)
(-0.000134776 0 0.000254804)
(-0.000115683 0 0.000290348)
(-8.99824e-05 0 0.00032576)
(-5.66601e-05 0 0.0003598)
(-1.59885e-05 0 0.000391364)
(3.22991e-05 0 0.000419121)
(8.78863e-05 0 0.000441882)
(0.000150549 0 0.000458295)
(0.000219741 0 0.00046705)
(0.000294788 0 0.000466762)
(0.000374674 0 0.000456041)
(0.000457976 0 0.000433527)
(0.000542652 0 0.000398084)
(0.000626125 0 0.000348895)
(0.000705323 0 0.000285669)
(0.000776978 0 0.000208494)
(0.000838407 0 0.00011804)
(0.0008885 0 1.62108e-05)
(0.000926689 0 -9.34266e-05)
(0.000951923 0 -0.000206622)
(0.000964143 0 -0.000320541)
(0.000962794 0 -0.000432539)
(0.000949472 0 -0.000539883)
(0.000922417 0 -0.00064103)
(0.00088717 0 -0.000733686)
(0.000836937 0 -0.000819172)
(0.000785503 0 -0.000893497)
(0.000713606 0 -0.000963907)
(0.000649146 0 -0.00101517)
(0.000564833 0 -0.00107001)
(0.000481409 0 -0.00108436)
(0.000403711 0 -0.00111009)
(0.000295795 0 -0.00107618)
(0.000247457 0 -0.00103483)
(0.000160919 0 -0.000934095)
(0.000201716 0 -0.000830249)
(0.000132835 0 -0.000102793)
(9.92463e-06 0 -0.000119435)
(-1.21524e-05 0 -5.36017e-05)
(-5.28339e-05 0 -4.85878e-05)
(-7.13741e-05 0 -6.25827e-06)
(-9.18663e-05 0 5.83749e-06)
(-0.00010774 0 3.50381e-05)
(-0.000120441 0 5.19084e-05)
(-0.00013268 0 7.73504e-05)
(-0.000140421 0 9.95279e-05)
(-0.000147149 0 0.000126816)
(-0.000148778 0 0.000154453)
(-0.000147413 0 0.00018536)
(-0.0001401 0 0.000217494)
(-0.000127836 0 0.000251319)
(-0.000108727 0 0.000285507)
(-8.31905e-05 0 0.000319493)
(-5.02616e-05 0 0.000352043)
(-1.02195e-05 0 0.000382099)
(3.71906e-05 0 0.000408374)
(9.16496e-05 0 0.000429694)
(0.000152921 0 0.00044475)
(0.000220459 0 0.000452268)
(0.00029358 0 0.000450913)
(0.000371276 0 0.000439362)
(0.000452152 0 0.000416358)
(0.000534224 0 0.000380881)
(0.000615002 0 0.000332213)
(0.000691538 0 0.000270115)
(0.000760692 0 0.000194663)
(0.00081991 0 0.000106363)
(0.000868333 0 6.99812e-06)
(0.000905361 0 -9.96633e-05)
(0.000929907 0 -0.000210288)
(0.000942007 0 -0.00032162)
(0.000941039 0 -0.000431084)
(0.00092854 0 -0.000535941)
(0.000902773 0 -0.00063479)
(0.000869007 0 -0.000725237)
(0.000820631 0 -0.000808917)
(0.000770782 0 -0.000881339)
(0.000701293 0 -0.000950444)
(0.0006385 0 -0.00100032)
(0.000557882 0 -0.00105394)
(0.00047744 0 -0.00106819)
(0.000404456 0 -0.00109265)
(0.000303048 0 -0.00106075)
(0.000260996 0 -0.00102255)
(0.000181523 0 -0.000930015)
(0.000229537 0 -0.000834889)
(0.000133309 0 -9.07522e-05)
(1.42063e-05 0 -0.000105267)
(-6.3573e-06 0 -4.68691e-05)
(-4.9719e-05 0 -4.13908e-05)
(-6.71869e-05 0 6.74351e-07)
(-8.78408e-05 0 1.25238e-05)
(-0.000102971 0 4.06889e-05)
(-0.000115865 0 5.67365e-05)
(-0.000127501 0 8.11078e-05)
(-0.000135076 0 0.000102218)
(-0.000141318 0 0.000128416)
(-0.000142662 0 0.000154918)
(-0.000140924 0 0.000184753)
(-0.000133394 0 0.000215747)
(-0.000120996 0 0.000248411)
(-0.000101939 0 0.000281314)
(-7.66231e-05 0 0.000313947)
(-4.41327e-05 0 0.000345086)
(-4.74931e-06 0 0.000373722)
(4.17686e-05 0 0.000398605)
(9.50989e-05 0 0.000418575)
(0.000154995 0 0.000432365)
(0.000220904 0 0.000438741)
(0.000292141 0 0.000436415)
(0.000367707 0 0.000424137)
(0.000446242 0 0.000400743)
(0.000525825 0 0.000365313)
(0.000604071 0 0.000317229)
(0.000678193 0 0.000256333)
(0.000745228 0 0.000182614)
(0.000802641 0 9.61735e-05)
(0.000849516 0 -1.29195e-06)
(0.000885412 0 -0.000106102)
(0.000909192 0 -0.000214432)
(0.000920791 0 -0.000323349)
(0.00091973 0 -0.000430329)
(0.000907585 0 -0.000532632)
(0.000882752 0 -0.000629076)
(0.000850262 0 -0.000717265)
(0.000803752 0 -0.000799183)
(0.000755623 0 -0.000869771)
(0.000688739 0 -0.000937507)
(0.00062781 0 -0.00098608)
(0.000550901 0 -0.00103855)
(0.000473516 0 -0.00105283)
(0.000405087 0 -0.00107629)
(0.000309788 0 -0.00104653)
(0.000273374 0 -0.00101145)
(0.000200135 0 -0.000927156)
(0.00025251 0 -0.00084009)
(0.000131536 0 -7.87177e-05)
(1.66881e-05 0 -9.14659e-05)
(-2.45686e-06 0 -4.11433e-05)
(-4.70838e-05 0 -3.69966e-05)
(-6.366e-05 0 1.0074e-06)
(-8.50328e-05 0 1.21297e-05)
(-9.90568e-05 0 3.95595e-05)
(-0.000111661 0 5.54944e-05)
(-0.000122467 0 8.00078e-05)
(-0.000129622 0 0.000101168)
(-0.000135226 0 0.00012743)
(-0.000136191 0 0.000153706)
(-0.00013406 0 0.00018314)
(-0.000126357 0 0.00021339)
(-0.000113904 0 0.000245075)
(-9.49986e-05 0 0.000276753)
(-6.99989e-05 0 0.000308043)
(-3.80309e-05 0 0.000337804)
(6.28694e-07 0 0.000365056)
(4.62053e-05 0 0.000388582)
(9.83749e-05 0 0.000407235)
(0.000156882 0 0.00041979)
(0.000221171 0 0.000425049)
(0.000290554 0 0.000421769)
(0.000364048 0 0.000408761)
(0.000440334 0 0.00038495)
(0.000517566 0 0.000349522)
(0.000593492 0 0.000301859)
(0.000665558 0 0.000241841)
(0.000731017 0 0.000169609)
(0.000787268 0 8.54603e-05)
(0.000833161 0 -9.24569e-06)
(0.000868053 0 -0.000110873)
(0.000890705 0 -0.000216102)
(0.000901185 0 -0.000322159)
(0.000899187 0 -0.000426698)
(0.000886452 0 -0.00052705)
(0.000861709 0 -0.000622046)
(0.000829886 0 -0.000708982)
(0.000785048 0 -0.000789738)
(0.000738837 0 -0.000858664)
(0.000675018 0 -0.00092491)
(0.000616438 0 -0.000972313)
(0.000543533 0 -0.00102371)
(0.00046945 0 -0.00103815)
(0.000405517 0 -0.00106084)
(0.00031601 0 -0.00103335)
(0.000284602 0 -0.00100138)
(0.000216916 0 -0.000925044)
(0.000271458 0 -0.000845498)
(0.000127256 0 -6.80611e-05)
(1.62582e-05 0 -7.87647e-05)
(-2.39632e-06 0 -3.35969e-05)
(-4.91221e-05 0 -2.84538e-05)
(-6.38002e-05 0 8.8266e-06)
(-8.28629e-05 0 2.05669e-05)
(-9.50385e-05 0 4.76268e-05)
(-0.000106664 0 6.29689e-05)
(-0.000116229 0 8.63942e-05)
(-0.000122788 0 0.000106343)
(-0.000127704 0 0.000131178)
(-0.000128364 0 0.000155916)
(-0.000125959 0 0.000183767)
(-0.000118248 0 0.000212423)
(-0.000105916 0 0.000242528)
(-8.73447e-05 0 0.000272671)
(-6.28305e-05 0 0.000302494)
(-3.15475e-05 0 0.000330839)
(6.23811e-06 0 0.000356683)
(5.07444e-05 0 0.000378854)
(0.000101655 0 0.000396224)
(0.000158708 0 0.000407599)
(0.000221343 0 0.000411815)
(0.000288869 0 0.000407678)
(0.000360319 0 0.000394071)
(0.00043443 0 0.000370012)
(0.000509427 0 0.00033479)
(0.000583219 0 0.000287904)
(0.000653614 0 0.000229227)
(0.000718291 0 0.000158598)
(0.000774388 0 7.5731e-05)
(0.000819934 0 -1.8255e-05)
(0.000853946 0 -0.000119302)
(0.000875111 0 -0.000223527)
(0.000883634 0 -0.000328171)
(0.000879528 0 -0.00043081)
(0.00086489 0 -0.000528664)
(0.000839063 0 -0.000620736)
(0.000807074 0 -0.000704425)
(0.000763614 0 -0.000781988)
(0.000719503 0 -0.000848069)
(0.000659324 0 -0.000912685)
(0.000603742 0 -0.000958694)
(0.00053534 0 -0.001009)
(0.000464974 0 -0.00102369)
(0.000405597 0 -0.00104581)
(0.000321712 0 -0.0010207)
(0.000294707 0 -0.00099187)
(0.000232042 0 -0.000923305)
(0.000287026 0 -0.000851035)
(9.90605e-05 0 -1.6798e-05)
(5.05703e-06 0 -2.15734e-05)
(-8.46526e-06 0 -1.25193e-05)
(-5.35805e-05 0 -1.59392e-05)
(-6.3037e-05 0 4.88538e-07)
(-8.07809e-05 0 5.73196e-06)
(-8.63332e-05 0 2.62989e-05)
(-9.27331e-05 0 4.04694e-05)
(-9.59291e-05 0 6.43571e-05)
(-9.75773e-05 0 8.54046e-05)
(-9.75226e-05 0 0.000111983)
(-9.47943e-05 0 0.000137797)
(-8.96003e-05 0 0.000166385)
(-8.06821e-05 0 0.000194609)
(-6.81561e-05 0 0.000223526)
(-5.07682e-05 0 0.00025146)
(-2.84991e-05 0 0.000278172)
(-6.12871e-07 0 0.00030246)
(3.28868e-05 0 0.000323601)
(7.22887e-05 0 0.000340633)
(0.000117353 0 0.000352698)
(0.000167842 0 0.00035885)
(0.000223242 0 0.000358163)
(0.00028289 0 0.000349685)
(0.000345864 0 0.000332518)
(0.000411135 0 0.000305821)
(0.000477474 0 0.000268957)
(0.000543406 0 0.000221854)
(0.000607261 0 0.000165046)
(0.000667137 0 0.000100163)
(0.000720523 0 2.98466e-05)
(0.000763353 0 -4.38931e-05)
(0.000792985 0 -0.000121678)
(0.000808537 0 -0.000203551)
(0.000810804 0 -0.000288966)
(0.000800527 0 -0.000377144)
(0.000780281 0 -0.00046673)
(0.000750892 0 -0.000556721)
(0.000717257 0 -0.000643461)
(0.000676862 0 -0.000727645)
(0.000638108 0 -0.000800785)
(0.000591867 0 -0.000870071)
(0.00054909 0 -0.000916274)
(0.000499056 0 -0.000963765)
(0.000444574 0 -0.000978593)
(0.000403031 0 -0.000998694)
(0.000341081 0 -0.000983462)
(0.000328897 0 -0.000965511)
(0.000284577 0 -0.000927621)
(0.000334576 0 -0.000878825)
(8.87149e-05 0 3.4068e-05)
(4.03034e-05 0 3.82317e-05)
(3.35273e-05 0 3.93173e-05)
(-1.672e-06 0 4.34688e-05)
(-1.17921e-05 0 5.85301e-05)
(-3.71475e-05 0 6.72386e-05)
(-4.74902e-05 0 8.45483e-05)
(-6.43779e-05 0 9.59919e-05)
(-7.21511e-05 0 0.000112871)
(-8.09828e-05 0 0.000126722)
(-8.38906e-05 0 0.000143755)
(-8.46078e-05 0 0.000159703)
(-8.05626e-05 0 0.000177351)
(-7.25989e-05 0 0.000194517)
(-5.98451e-05 0 0.000212194)
(-4.24206e-05 0 0.000229114)
(-2.03152e-05 0 0.000245183)
(6.53871e-06 0 0.000259482)
(3.79146e-05 0 0.000271462)
(7.37367e-05 0 0.00028023)
(0.000113618 0 0.000285024)
(0.000157177 0 0.000284995)
(0.000203811 0 0.000279388)
(0.000252869 0 0.000267441)
(0.000303524 0 0.000248513)
(0.00035466 0 0.000222066)
(0.000405042 0 0.00018762)
(0.000453387 0 0.000144851)
(0.000498375 0 9.36232e-05)
(0.000538865 0 3.40138e-05)
(0.000573929 0 -3.35262e-05)
(0.000603792 0 -0.00010789)
(0.00062856 0 -0.000186964)
(0.000648049 0 -0.000268584)
(0.000661756 0 -0.000350281)
(0.000668771 0 -0.000430401)
(0.000668903 0 -0.000506748)
(0.000661059 0 -0.000578958)
(0.000646113 0 -0.000644741)
(0.000622546 0 -0.000706202)
(0.000593655 0 -0.000758807)
(0.000556253 0 -0.000809782)
(0.00051672 0 -0.000847563)
(0.000475961 0 -0.000887491)
(0.00043126 0 -0.000907373)
(0.000401769 0 -0.000929936)
(0.000357462 0 -0.000932244)
(0.00035393 0 -0.00093181)
(0.00032393 0 -0.000924788)
(0.000358745 0 -0.000906929)
(3.15345e-05 0 5.63552e-05)
(2.19084e-06 0 6.02509e-05)
(-2.09523e-07 0 5.0195e-05)
(-2.40656e-05 0 5.09268e-05)
(-2.68233e-05 0 5.24453e-05)
(-4.15637e-05 0 5.72536e-05)
(-4.31672e-05 0 6.58138e-05)
(-5.03873e-05 0 7.48914e-05)
(-5.00553e-05 0 8.78071e-05)
(-5.15301e-05 0 0.000100482)
(-4.83531e-05 0 0.000115884)
(-4.47029e-05 0 0.000130934)
(-3.76682e-05 0 0.00014731)
(-2.86778e-05 0 0.000163126)
(-1.64903e-05 0 0.000178824)
(-1.48066e-06 0 0.000193191)
(1.68906e-05 0 0.000206041)
(3.86735e-05 0 0.000216579)
(6.39019e-05 0 0.000224345)
(9.25466e-05 0 0.000228675)
(0.000124429 0 0.000229028)
(0.000159326 0 0.000224831)
(0.000196856 0 0.000215571)
(0.000236526 0 0.000200816)
(0.000277753 0 0.000180135)
(0.000319748 0 0.000153257)
(0.000361599 0 0.000120127)
(0.000402337 0 8.08997e-05)
(0.00044086 0 3.59701e-05)
(0.000476103 0 -1.40679e-05)
(0.00050715 0 -6.85272e-05)
(0.000532552 0 -0.000126558)
(0.000551312 0 -0.000187751)
(0.000563081 0 -0.000251465)
(0.000567849 0 -0.000317256)
(0.000565891 0 -0.000384262)
(0.000557779 0 -0.000451539)
(0.00054441 0 -0.000518243)
(0.000526955 0 -0.000582641)
(0.000506272 0 -0.000644758)
(0.000483124 0 -0.000701164)
(0.000458974 0 -0.00075459)
(0.000432655 0 -0.000797456)
(0.0004094 0 -0.000838599)
(0.000380927 0 -0.000865965)
(0.000365776 0 -0.000892521)
(0.000338238 0 -0.00090785)
(0.000339883 0 -0.000918465)
(0.000321693 0 -0.000930769)
(0.000346408 0 -0.000930483)
(3.89656e-05 0 7.80051e-05)
(2.147e-05 0 8.58278e-05)
(1.93372e-05 0 7.97324e-05)
(1.62388e-06 0 8.3979e-05)
(-2.3222e-06 0 8.66133e-05)
(-1.71503e-05 0 9.26738e-05)
(-2.10584e-05 0 9.98711e-05)
(-3.14212e-05 0 0.000107445)
(-3.37959e-05 0 0.000116612)
(-3.89023e-05 0 0.000125281)
(-3.82492e-05 0 0.000135114)
(-3.75068e-05 0 0.000144269)
(-3.23135e-05 0 0.00015383)
(-2.53642e-05 0 0.000162616)
(-1.47831e-05 0 0.000170951)
(-1.6279e-06 0 0.000178141)
(1.4739e-05 0 0.000183984)
(3.39721e-05 0 0.000187956)
(5.60397e-05 0 0.000189632)
(8.07452e-05 0 0.000188494)
(0.00010784 0 0.000184076)
(0.000136981 0 0.000175889)
(0.000167779 0 0.000163484)
(0.000199705 0 0.000146459)
(0.000232175 0 0.000124487)
(0.000264636 0 9.72976e-05)
(0.00029649 0 6.47328e-05)
(0.000327135 0 2.67378e-05)
(0.000355907 0 -1.65532e-05)
(0.000382101 0 -6.47714e-05)
(0.000405168 0 -0.000117422)
(0.000424919 0 -0.000173911)
(0.00044115 0 -0.000233146)
(0.000453736 0 -0.000294134)
(0.00046251 0 -0.000355706)
(0.000467313 0 -0.000416958)
(0.000467921 0 -0.000476778)
(0.000464416 0 -0.000534519)
(0.000456361 0 -0.000589185)
(0.000444788 0 -0.00064098)
(0.000428929 0 -0.000688399)
(0.000411844 0 -0.000732995)
(0.000390716 0 -0.000771943)
(0.000373234 0 -0.00080869)
(0.000350372 0 -0.000838999)
(0.00033899 0 -0.000866772)
(0.000318488 0 -0.000890904)
(0.000319318 0 -0.000909092)
(0.000306258 0 -0.000933264)
(0.000321416 0 -0.000945469)
(7.32579e-06 0 8.3356e-05)
(-3.00744e-06 0 8.94102e-05)
(-3.1427e-06 0 8.01122e-05)
(-1.37437e-05 0 8.23609e-05)
(-1.37631e-05 0 7.98259e-05)
(-2.16844e-05 0 8.38682e-05)
(-2.09986e-05 0 8.64616e-05)
(-2.52696e-05 0 9.23448e-05)
(-2.32857e-05 0 9.8351e-05)
(-2.37605e-05 0 0.000105722)
(-1.98508e-05 0 0.000113587)
(-1.66072e-05 0 0.000121684)
(-1.01277e-05 0 0.000129854)
(-2.97735e-06 0 0.000137422)
(6.81554e-06 0 0.000144287)
(1.80858e-05 0 0.000149867)
(3.16277e-05 0 0.000153852)
(4.71565e-05 0 0.000155807)
(6.47177e-05 0 0.000155354)
(8.422e-05 0 0.000152088)
(0.000105527 0 0.000145659)
(0.000128443 0 0.000135722)
(0.000152715 0 0.000122003)
(0.000178035 0 0.000104254)
(0.000204015 0 8.23372e-05)
(0.000230122 0 5.61553e-05)
(0.000255764 0 2.57797e-05)
(0.000280413 0 -8.69797e-06)
(0.0003036 0 -4.71028e-05)
(0.000324804 0 -8.91517e-05)
(0.000343447 0 -0.000134403)
(0.000358973 0 -0.000182382)
(0.000370986 0 -0.000232643)
(0.000379253 0 -0.000284684)
(0.000383626 0 -0.000338035)
(0.000384296 0 -0.000392165)
(0.000381446 0 -0.000446494)
(0.0003758 0 -0.000500449)
(0.000367255 0 -0.000553291)
(0.000357438 0 -0.000604436)
(0.000345079 0 -0.000653029)
(0.000333647 0 -0.00069887)
(0.000319079 0 -0.000741051)
(0.000308819 0 -0.000779909)
(0.000293763 0 -0.000815299)
(0.000287944 0 -0.000846529)
(0.00027469 0 -0.000877324)
(0.000276159 0 -0.000901484)
(0.000267815 0 -0.00093258)
(0.000276864 0 -0.000953015)
(1.40836e-05 0 9.2956e-05)
(8.9806e-06 0 0.000100885)
(8.5558e-06 0 9.56794e-05)
(1.1686e-06 0 9.98339e-05)
(-4.9368e-08 0 9.90374e-05)
(-7.21513e-06 0 0.000103647)
(-8.34333e-06 0 0.000105957)
(-1.35977e-05 0 0.000110906)
(-1.37375e-05 0 0.000114903)
(-1.60593e-05 0 0.000119885)
(-1.43156e-05 0 0.000124372)
(-1.31178e-05 0 0.000128885)
(-8.71906e-06 0 0.000132853)
(-3.72661e-06 0 0.000136218)
(3.87284e-06 0 0.0001386)
(1.27085e-05 0 0.000139821)
(2.36391e-05 0 0.000139534)
(3.62158e-05 0 0.000137437)
(5.04538e-05 0 0.000133221)
(6.61975e-05 0 0.000126565)
(8.32867e-05 0 0.00011717)
(0.000101494 0 0.000104746)
(0.000120574 0 8.90406e-05)
(0.000140204 0 6.98293e-05)
(0.000160025 0 4.69463e-05)
(0.000179798 0 2.02597e-05)
(0.00019921 0 -1.02413e-05)
(0.000217812 0 -4.44407e-05)
(0.000235228 0 -8.21592e-05)
(0.000251153 0 -0.000123168)
(0.000265324 0 -0.000167127)
(0.000277557 0 -0.000213607)
(0.000287693 0 -0.000262058)
(0.000295641 0 -0.000311903)
(0.00030128 0 -0.000362505)
(0.000304616 0 -0.000413221)
(0.000305492 0 -0.000463468)
(0.000304225 0 -0.000512725)
(0.000300387 0 -0.000560602)
(0.000295193 0 -0.000606662)
(0.000287285 0 -0.000650862)
(0.000279828 0 -0.00069266)
(0.000269158 0 -0.000732634)
(0.00026189 0 -0.000769573)
(0.000250429 0 -0.000805653)
(0.000245989 0 -0.000837523)
(0.000236016 0 -0.000871351)
(0.000236318 0 -0.000898598)
(0.000230149 0 -0.000933163)
(0.00023515 0 -0.000958523)
(-2.94783e-06 0 9.1846e-05)
(-5.414e-06 0 9.80652e-05)
(-4.93456e-06 0 9.27606e-05)
(-8.72505e-06 0 9.55037e-05)
(-8.03783e-06 0 9.30786e-05)
(-1.13179e-05 0 9.63716e-05)
(-1.01087e-05 0 9.67251e-05)
(-1.18544e-05 0 0.000100573)
(-9.81541e-06 0 0.000102885)
(-9.55473e-06 0 0.000106977)
(-6.34704e-06 0 0.00011019)
(-3.88199e-06 0 0.000113918)
(8.77466e-07 0 0.000116847)
(5.64862e-06 0 0.000119362)
(1.22246e-05 0 0.000120755)
(1.94916e-05 0 0.000121002)
(2.80563e-05 0 0.000119677)
(3.76908e-05 0 0.000116529)
(4.84122e-05 0 0.000111271)
(6.01452e-05 0 0.000103641)
(7.28003e-05 0 9.33979e-05)
(8.62503e-05 0 8.03275e-05)
(0.000100341 0 6.42626e-05)
(0.000114894 0 4.50603e-05)
(0.000129661 0 2.2669e-05)
(0.00014434 0 -2.903e-06)
(0.000158712 0 -3.16708e-05)
(0.000172533 0 -6.35554e-05)
(0.000185506 0 -9.83966e-05)
(0.000197348 0 -0.000135953)
(0.000207784 0 -0.000175955)
(0.000216574 0 -0.000218081)
(0.000223538 0 -0.000261995)
(0.000228581 0 -0.000307328)
(0.000231651 0 -0.00035371)
(0.000232853 0 -0.00040073)
(0.00023219 0 -0.000448009)
(0.000230095 0 -0.000495085)
(0.000226343 0 -0.000541663)
(0.000222042 0 -0.00058715)
(0.000216071 0 -0.000631592)
(0.000210985 0 -0.000674051)
(0.000203691 0 -0.000715484)
(0.000199297 0 -0.000753961)
(0.000191813 0 -0.000792458)
(0.000189413 0 -0.000826684)
(0.000183038 0 -0.000863455)
(0.000183368 0 -0.000893976)
(0.000179471 0 -0.000931172)
(0.000181996 0 -0.000960589)
(6.16265e-06 0 9.59909e-05)
(4.48322e-06 0 0.000103056)
(4.49033e-06 0 0.000100022)
(1.6327e-06 0 0.000103651)
(1.26386e-06 0 0.000102332)
(-1.75157e-06 0 0.000105865)
(-2.03726e-06 0 0.000106194)
(-4.36088e-06 0 0.000109511)
(-4.13239e-06 0 0.000110837)
(-5.10457e-06 0 0.000113654)
(-3.90675e-06 0 0.000115149)
(-3.13638e-06 0 0.000117016)
(-5.5629e-07 0 0.00011777)
(2.13093e-06 0 0.000118055)
(6.32907e-06 0 0.000117138)
(1.10894e-05 0 0.000115049)
(1.6926e-05 0 0.000111451)
(2.3604e-05 0 0.000106135)
(3.11196e-05 0 9.88595e-05)
(3.93861e-05 0 8.94041e-05)
(4.83159e-05 0 7.75567e-05)
(5.77907e-05 0 6.31337e-05)
(6.76729e-05 0 4.5974e-05)
(7.78138e-05 0 2.59601e-05)
(8.80808e-05 0 2.99304e-06)
(9.82901e-05 0 -2.29628e-05)
(0.000108233 0 -5.18364e-05)
(0.000117725 0 -8.35642e-05)
(0.000126634 0 -0.00011799)
(0.000134819 0 -0.000154935)
(0.000142136 0 -0.000194132)
(0.0001485 0 -0.000235279)
(0.000153825 0 -0.000278017)
(0.000158069 0 -0.000321963)
(0.000161176 0 -0.000366719)
(0.000163167 0 -0.000411875)
(0.000163959 0 -0.00045707)
(0.000163747 0 -0.000501901)
(0.000162295 0 -0.000546183)
(0.000160305 0 -0.000589427)
(0.000156937 0 -0.000631874)
(0.000154001 0 -0.000672619)
(0.000149294 0 -0.000712881)
(0.000146445 0 -0.000750575)
(0.000141337 0 -0.00078893)
(0.000139512 0 -0.000823473)
(0.000135059 0 -0.000860807)
(0.000134721 0 -0.000892634)
(0.00013193 0 -0.000930249)
(0.000132605 0 -0.000961707)
(-4.0068e-06 0 9.51292e-05)
(-4.6238e-06 0 0.00010113)
(-4.25878e-06 0 9.80254e-05)
(-5.25975e-06 0 0.00010093)
(-4.7029e-06 0 9.91222e-05)
(-5.52314e-06 0 0.00010204)
(-4.63426e-06 0 0.000101649)
(-4.8879e-06 0 0.000104445)
(-3.5972e-06 0 0.000105059)
(-3.08443e-06 0 0.000107427)
(-1.30104e-06 0 0.00010831)
(5.27167e-08 0 0.000109755)
(2.43948e-06 0 0.000109989)
(4.70338e-06 0 0.000109828)
(7.71817e-06 0 0.000108437)
(1.0964e-05 0 0.000105876)
(1.46877e-05 0 0.000101803)
(1.88047e-05 0 9.60215e-05)
(2.33169e-05 0 8.83051e-05)
(2.81921e-05 0 7.84553e-05)
(3.33956e-05 0 6.62875e-05)
(3.8877e-05 0 5.16486e-05)
(4.45804e-05 0 3.44141e-05)
(5.04224e-05 0 1.44994e-05)
(5.62761e-05 0 -8.14312e-06)
(6.20943e-05 0 -3.35168e-05)
(6.78089e-05 0 -6.16043e-05)
(7.33016e-05 0 -9.22988e-05)
(7.84471e-05 0 -0.000125466)
(8.31289e-05 0 -0.000160926)
(8.72613e-05 0 -0.000198445)
(9.0737e-05 0 -0.000237777)
(9.34992e-05 0 -0.000278645)
(9.55118e-05 0 -0.000320745)
(9.67629e-05 0 -0.000363766)
(9.73002e-05 0 -0.000407365)
(9.71162e-05 0 -0.000451237)
(9.63859e-05 0 -0.000495041)
(9.50104e-05 0 -0.000538624)
(9.34603e-05 0 -0.000581505)
(9.12362e-05 0 -0.000623889)
(8.94318e-05 0 -0.00066485)
(8.67068e-05 0 -0.000705581)
(8.51843e-05 0 -0.000743971)
(8.2415e-05 0 -0.000783161)
(8.15659e-05 0 -0.000818807)
(7.9241e-05 0 -0.000857065)
(7.91881e-05 0 -0.00089034)
(7.77987e-05 0 -0.000928541)
(7.82193e-05 0 -0.000961697)
(5.88778e-06 0 9.6314e-05)
(5.31593e-06 0 0.000102635)
(5.07758e-06 0 0.000100281)
(4.12995e-06 0 0.000103399)
(3.64298e-06 0 0.000101949)
(2.60991e-06 0 0.000104785)
(2.05059e-06 0 0.000104416)
(1.14084e-06 0 0.000106935)
(6.6565e-07 0 0.000107262)
(4.03534e-08 0 0.00010918)
(-1.85919e-07 0 0.000109531)
(-4.20448e-07 0 0.000110375)
(-2.70973e-07 0 0.000109949)
(-4.16216e-08 0 0.00010908)
(5.42995e-07 0 0.000106978)
(1.27896e-06 0 0.0001037)
(2.28352e-06 0 9.89326e-05)
(3.49292e-06 0 9.24933e-05)
(4.90075e-06 0 8.41712e-05)
(6.48513e-06 0 7.37787e-05)
(8.21845e-06 0 6.11404e-05)
(1.00727e-05 0 4.61104e-05)
(1.20144e-05 0 2.85668e-05)
(1.40086e-05 0 8.42834e-06)
(1.60668e-05 0 -1.4351e-05)
(1.80943e-05 0 -3.97748e-05)
(2.00541e-05 0 -6.77991e-05)
(2.19271e-05 0 -9.83512e-05)
(2.36841e-05 0 -0.000131308)
(2.53078e-05 0 -0.00016648)
(2.67782e-05 0 -0.000203655)
(2.80822e-05 0 -0.000242584)
(2.92098e-05 0 -0.000282992)
(3.01485e-05 0 -0.00032458)
(3.08873e-05 0 -0.000367044)
(3.1425e-05 0 -0.000410046)
(3.17398e-05 0 -0.000453299)
(3.18688e-05 0 -0.000496472)
(3.17473e-05 0 -0.00053944)
(3.15152e-05 0 -0.000581739)
(3.09831e-05 0 -0.000623611)
(3.05139e-05 0 -0.000664148)
(2.96563e-05 0 -0.000704579)
(2.91327e-05 0 -0.000742809)
(2.81362e-05 0 -0.000781946)
(2.77369e-05 0 -0.000817736)
(2.68292e-05 0 -0.000856103)
(2.6665e-05 0 -0.000889813)
(2.60838e-05 0 -0.000928153)
(2.61708e-05 0 -0.000961893)
)
;

boundaryField
{
    inlet_water
    {
        type            zeroGradient;
    }
    inlet_air
    {
        type            zeroGradient;
    }
    outlet_water
    {
        type            zeroGradient;
    }
    outlet_air
    {
        type            zeroGradient;
    }
    lowerWall
    {
        type            fixedValue;
        value           uniform (0 0 0);
    }
    atmosphere
    {
        type            pressureInletOutletVelocity;
        value           nonuniform List<vector> 
50
(
(5.88778e-06 0 9.6314e-05)
(5.31593e-06 0 0.000102635)
(5.07758e-06 0 0.000100281)
(4.12995e-06 0 0.000103399)
(3.64298e-06 0 0.000101949)
(2.60991e-06 0 0.000104785)
(2.05059e-06 0 0.000104416)
(1.14084e-06 0 0.000106935)
(6.6565e-07 0 0.000107262)
(4.03534e-08 0 0.00010918)
(-1.85919e-07 0 0.000109531)
(-4.20448e-07 0 0.000110375)
(-2.70973e-07 0 0.000109949)
(-4.16216e-08 0 0.00010908)
(5.42995e-07 0 0.000106978)
(1.27896e-06 0 0.0001037)
(2.28352e-06 0 9.89326e-05)
(3.49292e-06 0 9.24933e-05)
(4.90075e-06 0 8.41712e-05)
(6.48513e-06 0 7.37787e-05)
(8.21845e-06 0 6.11404e-05)
(1.00727e-05 0 4.61104e-05)
(1.20144e-05 0 2.85668e-05)
(1.40086e-05 0 8.42834e-06)
(0 0 -1.4351e-05)
(0 0 -3.97748e-05)
(0 0 -6.77991e-05)
(0 0 -9.83512e-05)
(0 0 -0.000131308)
(0 0 -0.00016648)
(0 0 -0.000203655)
(0 0 -0.000242584)
(0 0 -0.000282992)
(0 0 -0.00032458)
(0 0 -0.000367044)
(0 0 -0.000410046)
(0 0 -0.000453299)
(0 0 -0.000496472)
(0 0 -0.00053944)
(0 0 -0.000581739)
(0 0 -0.000623611)
(0 0 -0.000664148)
(0 0 -0.000704579)
(0 0 -0.000742809)
(0 0 -0.000781946)
(0 0 -0.000817736)
(0 0 -0.000856103)
(0 0 -0.000889813)
(0 0 -0.000928153)
(0 0 -0.000961893)
)
;
    }
    defaultFaces
    {
        type            empty;
    }
}


// ************************************************************************* //
