/*--------------------------------*- C++ -*----------------------------------*\
  =========                 |
  \\      /  F ield         | OpenFOAM: The Open Source CFD Toolbox
   \\    /   O peration     | Website:  https://openfoam.org
    \\  /    A nd           | Version:  8
     \\/     M anipulation  |
\*---------------------------------------------------------------------------*/
FoamFile
{
    version     2.0;
    format      ascii;
    class       volScalarField;
    location    "156";
    object      nu1;
}
// * * * * * * * * * * * * * * * * * * * * * * * * * * * * * * * * * * * * * //

dimensions      [0 2 -1 0 0 0 0];

internalField   nonuniform List<scalar> 
11000
(
0.00525428
0.00527873
0.00528035
0.00529506
0.00529748
0.00530194
0.00529976
0.00529638
0.00528948
0.00528135
0.00527169
0.00526154
0.00525106
0.00524073
0.00523071
0.00522117
0.0052122
0.00520385
0.00519611
0.005189
0.00518248
0.00517653
0.00517111
0.00516617
0.00516169
0.00515762
0.00515393
0.0051506
0.00514759
0.00514487
0.00514243
0.00514023
0.00513827
0.00513651
0.00513494
0.00513355
0.00513232
0.00513124
0.00513029
0.00512946
0.00512875
0.00512813
0.00512761
0.00512718
0.00512682
0.00512654
0.00512632
0.00512617
0.00512608
0.00512605
0.00512608
0.00512617
0.00512631
0.00512652
0.00512679
0.00512713
0.00512754
0.00512802
0.00512859
0.00512925
0.00513
0.00513086
0.00513184
0.00513294
0.00513418
0.00513558
0.00513715
0.0051389
0.00514086
0.00514304
0.00514546
0.00514815
0.00515112
0.00515442
0.00515807
0.0051621
0.00516654
0.00517144
0.00517682
0.00518274
0.00518923
0.00519631
0.00520402
0.00521237
0.00522133
0.00523087
0.00524091
0.00525126
0.00526176
0.00527193
0.00528162
0.00528976
0.00529666
0.00530003
0.00530221
0.00529773
0.00529533
0.0052806
0.00527902
0.00525455
0.00840159
0.00842233
0.00843526
0.00844353
0.00845165
0.00845702
0.00846196
0.00846536
0.00846813
0.00847001
0.00847138
0.00847227
0.00847285
0.00847319
0.00847337
0.00847344
0.00847345
0.00847342
0.00847339
0.00847336
0.00847336
0.00847338
0.00847343
0.0084735
0.00847359
0.0084737
0.00847382
0.00847395
0.00847409
0.00847423
0.00847437
0.0084745
0.00847463
0.00847475
0.00847486
0.00847496
0.00847505
0.00847512
0.00847519
0.00847525
0.0084753
0.00847534
0.00847537
0.0084754
0.00847542
0.00847543
0.00847544
0.00847544
0.00847544
0.00847544
0.00847543
0.00847542
0.0084754
0.00847537
0.00847535
0.00847531
0.00847528
0.00847523
0.00847518
0.00847512
0.00847506
0.00847499
0.00847491
0.00847482
0.00847473
0.00847462
0.00847452
0.0084744
0.00847428
0.00847416
0.00847403
0.00847391
0.00847379
0.00847368
0.00847357
0.00847349
0.00847342
0.00847338
0.00847336
0.00847337
0.0084734
0.00847345
0.0084735
0.00847355
0.00847355
0.00847348
0.0084733
0.00847296
0.00847236
0.00847147
0.00847008
0.00846819
0.00846541
0.00846201
0.00845705
0.00845168
0.00844353
0.00843524
0.00842229
0.00840149
0.0154504
0.0154048
0.0154224
0.0153946
0.015405
0.0154046
0.0154244
0.0154455
0.0154768
0.0155108
0.0155491
0.0155884
0.0156285
0.0156679
0.0157063
0.0157428
0.0157775
0.0158099
0.01584
0.0158678
0.0158935
0.0159171
0.0159387
0.0159585
0.0159765
0.015993
0.0160079
0.0160215
0.0160338
0.016045
0.016055
0.0160641
0.0160722
0.0160795
0.016086
0.0160918
0.0160969
0.0161014
0.0161053
0.0161087
0.0161117
0.0161142
0.0161164
0.0161182
0.0161197
0.0161208
0.0161217
0.0161223
0.0161227
0.0161228
0.0161227
0.0161223
0.0161217
0.0161208
0.0161197
0.0161182
0.0161165
0.0161145
0.0161121
0.0161094
0.0161063
0.0161027
0.0160986
0.016094
0.0160889
0.0160831
0.0160766
0.0160694
0.0160613
0.0160523
0.0160424
0.0160314
0.0160192
0.0160058
0.015991
0.0159748
0.0159569
0.0159374
0.015916
0.0158925
0.015867
0.0158393
0.0158093
0.0157769
0.0157424
0.0157057
0.0156674
0.0156279
0.0155877
0.0155483
0.0155099
0.0154759
0.0154445
0.0154235
0.0154036
0.0154041
0.0153936
0.0154215
0.0154037
0.0154492
0.0329571
0.0325684
0.0325285
0.0323541
0.0323366
0.0322986
0.0323448
0.0324084
0.0325185
0.0326469
0.0327979
0.0329578
0.0331245
0.0332913
0.0334558
0.0336147
0.0337667
0.0339104
0.0340449
0.0341698
0.034285
0.0343908
0.0344876
0.034576
0.0346565
0.0347297
0.034796
0.0348561
0.0349104
0.0349594
0.0350036
0.0350432
0.0350787
0.0351104
0.0351387
0.0351637
0.0351859
0.0352055
0.0352226
0.0352376
0.0352505
0.0352616
0.035271
0.0352788
0.0352853
0.0352904
0.0352943
0.035297
0.0352986
0.0352992
0.0352987
0.0352971
0.0352945
0.0352908
0.035286
0.0352799
0.0352726
0.0352639
0.0352537
0.035242
0.0352284
0.035213
0.0351954
0.0351755
0.0351531
0.0351279
0.0350997
0.0350681
0.0350328
0.0349935
0.0349498
0.0349013
0.0348475
0.034788
0.0347222
0.0346497
0.0345698
0.0344821
0.0343858
0.0342805
0.0341658
0.0340413
0.033907
0.0337635
0.0336115
0.0334525
0.0332878
0.0331207
0.0329537
0.0327936
0.0326425
0.0325139
0.0324039
0.0323405
0.0322944
0.0323327
0.03235
0.0325246
0.0325642
0.0329532
0.0777424
0.0760745
0.0757163
0.0750556
0.0748789
0.0746833
0.0747473
0.0748868
0.0751795
0.0755451
0.0759919
0.0764785
0.0769949
0.0775184
0.0780392
0.0785462
0.079034
0.0794983
0.0799376
0.0803479
0.080727
0.0810751
0.0813935
0.0816838
0.0819477
0.082187
0.0824036
0.0825993
0.0827758
0.0829346
0.0830773
0.0832052
0.0833196
0.0834217
0.0835125
0.0835932
0.0836644
0.0837272
0.0837823
0.0838302
0.0838718
0.0839074
0.0839377
0.0839631
0.0839839
0.0840005
0.0840131
0.0840221
0.0840275
0.0840294
0.084028
0.0840231
0.0840149
0.0840032
0.0839879
0.0839687
0.0839455
0.0839178
0.0838854
0.0838479
0.0838047
0.0837553
0.0836992
0.0836356
0.0835637
0.0834828
0.083392
0.0832901
0.0831762
0.0830491
0.0829074
0.0827498
0.0825746
0.0823803
0.0821652
0.0819274
0.081665
0.0813762
0.081059
0.080712
0.0803338
0.0799242
0.0794854
0.0790214
0.0785336
0.0780265
0.0775052
0.0769812
0.0764644
0.0759775
0.0755305
0.0751649
0.0748724
0.0747334
0.0746696
0.074866
0.0750427
0.0757043
0.0760624
0.0777329
0.183591
0.178666
0.177335
0.175488
0.17478
0.174091
0.174025
0.174184
0.174741
0.175519
0.17653
0.177672
0.178911
0.180184
0.181458
0.182698
0.183885
0.18501
0.186077
0.187081
0.188009
0.188859
0.189636
0.190343
0.190985
0.191565
0.19209
0.192562
0.192987
0.193368
0.19371
0.194016
0.194289
0.194533
0.194749
0.194941
0.195111
0.19526
0.195391
0.195505
0.195604
0.195689
0.195761
0.195822
0.195871
0.195911
0.195941
0.195963
0.195976
0.195981
0.195978
0.195967
0.195948
0.195921
0.195885
0.19584
0.195785
0.19572
0.195643
0.195555
0.195453
0.195336
0.195203
0.195052
0.194881
0.194689
0.194472
0.194229
0.193957
0.193652
0.193312
0.192932
0.19251
0.19204
0.191518
0.19094
0.190301
0.189596
0.188821
0.187971
0.187045
0.186041
0.184975
0.18385
0.182662
0.181422
0.180148
0.178874
0.177635
0.176493
0.175483
0.174706
0.174149
0.173991
0.174057
0.174747
0.175457
0.177307
0.178641
0.183575
0.37846
0.370151
0.367245
0.36382
0.362085
0.360424
0.35977
0.359561
0.360086
0.361086
0.362575
0.364376
0.366406
0.368537
0.370684
0.372765
0.374725
0.376522
0.378127
0.379573
0.380902
0.382117
0.383224
0.384229
0.385138
0.385959
0.386698
0.387362
0.387958
0.388492
0.388969
0.389396
0.389776
0.390114
0.390414
0.39068
0.390915
0.391122
0.391303
0.391462
0.391599
0.391717
0.391817
0.391901
0.39197
0.392026
0.392068
0.392099
0.392117
0.392125
0.392121
0.392106
0.39208
0.392043
0.391994
0.391932
0.391857
0.391768
0.391662
0.39154
0.3914
0.391239
0.391055
0.390846
0.39061
0.390343
0.390043
0.389704
0.389325
0.3889
0.388423
0.387891
0.387297
0.386635
0.385898
0.385079
0.384172
0.383168
0.382062
0.380848
0.379519
0.378072
0.376463
0.374661
0.372699
0.370616
0.368468
0.366339
0.364311
0.362513
0.361027
0.360028
0.359503
0.359712
0.360365
0.362028
0.363768
0.367202
0.370118
0.378446
0.58333
0.58159
0.578341
0.575093
0.572885
0.570731
0.569374
0.568477
0.568323
0.568738
0.569735
0.571143
0.57286
0.574737
0.576665
0.578537
0.580269
0.581783
0.582916
0.58333
0.58333
0.58333
0.58333
0.58333
0.58333
0.58333
0.58333
0.58333
0.58333
0.58333
0.58333
0.58333
0.58333
0.58333
0.58333
0.58333
0.58333
0.58333
0.58333
0.58333
0.58333
0.58333
0.58333
0.58333
0.58333
0.58333
0.58333
0.58333
0.58333
0.58333
0.58333
0.58333
0.58333
0.58333
0.58333
0.58333
0.58333
0.58333
0.58333
0.58333
0.58333
0.58333
0.58333
0.58333
0.58333
0.58333
0.58333
0.58333
0.58333
0.58333
0.58333
0.58333
0.58333
0.58333
0.58333
0.58333
0.58333
0.58333
0.58333
0.58333
0.58333
0.582882
0.581729
0.580207
0.578469
0.576595
0.574667
0.572793
0.571081
0.569678
0.568685
0.568272
0.568426
0.569321
0.570677
0.572833
0.575049
0.578307
0.581571
0.58333
0.58333
0.58333
0.58333
0.58333
0.58333
0.58333
0.58333
0.58333
0.58333
0.58333
0.58333
0.58333
0.58333
0.58333
0.58333
0.58333
0.58333
0.58333
0.58333
0.58333
0.58333
0.58333
0.58333
0.58333
0.58333
0.58333
0.58333
0.58333
0.58333
0.58333
0.58333
0.58333
0.58333
0.58333
0.58333
0.58333
0.58333
0.58333
0.58333
0.58333
0.58333
0.58333
0.58333
0.58333
0.58333
0.58333
0.58333
0.58333
0.58333
0.58333
0.58333
0.58333
0.58333
0.58333
0.58333
0.58333
0.58333
0.58333
0.58333
0.58333
0.58333
0.58333
0.58333
0.58333
0.58333
0.58333
0.58333
0.58333
0.58333
0.58333
0.58333
0.58333
0.58333
0.58333
0.58333
0.58333
0.58333
0.58333
0.58333
0.58333
0.58333
0.58333
0.58333
0.58333
0.58333
0.58333
0.58333
0.58333
0.58333
0.58333
0.58333
0.58333
0.58333
0.58333
0.58333
0.58333
0.58333
0.58333
0.58333
0.58333
0.58333
0.58333
0.58333
0.58333
0.58333
0.58333
0.58333
0.58333
0.58333
0.58333
0.58333
0.58333
0.58333
0.58333
0.58333
0.58333
0.58333
0.58333
0.58333
0.58333
0.58333
0.58333
0.58333
0.58333
0.58333
0.58333
0.58333
0.58333
0.58333
0.58333
0.58333
0.58333
0.58333
0.58333
0.58333
0.58333
0.58333
0.58333
0.58333
0.58333
0.58333
0.58333
0.58333
0.58333
0.58333
0.58333
0.58333
0.58333
0.58333
0.58333
0.58333
0.58333
0.58333
0.58333
0.58333
0.58333
0.58333
0.58333
0.58333
0.58333
0.58333
0.58333
0.58333
0.58333
0.58333
0.58333
0.58333
0.58333
0.58333
0.58333
0.58333
0.58333
0.58333
0.58333
0.58333
0.58333
0.58333
0.58333
0.58333
0.58333
0.58333
0.58333
0.58333
0.58333
0.58333
0.58333
0.58333
0.58333
0.58333
0.58333
0.58333
0.58333
0.58333
0.58333
0.58333
0.58333
0.58333
0.58333
0.58333
0.58333
0.58333
0.58333
0.58333
0.58333
0.58333
0.58333
0.58333
0.58333
0.58333
0.58333
0.58333
0.58333
0.58333
0.58333
0.58333
0.58333
0.58333
0.58333
0.58333
0.58333
0.58333
0.58333
0.58333
0.58333
0.58333
0.58333
0.58333
0.58333
0.58333
0.58333
0.58333
0.58333
0.58333
0.58333
0.58333
0.58333
0.58333
0.58333
0.58333
0.58333
0.58333
0.58333
0.58333
0.58333
0.58333
0.58333
0.58333
0.58333
0.58333
0.58333
0.58333
0.58333
0.58333
0.58333
0.58333
0.58333
0.58333
0.58333
0.58333
0.58333
0.58333
0.58333
0.58333
0.58333
0.58333
0.58333
0.58333
0.58333
0.58333
0.58333
0.58333
0.58333
0.58333
0.58333
0.58333
0.58333
0.58333
0.58333
0.58333
0.58333
0.58333
0.58333
0.58333
0.58333
0.58333
0.58333
0.58333
0.58333
0.58333
0.58333
0.58333
0.58333
0.58333
0.58333
0.58333
0.58333
0.58333
0.58333
0.58333
0.58333
0.58333
0.58333
0.58333
0.58333
0.58333
0.58333
0.58333
0.58333
0.58333
0.58333
0.58333
0.58333
0.58333
0.58333
0.58333
0.58333
0.58333
0.58333
0.58333
0.58333
0.58333
0.58333
0.58333
0.58333
0.58333
0.58333
0.58333
0.58333
0.58333
0.58333
0.58333
0.58333
0.58333
0.58333
0.58333
0.58333
0.58333
0.58333
0.58333
0.58333
0.58333
0.58333
0.58333
0.58333
0.58333
0.58333
0.58333
0.58333
0.58333
0.58333
0.58333
0.58333
0.58333
0.58333
0.58333
0.58333
0.58333
0.58333
0.58333
0.58333
0.58333
0.58333
0.58333
0.58333
0.58333
0.58333
0.58333
0.58333
0.58333
0.58333
0.58333
0.58333
0.58333
0.58333
0.58333
0.58333
0.58333
0.58333
0.58333
0.58333
0.58333
0.58333
0.58333
0.58333
0.58333
0.58333
0.58333
0.58333
0.58333
0.58333
0.58333
0.58333
0.58333
0.58333
0.58333
0.58333
0.58333
0.58333
0.58333
0.58333
0.58333
0.58333
0.58333
0.58333
0.58333
0.58333
0.58333
0.58333
0.58333
0.58333
0.58333
0.58333
0.58333
0.58333
0.58333
0.58333
0.58333
0.58333
0.58333
0.58333
0.58333
0.58333
0.58333
0.58333
0.58333
0.58333
0.58333
0.58333
0.58333
0.58333
0.58333
0.58333
0.58333
0.58333
0.58333
0.58333
0.58333
0.58333
0.58333
0.58333
0.58333
0.58333
0.58333
0.58333
0.58333
0.58333
0.58333
0.58333
0.58333
0.58333
0.58333
0.58333
0.58333
0.58333
0.58333
0.58333
0.58333
0.58333
0.58333
0.58333
0.58333
0.58333
0.58333
0.58333
0.58333
0.58333
0.58333
0.58333
0.58333
0.58333
0.58333
0.58333
0.58333
0.58333
0.58333
0.58333
0.58333
0.58333
0.58333
0.58333
0.58333
0.58333
0.58333
0.58333
0.58333
0.58333
0.58333
0.58333
0.58333
0.58333
0.58333
0.58333
0.58333
0.58333
0.58333
0.58333
0.58333
0.58333
0.58333
0.58333
0.58333
0.58333
0.58333
0.58333
0.58333
0.58333
0.58333
0.58333
0.58333
0.58333
0.58333
0.58333
0.58333
0.58333
0.58333
0.58333
0.58333
0.58333
0.58333
0.58333
0.58333
0.58333
0.58333
0.58333
0.58333
0.58333
0.58333
0.58333
0.58333
0.58333
0.58333
0.58333
0.58333
0.58333
0.58333
0.58333
0.58333
0.58333
0.58333
0.58333
0.58333
0.58333
0.58333
0.58333
0.58333
0.58333
0.58333
0.58333
0.58333
0.58333
0.58333
0.58333
0.58333
0.58333
0.58333
0.58333
0.58333
0.58333
0.58333
0.58333
0.58333
0.58333
0.58333
0.58333
0.58333
0.58333
0.58333
0.58333
0.58333
0.58333
0.58333
0.58333
0.58333
0.58333
0.58333
0.58333
0.58333
0.58333
0.58333
0.58333
0.58333
0.58333
0.58333
0.58333
0.58333
0.58333
0.58333
0.58333
0.58333
0.58333
0.58333
0.58333
0.58333
0.58333
0.58333
0.58333
0.58333
0.58333
0.58333
0.58333
0.58333
0.58333
0.58333
0.58333
0.58333
0.58333
0.58333
0.58333
0.58333
0.58333
0.58333
0.58333
0.58333
0.58333
0.58333
0.58333
0.58333
0.58333
0.58333
0.58333
0.58333
0.58333
0.58333
0.58333
0.58333
0.58333
0.58333
0.58333
0.58333
0.58333
0.58333
0.58333
0.58333
0.58333
0.58333
0.58333
0.58333
0.58333
0.58333
0.58333
0.58333
0.58333
0.58333
0.58333
0.58333
0.58333
0.58333
0.58333
0.58333
0.58333
0.58333
0.58333
0.58333
0.58333
0.58333
0.58333
0.58333
0.58333
0.58333
0.58333
0.58333
0.58333
0.58333
0.58333
0.58333
0.58333
0.58333
0.58333
0.58333
0.58333
0.58333
0.58333
0.58333
0.58333
0.58333
0.58333
0.58333
0.58333
0.58333
0.58333
0.58333
0.58333
0.58333
0.58333
0.58333
0.58333
0.58333
0.58333
0.58333
0.58333
0.58333
0.58333
0.58333
0.58333
0.58333
0.58333
0.58333
0.58333
0.58333
0.58333
0.58333
0.58333
0.58333
0.58333
0.58333
0.58333
0.58333
0.58333
0.58333
0.58333
0.58333
0.58333
0.58333
0.58333
0.58333
0.58333
0.58333
0.58333
0.58333
0.58333
0.58333
0.58333
0.58333
0.58333
0.58333
0.58333
0.58333
0.58333
0.58333
0.58333
0.58333
0.58333
0.58333
0.58333
0.58333
0.58333
0.58333
0.58333
0.58333
0.58333
0.58333
0.58333
0.58333
0.58333
0.58333
0.58333
0.58333
0.58333
0.58333
0.58333
0.58333
0.58333
0.58333
0.58333
0.58333
0.58333
0.58333
0.58333
0.58333
0.58333
0.58333
0.58333
0.58333
0.58333
0.58333
0.58333
0.58333
0.58333
0.58333
0.58333
0.58333
0.58333
0.58333
0.58333
0.58333
0.58333
0.58333
0.58333
0.58333
0.58333
0.58333
0.58333
0.58333
0.58333
0.58333
0.58333
0.58333
0.58333
0.58333
0.58333
0.58333
0.58333
0.58333
0.58333
0.58333
0.58333
0.58333
0.58333
0.58333
0.58333
0.58333
0.58333
0.58333
0.58333
0.58333
0.58333
0.58333
0.58333
0.58333
0.58333
0.58333
0.58333
0.58333
0.58333
0.58333
0.58333
0.58333
0.58333
0.58333
0.58333
0.58333
0.58333
0.58333
0.58333
0.58333
0.58333
0.58333
0.58333
0.58333
0.58333
0.58333
0.58333
0.58333
0.58333
0.58333
0.58333
0.58333
0.58333
0.58333
0.58333
0.58333
0.58333
0.58333
0.58333
0.58333
0.58333
0.58333
0.58333
0.58333
0.58333
0.58333
0.58333
0.58333
0.58333
0.58333
0.58333
0.58333
0.58333
0.58333
0.58333
0.58333
0.58333
0.58333
0.58333
0.58333
0.58333
0.58333
0.58333
0.58333
0.58333
0.58333
0.58333
0.58333
0.58333
0.58333
0.58333
0.58333
0.58333
0.58333
0.58333
0.58333
0.58333
0.58333
0.58333
0.58333
0.58333
0.58333
0.58333
0.58333
0.58333
0.58333
0.58333
0.58333
0.58333
0.58333
0.58333
0.58333
0.58333
0.58333
0.58333
0.58333
0.58333
0.58333
0.58333
0.58333
0.58333
0.58333
0.58333
0.58333
0.58333
0.58333
0.58333
0.58333
0.58333
0.58333
0.58333
0.58333
0.58333
0.58333
0.58333
0.58333
0.58333
0.58333
0.58333
0.58333
0.58333
0.58333
0.58333
0.58333
0.58333
0.58333
0.58333
0.58333
0.58333
0.58333
0.58333
0.58333
0.58333
0.58333
0.58333
0.58333
0.58333
0.58333
0.58333
0.58333
0.58333
0.58333
0.58333
0.58333
0.58333
0.58333
0.58333
0.58333
0.58333
0.58333
0.58333
0.58333
0.58333
0.58333
0.58333
0.58333
0.58333
0.58333
0.58333
0.58333
0.58333
0.58333
0.58333
0.58333
0.58333
0.58333
0.58333
0.58333
0.58333
0.58333
0.58333
0.58333
0.58333
0.58333
0.58333
0.58333
0.58333
0.58333
0.58333
0.58333
0.58333
0.58333
0.58333
0.58333
0.58333
0.58333
0.58333
0.58333
0.58333
0.58333
0.58333
0.58333
0.58333
0.58333
0.58333
0.58333
0.58333
0.58333
0.58333
0.58333
0.58333
0.58333
0.58333
0.58333
0.58333
0.58333
0.58333
0.58333
0.58333
0.58333
0.58333
0.58333
0.58333
0.58333
0.58333
0.58333
0.58333
0.58333
0.58333
0.58333
0.58333
0.58333
0.58333
0.58333
0.58333
0.58333
0.58333
0.58333
0.58333
0.58333
0.58333
0.58333
0.58333
0.58333
0.58333
0.58333
0.58333
0.58333
0.58333
0.58333
0.58333
0.58333
0.58333
0.58333
0.58333
0.58333
0.58333
0.58333
0.58333
0.58333
0.58333
0.58333
0.58333
0.58333
0.58333
0.58333
0.58333
0.58333
0.58333
0.58333
0.58333
0.58333
0.58333
0.58333
0.58333
0.58333
0.58333
0.58333
0.58333
0.58333
0.58333
0.58333
0.58333
0.58333
0.58333
0.58333
0.58333
0.58333
0.58333
0.58333
0.58333
0.58333
0.58333
0.58333
0.58333
0.58333
0.58333
0.58333
0.58333
0.58333
0.58333
0.58333
0.58333
0.58333
0.58333
0.58333
0.58333
0.58333
0.58333
0.58333
0.58333
0.58333
0.58333
0.58333
0.58333
0.58333
0.58333
0.58333
0.58333
0.58333
0.58333
0.58333
0.58333
0.58333
0.58333
0.58333
0.58333
0.58333
0.58333
0.58333
0.58333
0.58333
0.58333
0.58333
0.58333
0.58333
0.58333
0.58333
0.58333
0.58333
0.58333
0.58333
0.58333
0.58333
0.58333
0.58333
0.58333
0.58333
0.58333
0.58333
0.58333
0.58333
0.58333
0.58333
0.58333
0.58333
0.58333
0.58333
0.58333
0.58333
0.58333
0.58333
0.58333
0.58333
0.58333
0.58333
0.58333
0.58333
0.58333
0.58333
0.58333
0.58333
0.58333
0.58333
0.58333
0.58333
0.58333
0.58333
0.58333
0.58333
0.58333
0.58333
0.58333
0.58333
0.58333
0.58333
0.58333
0.58333
0.58333
0.58333
0.58333
0.58333
0.58333
0.58333
0.58333
0.58333
0.58333
0.58333
0.58333
0.58333
0.58333
0.58333
0.58333
0.58333
0.58333
0.58333
0.58333
0.58333
0.58333
0.58333
0.58333
0.58333
0.58333
0.58333
0.58333
0.58333
0.58333
0.58333
0.58333
0.58333
0.58333
0.58333
0.58333
0.58333
0.58333
0.58333
0.58333
0.58333
0.58333
0.58333
0.58333
0.58333
0.58333
0.58333
0.58333
0.58333
0.58333
0.58333
0.58333
0.58333
0.58333
0.58333
0.58333
0.58333
0.58333
0.58333
0.58333
0.58333
0.58333
0.58333
0.58333
0.58333
0.58333
0.58333
0.58333
0.58333
0.58333
0.58333
0.58333
0.58333
0.58333
0.58333
0.58333
0.58333
0.58333
0.58333
0.58333
0.58333
0.58333
0.58333
0.58333
0.58333
0.58333
0.58333
0.58333
0.58333
0.58333
0.58333
0.58333
0.58333
0.58333
0.58333
0.58333
0.58333
0.58333
0.58333
0.58333
0.58333
0.58333
0.58333
0.58333
0.58333
0.58333
0.58333
0.58333
0.58333
0.58333
0.58333
0.58333
0.58333
0.58333
0.58333
0.58333
0.58333
0.58333
0.58333
0.58333
0.58333
0.58333
0.58333
0.58333
0.58333
0.58333
0.58333
0.58333
0.58333
0.58333
0.58333
0.58333
0.58333
0.58333
0.58333
0.58333
0.58333
0.58333
0.58333
0.58333
0.58333
0.58333
0.58333
0.58333
0.58333
0.58333
0.58333
0.58333
0.58333
0.58333
0.58333
0.58333
0.58333
0.58333
0.58333
0.58333
0.58333
0.58333
0.58333
0.58333
0.58333
0.58333
0.58333
0.58333
0.58333
0.58333
0.58333
0.58333
0.58333
0.58333
0.58333
0.58333
0.58333
0.58333
0.58333
0.58333
0.58333
0.58333
0.58333
0.58333
0.58333
0.58333
0.58333
0.58333
0.58333
0.58333
0.58333
0.58333
0.58333
0.58333
0.58333
0.58333
0.58333
0.58333
0.58333
0.58333
0.58333
0.58333
0.58333
0.58333
0.58333
0.58333
0.58333
0.58333
0.58333
0.58333
0.58333
0.58333
0.58333
0.58333
0.58333
0.58333
0.58333
0.58333
0.58333
0.58333
0.58333
0.58333
0.58333
0.58333
0.58333
0.58333
0.58333
0.58333
0.58333
0.58333
0.58333
0.58333
0.58333
0.58333
0.58333
0.58333
0.58333
0.58333
0.58333
0.58333
0.58333
0.58333
0.58333
0.58333
0.58333
0.58333
0.58333
0.58333
0.58333
0.58333
0.58333
0.58333
0.58333
0.58333
0.58333
0.58333
0.58333
0.58333
0.58333
0.58333
0.58333
0.58333
0.58333
0.58333
0.58333
0.58333
0.58333
0.58333
0.58333
0.58333
0.58333
0.58333
0.58333
0.58333
0.58333
0.58333
0.58333
0.58333
0.58333
0.58333
0.58333
0.58333
0.58333
0.58333
0.58333
0.58333
0.58333
0.58333
0.58333
0.58333
0.58333
0.58333
0.58333
0.58333
0.58333
0.58333
0.58333
0.58333
0.58333
0.58333
0.58333
0.58333
0.58333
0.58333
0.58333
0.58333
0.58333
0.58333
0.58333
0.58333
0.58333
0.58333
0.58333
0.58333
0.58333
0.58333
0.58333
0.58333
0.58333
0.58333
0.58333
0.58333
0.58333
0.58333
0.58333
0.58333
0.58333
0.58333
0.58333
0.58333
0.58333
0.58333
0.58333
0.58333
0.58333
0.58333
0.58333
0.58333
0.58333
0.58333
0.58333
0.58333
0.58333
0.58333
0.58333
0.58333
0.58333
0.58333
0.58333
0.58333
0.58333
0.58333
0.58333
0.58333
0.58333
0.58333
0.58333
0.58333
0.58333
0.58333
0.58333
0.58333
0.58333
0.58333
0.58333
0.58333
0.58333
0.58333
0.58333
0.58333
0.58333
0.58333
0.58333
0.58333
0.58333
0.58333
0.58333
0.58333
0.58333
0.58333
0.58333
0.58333
0.58333
0.58333
0.58333
0.58333
0.58333
0.58333
0.58333
0.58333
0.58333
0.58333
0.58333
0.58333
0.58333
0.58333
0.58333
0.58333
0.58333
0.58333
0.58333
0.58333
0.58333
0.58333
0.58333
0.58333
0.58333
0.58333
0.58333
0.58333
0.58333
0.58333
0.58333
0.58333
0.58333
0.58333
0.58333
0.58333
0.58333
0.58333
0.58333
0.58333
0.58333
0.58333
0.58333
0.58333
0.58333
0.58333
0.58333
0.58333
0.58333
0.58333
0.58333
0.58333
0.58333
0.58333
0.58333
0.58333
0.58333
0.58333
0.58333
0.58333
0.58333
0.58333
0.58333
0.58333
0.58333
0.58333
0.58333
0.58333
0.58333
0.58333
0.58333
0.58333
0.58333
0.58333
0.58333
0.58333
0.58333
0.58333
0.58333
0.58333
0.58333
0.58333
0.58333
0.58333
0.58333
0.58333
0.58333
0.58333
0.58333
0.58333
0.58333
0.58333
0.58333
0.58333
0.58333
0.58333
0.58333
0.58333
0.58333
0.58333
0.58333
0.58333
0.58333
0.58333
0.58333
0.58333
0.58333
0.58333
0.58333
0.58333
0.58333
0.58333
0.58333
0.58333
0.58333
0.58333
0.58333
0.58333
0.58333
0.58333
0.58333
0.58333
0.58333
0.58333
0.58333
0.58333
0.58333
0.58333
0.58333
0.58333
0.58333
0.58333
0.58333
0.58333
0.58333
0.58333
0.58333
0.58333
0.58333
0.58333
0.58333
0.58333
0.58333
0.58333
0.58333
0.58333
0.58333
0.58333
0.58333
0.58333
0.58333
0.58333
0.58333
0.58333
0.58333
0.58333
0.58333
0.58333
0.58333
0.58333
0.58333
0.58333
0.58333
0.58333
0.58333
0.58333
0.58333
0.58333
0.58333
0.58333
0.58333
0.58333
0.58333
0.58333
0.58333
0.58333
0.58333
0.58333
0.58333
0.58333
0.58333
0.58333
0.58333
0.58333
0.58333
0.58333
0.58333
0.58333
0.58333
0.58333
0.58333
0.58333
0.58333
0.58333
0.58333
0.58333
0.58333
0.58333
0.58333
0.58333
0.58333
0.58333
0.58333
0.58333
0.58333
0.58333
0.58333
0.58333
0.58333
0.58333
0.58333
0.58333
0.58333
0.58333
0.58333
0.58333
0.58333
0.58333
0.58333
0.58333
0.58333
0.58333
0.58333
0.58333
0.58333
0.58333
0.58333
0.58333
0.58333
0.58333
0.58333
0.58333
0.58333
0.58333
0.58333
0.58333
0.58333
0.58333
0.58333
0.58333
0.58333
0.58333
0.58333
0.58333
0.58333
0.58333
0.58333
0.58333
0.58333
0.58333
0.58333
0.58333
0.58333
0.58333
0.58333
0.58333
0.58333
0.58333
0.58333
0.58333
0.58333
0.58333
0.58333
0.58333
0.58333
0.58333
0.58333
0.58333
0.58333
0.58333
0.58333
0.58333
0.58333
0.58333
0.58333
0.58333
0.58333
0.58333
0.58333
0.58333
0.58333
0.58333
0.58333
0.58333
0.58333
0.58333
0.58333
0.58333
0.58333
0.58333
0.58333
0.58333
0.58333
0.58333
0.58333
0.58333
0.58333
0.58333
0.58333
0.58333
0.58333
0.58333
0.58333
0.58333
0.58333
0.58333
0.58333
0.58333
0.58333
0.58333
0.58333
0.58333
0.58333
0.58333
0.58333
0.58333
0.58333
0.58333
0.58333
0.58333
0.58333
0.58333
0.58333
0.58333
0.58333
0.58333
0.58333
0.58333
0.58333
0.58333
0.58333
0.58333
0.58333
0.58333
0.58333
0.58333
0.58333
0.58333
0.58333
0.58333
0.58333
0.58333
0.58333
0.58333
0.58333
0.58333
0.58333
0.58333
0.58333
0.58333
0.58333
0.58333
0.58333
0.58333
0.58333
0.58333
0.58333
0.58333
0.58333
0.58333
0.58333
0.58333
0.58333
0.58333
0.58333
0.58333
0.58333
0.58333
0.58333
0.58333
0.58333
0.58333
0.58333
0.58333
0.58333
0.58333
0.58333
0.58333
0.58333
0.58333
0.58333
0.58333
0.58333
0.58333
0.58333
0.58333
0.58333
0.58333
0.58333
0.58333
0.58333
0.58333
0.58333
0.58333
0.58333
0.58333
0.58333
0.58333
0.58333
0.58333
0.58333
0.58333
0.58333
0.58333
0.58333
0.58333
0.58333
0.58333
0.58333
0.58333
0.58333
0.58333
0.58333
0.58333
0.58333
0.58333
0.58333
0.58333
0.58333
0.58333
0.58333
0.58333
0.58333
0.58333
0.58333
0.58333
0.58333
0.58333
0.58333
0.58333
0.58333
0.58333
0.58333
0.58333
0.58333
0.58333
0.58333
0.58333
0.58333
0.58333
0.58333
0.58333
0.58333
0.58333
0.58333
0.58333
0.58333
0.58333
0.58333
0.58333
0.58333
0.58333
0.58333
0.58333
0.58333
0.58333
0.58333
0.58333
0.58333
0.58333
0.58333
0.58333
0.58333
0.58333
0.58333
0.58333
0.58333
0.58333
0.58333
0.58333
0.58333
0.58333
0.58333
0.58333
0.58333
0.58333
0.58333
0.58333
0.58333
0.58333
0.58333
0.58333
0.58333
0.58333
0.58333
0.58333
0.58333
0.58333
0.58333
0.58333
0.58333
0.58333
0.58333
0.58333
0.58333
0.58333
0.58333
0.58333
0.58333
0.58333
0.58333
0.58333
0.58333
0.58333
0.58333
0.58333
0.58333
0.58333
0.58333
0.58333
0.58333
0.58333
0.58333
0.58333
0.58333
0.58333
0.58333
0.58333
0.58333
0.58333
0.58333
0.58333
0.58333
0.58333
0.58333
0.58333
0.58333
0.58333
0.58333
0.58333
0.58333
0.58333
0.58333
0.58333
0.58333
0.58333
0.58333
0.58333
0.58333
0.58333
0.58333
0.58333
0.58333
0.58333
0.58333
0.58333
0.58333
0.58333
0.58333
0.58333
0.58333
0.58333
0.58333
0.58333
0.58333
0.58333
0.58333
0.58333
0.58333
0.58333
0.58333
0.58333
0.58333
0.58333
0.58333
0.58333
0.58333
0.58333
0.58333
0.58333
0.58333
0.58333
0.58333
0.58333
0.58333
0.58333
0.58333
0.58333
0.58333
0.58333
0.58333
0.58333
0.58333
0.58333
0.58333
0.58333
0.58333
0.58333
0.58333
0.58333
0.58333
0.58333
0.58333
0.58333
0.58333
0.58333
0.58333
0.58333
0.58333
0.58333
0.58333
0.58333
0.58333
0.58333
0.58333
0.58333
0.58333
0.58333
0.58333
0.58333
0.58333
0.58333
0.58333
0.58333
0.58333
0.58333
0.58333
0.58333
0.58333
0.58333
0.58333
0.58333
0.58333
0.58333
0.58333
0.58333
0.58333
0.58333
0.58333
0.58333
0.58333
0.58333
0.58333
0.58333
0.58333
0.58333
0.58333
0.58333
0.58333
0.58333
0.58333
0.58333
0.58333
0.58333
0.58333
0.58333
0.58333
0.58333
0.58333
0.58333
0.58333
0.58333
0.58333
0.58333
0.58333
0.58333
0.58333
0.58333
0.58333
0.58333
0.58333
0.58333
0.58333
0.58333
0.58333
0.58333
0.58333
0.58333
0.58333
0.58333
0.58333
0.58333
0.58333
0.58333
0.58333
0.58333
0.58333
0.58333
0.58333
0.58333
0.58333
0.58333
0.58333
0.58333
0.58333
0.58333
0.58333
0.58333
0.58333
0.58333
0.58333
0.58333
0.58333
0.58333
0.58333
0.58333
0.58333
0.58333
0.58333
0.58333
0.58333
0.58333
0.58333
0.58333
0.58333
0.58333
0.58333
0.58333
0.58333
0.58333
0.58333
0.58333
0.58333
0.58333
0.58333
0.58333
0.58333
0.58333
0.58333
0.58333
0.58333
0.58333
0.58333
0.58333
0.58333
0.58333
0.58333
0.58333
0.58333
0.58333
0.58333
0.58333
0.58333
0.58333
0.58333
0.58333
0.58333
0.58333
0.58333
0.58333
0.58333
0.58333
0.58333
0.58333
0.58333
0.58333
0.58333
0.58333
0.58333
0.58333
0.58333
0.58333
0.58333
0.58333
0.58333
0.58333
0.58333
0.58333
0.58333
0.58333
0.58333
0.58333
0.58333
0.58333
0.58333
0.58333
0.58333
0.58333
0.58333
0.58333
0.58333
0.58333
0.58333
0.58333
0.58333
0.58333
0.58333
0.58333
0.58333
0.58333
0.58333
0.58333
0.58333
0.58333
0.58333
0.58333
0.58333
0.58333
0.58333
0.58333
0.58333
0.58333
0.58333
0.58333
0.58333
0.58333
0.58333
0.58333
0.58333
0.58333
0.58333
0.58333
0.58333
0.58333
0.58333
0.58333
0.58333
0.58333
0.58333
0.58333
0.58333
0.58333
0.58333
0.58333
0.58333
0.58333
0.58333
0.58333
0.58333
0.58333
0.58333
0.58333
0.58333
0.58333
0.58333
0.58333
0.58333
0.58333
0.58333
0.58333
0.58333
0.58333
0.58333
0.58333
0.58333
0.58333
0.58333
0.58333
0.58333
0.58333
0.58333
0.58333
0.58333
0.58333
0.58333
0.58333
0.58333
0.58333
0.58333
0.58333
0.58333
0.58333
0.58333
0.58333
0.58333
0.58333
0.58333
0.58333
0.58333
0.58333
0.58333
0.58333
0.58333
0.58333
0.58333
0.58333
0.58333
0.58333
0.58333
0.58333
0.58333
0.58333
0.58333
0.58333
0.58333
0.58333
0.58333
0.58333
0.58333
0.58333
0.58333
0.58333
0.58333
0.58333
0.58333
0.58333
0.58333
0.58333
0.58333
0.58333
0.58333
0.58333
0.58333
0.58333
0.58333
0.58333
0.58333
0.58333
0.58333
0.58333
0.58333
0.58333
0.58333
0.58333
0.58333
0.58333
0.58333
0.58333
0.58333
0.58333
0.58333
0.58333
0.58333
0.58333
0.58333
0.58333
0.58333
0.58333
0.58333
0.58333
0.58333
0.58333
0.58333
0.58333
0.58333
0.58333
0.58333
0.58333
0.58333
0.58333
0.58333
0.58333
0.58333
0.58333
0.58333
0.58333
0.58333
0.58333
0.58333
0.58333
0.58333
0.58333
0.58333
0.58333
0.58333
0.58333
0.58333
0.58333
0.58333
0.58333
0.58333
0.58333
0.58333
0.58333
0.58333
0.58333
0.58333
0.58333
0.58333
0.58333
0.58333
0.58333
0.58333
0.58333
0.58333
0.58333
0.58333
0.58333
0.58333
0.58333
0.58333
0.58333
0.58333
0.58333
0.58333
0.58333
0.58333
0.58333
0.58333
0.58333
0.58333
0.58333
0.58333
0.58333
0.58333
0.58333
0.58333
0.58333
0.58333
0.58333
0.58333
0.58333
0.58333
0.58333
0.58333
0.58333
0.58333
0.58333
0.58333
0.58333
0.58333
0.58333
0.58333
0.58333
0.58333
0.58333
0.58333
0.58333
0.58333
0.58333
0.58333
0.58333
0.58333
0.58333
0.58333
0.58333
0.58333
0.58333
0.58333
0.58333
0.58333
0.58333
0.58333
0.58333
0.58333
0.58333
0.58333
0.58333
0.58333
0.58333
0.58333
0.58333
0.58333
0.58333
0.58333
0.58333
0.58333
0.58333
0.58333
0.58333
0.58333
0.58333
0.58333
0.58333
0.58333
0.58333
0.58333
0.58333
0.58333
0.58333
0.58333
0.58333
0.58333
0.58333
0.58333
0.58333
0.58333
0.58333
0.58333
0.58333
0.58333
0.58333
0.58333
0.58333
0.58333
0.58333
0.58333
0.58333
0.58333
0.58333
0.58333
0.58333
0.58333
0.58333
0.58333
0.58333
0.58333
0.58333
0.58333
0.58333
0.58333
0.58333
0.58333
0.58333
0.58333
0.58333
0.58333
0.58333
0.58333
0.58333
0.58333
0.58333
0.58333
0.58333
0.58333
0.58333
0.58333
0.58333
0.58333
0.58333
0.58333
0.58333
0.58333
0.58333
0.58333
0.58333
0.58333
0.58333
0.58333
0.58333
0.58333
0.58333
0.58333
0.58333
0.58333
0.58333
0.58333
0.58333
0.58333
0.58333
0.58333
0.58333
0.58333
0.58333
0.58333
0.58333
0.58333
0.58333
0.58333
0.58333
0.58333
0.58333
0.58333
0.58333
0.58333
0.58333
0.58333
0.58333
0.58333
0.58333
0.58333
0.58333
0.58333
0.58333
0.58333
0.58333
0.58333
0.58333
0.58333
0.58333
0.58333
0.58333
0.58333
0.58333
0.58333
0.58333
0.58333
0.58333
0.58333
0.58333
0.58333
0.58333
0.58333
0.58333
0.58333
0.58333
0.58333
0.58333
0.58333
0.58333
0.58333
0.58333
0.58333
0.58333
0.58333
0.58333
0.58333
0.58333
0.58333
0.58333
0.58333
0.58333
0.58333
0.58333
0.58333
0.58333
0.58333
0.58333
0.58333
0.58333
0.58333
0.58333
0.58333
0.58333
0.58333
0.58333
0.58333
0.58333
0.58333
0.58333
0.58333
0.58333
0.58333
0.58333
0.58333
0.58333
0.58333
0.58333
0.58333
0.58333
0.58333
0.58333
0.58333
0.58333
0.58333
0.58333
0.58333
0.58333
0.58333
0.58333
0.58333
0.58333
0.58333
0.58333
0.58333
0.58333
0.58333
0.58333
0.58333
0.58333
0.58333
0.58333
0.58333
0.58333
0.58333
0.58333
0.58333
0.58333
0.58333
0.58333
0.58333
0.58333
0.58333
0.58333
0.58333
0.58333
0.58333
0.58333
0.58333
0.58333
0.58333
0.58333
0.58333
0.58333
0.58333
0.58333
0.58333
0.58333
0.58333
0.58333
0.58333
0.58333
0.58333
0.58333
0.58333
0.58333
0.58333
0.58333
0.58333
0.58333
0.58333
0.58333
0.58333
0.58333
0.58333
0.58333
0.58333
0.58333
0.58333
0.58333
0.58333
0.58333
0.58333
0.58333
0.58333
0.58333
0.58333
0.58333
0.58333
0.58333
0.58333
0.58333
0.58333
0.58333
0.58333
0.58333
0.58333
0.58333
0.58333
0.58333
0.58333
0.58333
0.58333
0.58333
0.58333
0.58333
0.58333
0.58333
0.58333
0.58333
0.58333
0.58333
0.58333
0.58333
0.58333
0.58333
0.58333
0.58333
0.58333
0.58333
0.58333
0.58333
0.58333
0.58333
0.58333
0.58333
0.58333
0.58333
0.58333
0.58333
0.58333
0.58333
0.58333
0.58333
0.58333
0.58333
0.58333
0.58333
0.58333
0.58333
0.58333
0.58333
0.58333
0.58333
0.58333
0.58333
0.58333
0.58333
0.58333
0.58333
0.58333
0.58333
0.58333
0.58333
0.58333
0.58333
0.58333
0.58333
0.58333
0.58333
0.58333
0.58333
0.58333
0.58333
0.58333
0.58333
0.58333
0.58333
0.58333
0.58333
0.58333
0.58333
0.58333
0.58333
0.58333
0.58333
0.58333
0.58333
0.58333
0.58333
0.58333
0.58333
0.58333
0.58333
0.58333
0.58333
0.58333
0.58333
0.58333
0.58333
0.58333
0.58333
0.58333
0.58333
0.58333
0.58333
0.58333
0.58333
0.58333
0.58333
0.58333
0.58333
0.58333
0.58333
0.58333
0.58333
0.58333
0.58333
0.58333
0.58333
0.58333
0.58333
0.58333
0.58333
0.58333
0.58333
0.58333
0.58333
0.58333
0.58333
0.58333
0.58333
0.58333
0.58333
0.58333
0.58333
0.58333
0.58333
0.58333
0.58333
0.58333
0.58333
0.58333
0.58333
0.58333
0.58333
0.58333
0.58333
0.58333
0.58333
0.58333
0.58333
0.58333
0.58333
0.58333
0.58333
0.58333
0.58333
0.58333
0.58333
0.58333
0.58333
0.58333
0.58333
0.58333
0.58333
0.58333
0.58333
0.58333
0.58333
0.58333
0.58333
0.58333
0.58333
0.58333
0.58333
0.58333
0.58333
0.58333
0.58333
0.58333
0.58333
0.58333
0.58333
0.58333
0.58333
0.58333
0.58333
0.58333
0.58333
0.58333
0.58333
0.58333
0.58333
0.58333
0.58333
0.58333
0.58333
0.58333
0.58333
0.58333
0.58333
0.58333
0.58333
0.58333
0.58333
0.58333
0.58333
0.58333
0.58333
0.58333
0.58333
0.58333
0.58333
0.58333
0.58333
0.58333
0.58333
0.58333
0.58333
0.58333
0.58333
0.58333
0.58333
0.58333
0.58333
0.58333
0.58333
0.58333
0.58333
0.58333
0.58333
0.58333
0.58333
0.58333
0.58333
0.58333
0.58333
0.58333
0.58333
0.58333
0.58333
0.58333
0.58333
0.58333
0.58333
0.58333
0.58333
0.58333
0.58333
0.58333
0.58333
0.58333
0.58333
0.58333
0.58333
0.58333
0.58333
0.58333
0.58333
0.58333
0.58333
0.58333
0.58333
0.58333
0.58333
0.58333
0.58333
0.58333
0.58333
0.58333
0.58333
0.58333
0.58333
0.58333
0.58333
0.58333
0.58333
0.58333
0.58333
0.58333
0.58333
0.58333
0.58333
0.58333
0.58333
0.58333
0.58333
0.58333
0.58333
0.58333
0.58333
0.58333
0.58333
0.58333
0.58333
0.58333
0.58333
0.58333
0.58333
0.58333
0.58333
0.58333
0.58333
0.58333
0.58333
0.58333
0.58333
0.58333
0.58333
0.58333
0.58333
0.58333
0.58333
0.58333
0.58333
0.58333
0.58333
0.58333
0.58333
0.58333
0.58333
0.58333
0.58333
0.58333
0.58333
0.58333
0.58333
0.58333
0.58333
0.58333
0.58333
0.58333
0.58333
0.58333
0.58333
0.58333
0.58333
0.58333
0.58333
0.58333
0.58333
0.58333
0.58333
0.58333
0.58333
0.58333
0.58333
0.58333
0.58333
0.58333
0.58333
0.58333
0.58333
0.58333
0.58333
0.58333
0.58333
0.58333
0.58333
0.58333
0.58333
0.58333
0.58333
0.58333
0.58333
0.58333
0.58333
0.58333
0.58333
0.58333
0.58333
0.58333
0.58333
0.58333
0.58333
0.58333
0.58333
0.58333
0.58333
0.58333
0.58333
0.58333
0.58333
0.58333
0.58333
0.58333
0.58333
0.58333
0.58333
0.58333
0.58333
0.58333
0.58333
0.58333
0.58333
0.58333
0.58333
0.58333
0.58333
0.58333
0.58333
0.58333
0.58333
0.58333
0.58333
0.58333
0.58333
0.58333
0.58333
0.58333
0.58333
0.58333
0.58333
0.58333
0.58333
0.58333
0.58333
0.58333
0.58333
0.58333
0.58333
0.58333
0.58333
0.58333
0.58333
0.58333
0.58333
0.58333
0.58333
0.58333
0.58333
0.58333
0.58333
0.58333
0.58333
0.58333
0.58333
0.58333
0.58333
0.58333
0.58333
0.58333
0.58333
0.58333
0.58333
0.58333
0.58333
0.58333
0.58333
0.58333
0.58333
0.58333
0.58333
0.58333
0.58333
0.58333
0.58333
0.58333
0.58333
0.58333
0.58333
0.58333
0.58333
0.58333
0.58333
0.58333
0.58333
0.58333
0.58333
0.58333
0.58333
0.58333
0.58333
0.58333
0.58333
0.58333
0.58333
0.58333
0.58333
0.58333
0.58333
0.58333
0.58333
0.58333
0.58333
0.58333
0.58333
0.58333
0.58333
0.58333
0.58333
0.58333
0.58333
0.58333
0.58333
0.58333
0.58333
0.58333
0.58333
0.58333
0.58333
0.58333
0.58333
0.58333
0.58333
0.58333
0.58333
0.58333
0.58333
0.58333
0.58333
0.58333
0.58333
0.58333
0.58333
0.58333
0.58333
0.58333
0.58333
0.58333
0.58333
0.58333
0.58333
0.58333
0.58333
0.58333
0.58333
0.58333
0.58333
0.58333
0.58333
0.58333
0.58333
0.58333
0.58333
0.58333
0.58333
0.58333
0.58333
0.58333
0.58333
0.58333
0.58333
0.58333
0.58333
0.58333
0.58333
0.58333
0.58333
0.58333
0.58333
0.58333
0.58333
0.58333
0.58333
0.58333
0.58333
0.58333
0.58333
0.58333
0.58333
0.58333
0.58333
0.58333
0.58333
0.58333
0.58333
0.58333
0.58333
0.58333
0.58333
0.58333
0.58333
0.58333
0.58333
0.58333
0.58333
0.58333
0.58333
0.58333
0.58333
0.58333
0.58333
0.58333
0.58333
0.58333
0.58333
0.58333
0.58333
0.58333
0.58333
0.58333
0.58333
0.58333
0.58333
0.58333
0.58333
0.58333
0.58333
0.58333
0.58333
0.58333
0.58333
0.58333
0.58333
0.58333
0.58333
0.58333
0.58333
0.58333
0.58333
0.58333
0.58333
0.58333
0.58333
0.58333
0.58333
0.58333
0.58333
0.58333
0.58333
0.58333
0.58333
0.58333
0.58333
0.58333
0.58333
0.58333
0.58333
0.58333
0.58333
0.58333
0.58333
0.58333
0.58333
0.58333
0.58333
0.58333
0.58333
0.58333
0.58333
0.58333
0.58333
0.58333
0.58333
0.58333
0.58333
0.58333
0.58333
0.58333
0.58333
0.58333
0.58333
0.58333
0.58333
0.58333
0.58333
0.58333
0.58333
0.58333
0.58333
0.58333
0.58333
0.58333
0.58333
0.58333
0.58333
0.58333
0.58333
0.58333
0.58333
0.58333
0.58333
0.58333
0.58333
0.58333
0.58333
0.58333
0.58333
0.58333
0.58333
0.58333
0.58333
0.58333
0.58333
0.58333
0.58333
0.58333
0.58333
0.58333
0.58333
0.58333
0.58333
0.58333
0.58333
0.58333
0.58333
0.58333
0.58333
0.58333
0.58333
0.58333
0.58333
0.58333
0.58333
0.58333
0.58333
0.58333
0.58333
0.58333
0.58333
0.58333
0.58333
0.58333
0.58333
0.58333
0.58333
0.58333
0.58333
0.58333
0.58333
0.58333
0.58333
0.58333
0.58333
0.58333
0.58333
0.58333
0.58333
0.58333
0.58333
0.58333
0.58333
0.58333
0.58333
0.58333
0.58333
0.58333
0.58333
0.58333
0.58333
0.58333
0.58333
0.58333
0.58333
0.58333
0.58333
0.58333
0.58333
0.58333
0.58333
0.58333
0.58333
0.58333
0.58333
0.58333
0.58333
0.58333
0.58333
0.58333
0.58333
0.58333
0.58333
0.58333
0.58333
0.58333
0.58333
0.58333
0.58333
0.58333
0.58333
0.58333
0.58333
0.58333
0.58333
0.58333
0.58333
0.58333
0.58333
0.58333
0.58333
0.58333
0.58333
0.58333
0.58333
0.58333
0.58333
0.58333
0.58333
0.58333
0.58333
0.58333
0.58333
0.58333
0.58333
0.58333
0.58333
0.58333
0.58333
0.58333
0.58333
0.58333
0.58333
0.58333
0.58333
0.58333
0.58333
0.58333
0.58333
0.58333
0.58333
0.58333
0.58333
0.58333
0.58333
0.58333
0.58333
0.58333
0.58333
0.58333
0.58333
0.58333
0.58333
0.58333
0.58333
0.58333
0.58333
0.58333
0.58333
0.58333
0.58333
0.58333
0.58333
0.58333
0.58333
0.58333
0.58333
0.58333
0.58333
0.58333
0.58333
0.58333
0.58333
0.58333
0.58333
0.58333
0.58333
0.58333
0.58333
0.58333
0.58333
0.58333
0.58333
0.58333
0.58333
0.58333
0.58333
0.58333
0.58333
0.58333
0.58333
0.58333
0.58333
0.58333
0.58333
0.58333
0.58333
0.58333
0.58333
0.58333
0.58333
0.58333
0.58333
0.58333
0.58333
0.58333
0.58333
0.58333
0.58333
0.58333
0.58333
0.58333
0.58333
0.58333
0.58333
0.58333
0.58333
0.58333
0.58333
0.58333
0.58333
0.58333
0.58333
0.58333
0.58333
0.58333
0.58333
0.58333
0.58333
0.58333
0.58333
0.58333
0.58333
0.58333
0.58333
0.58333
0.58333
0.58333
0.58333
0.58333
0.58333
0.58333
0.58333
0.58333
0.58333
0.58333
0.58333
0.58333
0.58333
0.58333
0.58333
0.58333
0.58333
0.58333
0.58333
0.58333
0.58333
0.58333
0.58333
0.58333
0.58333
0.58333
0.58333
0.58333
0.58333
0.58333
0.58333
0.58333
0.58333
0.58333
0.58333
0.58333
0.58333
0.58333
0.58333
0.58333
0.58333
0.58333
0.58333
0.58333
0.58333
0.58333
0.58333
0.58333
0.58333
0.58333
0.58333
0.58333
0.58333
0.58333
0.58333
0.58333
0.58333
0.58333
0.58333
0.58333
0.58333
0.58333
0.58333
0.58333
0.58333
0.58333
0.58333
0.58333
0.58333
0.58333
0.58333
0.58333
0.58333
0.58333
0.58333
0.58333
0.58333
0.58333
0.58333
0.58333
0.58333
0.58333
0.58333
0.58333
0.58333
0.58333
0.58333
0.58333
0.58333
0.58333
0.58333
0.58333
0.58333
0.58333
0.58333
0.58333
0.58333
0.58333
0.58333
0.58333
0.58333
0.58333
0.58333
0.58333
0.58333
0.58333
0.58333
0.58333
0.58333
0.58333
0.58333
0.58333
0.58333
0.58333
0.58333
0.58333
0.58333
0.58333
0.58333
0.58333
0.58333
0.58333
0.58333
0.58333
0.58333
0.58333
0.58333
0.58333
0.58333
0.58333
0.58333
0.58333
0.58333
0.58333
0.58333
0.58333
0.58333
0.58333
0.58333
0.58333
0.58333
0.58333
0.58333
0.58333
0.58333
0.58333
0.58333
0.58333
0.58333
0.58333
0.58333
0.58333
0.58333
0.58333
0.58333
0.58333
0.58333
0.58333
0.58333
0.58333
0.58333
0.58333
0.58333
0.58333
0.58333
0.58333
0.58333
0.58333
0.58333
0.58333
0.58333
0.58333
0.58333
0.58333
0.58333
0.58333
0.58333
0.58333
0.58333
0.58333
0.58333
0.58333
0.58333
0.58333
0.58333
0.58333
0.58333
0.58333
0.58333
0.58333
0.58333
0.58333
0.58333
0.58333
0.58333
0.58333
0.58333
0.58333
0.58333
0.58333
0.58333
0.58333
0.58333
0.58333
0.58333
0.58333
0.58333
0.58333
0.58333
0.58333
0.58333
0.58333
0.58333
0.58333
0.58333
0.58333
0.58333
0.58333
0.58333
0.58333
0.58333
0.58333
0.58333
0.58333
0.58333
0.58333
0.58333
0.58333
0.58333
0.58333
0.58333
0.58333
0.58333
0.58333
0.58333
0.58333
0.58333
0.58333
0.58333
0.58333
0.58333
0.58333
0.58333
0.58333
0.58333
0.58333
0.58333
0.58333
0.58333
0.58333
0.58333
0.58333
0.58333
0.58333
0.58333
0.58333
0.58333
0.58333
0.58333
0.58333
0.58333
0.58333
0.58333
0.58333
0.58333
0.58333
0.58333
0.58333
0.58333
0.58333
0.58333
0.58333
0.58333
0.58333
0.58333
0.58333
0.58333
0.58333
0.58333
0.58333
0.58333
0.58333
0.58333
0.58333
0.58333
0.58333
0.58333
0.58333
0.58333
0.58333
0.58333
0.58333
0.58333
0.58333
0.58333
0.58333
0.58333
0.58333
0.58333
0.58333
0.58333
0.58333
0.58333
0.58333
0.58333
0.58333
0.58333
0.58333
0.58333
0.58333
0.58333
0.58333
0.58333
0.58333
0.58333
0.58333
0.58333
0.58333
0.58333
0.58333
0.58333
0.58333
0.58333
0.58333
0.58333
0.58333
0.58333
0.58333
0.58333
0.58333
0.58333
0.58333
0.58333
0.58333
0.58333
0.58333
0.58333
0.58333
0.58333
0.58333
0.58333
0.58333
0.58333
0.58333
0.58333
0.58333
0.58333
0.58333
0.58333
0.58333
0.58333
0.58333
0.58333
0.58333
0.58333
0.58333
0.58333
0.58333
0.58333
0.58333
0.58333
0.58333
0.58333
0.58333
0.58333
0.58333
0.58333
0.58333
0.58333
0.58333
0.58333
0.58333
0.58333
0.58333
0.58333
0.58333
0.58333
0.58333
0.58333
0.58333
0.58333
0.58333
0.58333
0.58333
0.58333
0.58333
0.58333
0.58333
0.58333
0.58333
0.58333
0.58333
0.58333
0.58333
0.58333
0.58333
0.58333
0.58333
0.58333
0.58333
0.58333
0.58333
0.58333
0.58333
0.58333
0.58333
0.58333
0.58333
0.58333
0.58333
0.58333
0.58333
0.58333
0.58333
0.58333
0.58333
0.58333
0.58333
0.58333
0.58333
0.58333
0.58333
0.58333
0.58333
0.58333
0.58333
0.58333
0.58333
0.58333
0.58333
0.58333
0.58333
0.58333
0.58333
0.58333
0.58333
0.58333
0.58333
0.58333
0.58333
0.58333
0.58333
0.58333
0.0049127
0.00492202
0.00492075
0.00492129
0.00492099
0.00492079
0.00492064
0.00492053
0.00492046
0.00492043
0.00492042
0.00492042
0.00492043
0.00492043
0.00492043
0.00492043
0.00492043
0.00492041
0.00492039
0.00492037
0.00492033
0.0049203
0.00492025
0.0049202
0.00492015
0.0049201
0.00492004
0.00491998
0.00491993
0.00491987
0.00491981
0.00491976
0.00491971
0.00491966
0.00491961
0.00491957
0.00491953
0.00491949
0.00491945
0.00491942
0.00491939
0.00491936
0.00491934
0.00491932
0.0049193
0.00491929
0.00491928
0.00491927
0.00491926
0.00491926
0.00491926
0.00491927
0.00491927
0.00491928
0.0049193
0.00491931
0.00491933
0.00491935
0.00491938
0.0049194
0.00491944
0.00491947
0.00491951
0.00491955
0.00491959
0.00491963
0.00491968
0.00491973
0.00491978
0.00491984
0.00491989
0.00491995
0.00492
0.00492006
0.00492011
0.00492016
0.00492021
0.00492025
0.00492029
0.00492032
0.00492034
0.00492035
0.00492035
0.00492035
0.00492033
0.0049203
0.00492027
0.00492023
0.00492018
0.00492013
0.00492007
0.00492004
0.00492004
0.00492008
0.00492015
0.00492028
0.00492052
0.00491992
0.00492119
0.00491192
0.00471125
0.0047158
0.00471504
0.00471549
0.00471521
0.00471508
0.00471501
0.004715
0.00471502
0.00471508
0.00471515
0.00471522
0.00471529
0.00471536
0.00471542
0.00471546
0.00471548
0.00471549
0.00471549
0.00471547
0.00471545
0.00471542
0.00471538
0.00471534
0.00471529
0.00471523
0.00471518
0.00471512
0.00471507
0.00471501
0.00471495
0.0047149
0.00471485
0.0047148
0.00471475
0.00471471
0.00471466
0.00471462
0.00471459
0.00471455
0.00471452
0.0047145
0.00471447
0.00471445
0.00471444
0.00471442
0.00471441
0.0047144
0.00471439
0.00471439
0.00471439
0.0047144
0.0047144
0.00471441
0.00471442
0.00471444
0.00471446
0.00471448
0.0047145
0.00471453
0.00471456
0.00471459
0.00471463
0.00471467
0.00471471
0.00471476
0.0047148
0.00471485
0.00471491
0.00471496
0.00471502
0.00471507
0.00471513
0.00471518
0.00471524
0.00471529
0.00471534
0.00471539
0.00471543
0.00471546
0.00471548
0.0047155
0.0047155
0.00471549
0.00471547
0.00471544
0.00471539
0.00471532
0.00471526
0.0047152
0.00471514
0.00471509
0.00471507
0.0047151
0.00471518
0.00471533
0.00471562
0.00471518
0.00471592
0.00471136
0.0881859
0.0855423
0.0855975
0.0854435
0.0853841
0.0853835
0.0854044
0.0854467
0.0855008
0.0855545
0.0856025
0.0856492
0.0856945
0.0857323
0.0857617
0.0857864
0.0858055
0.08582
0.0858305
0.085838
0.0858431
0.0858462
0.0858478
0.0858482
0.0858478
0.0858466
0.0858449
0.0858428
0.0858405
0.085838
0.0858355
0.085833
0.0858305
0.085828
0.0858256
0.0858232
0.085821
0.0858189
0.085817
0.0858151
0.0858134
0.0858119
0.0858105
0.0858093
0.0858082
0.0858073
0.0858066
0.085806
0.0858056
0.0858053
0.0858052
0.085805
0.0858051
0.0858053
0.0858057
0.0858062
0.0858069
0.0858078
0.0858089
0.0858099
0.0858112
0.0858129
0.0858145
0.0858163
0.0858182
0.0858203
0.0858226
0.0858249
0.0858274
0.08583
0.0858327
0.0858355
0.0858385
0.0858414
0.0858442
0.0858467
0.085849
0.0858509
0.0858522
0.0858526
0.0858519
0.0858498
0.0858457
0.0858388
0.0858289
0.0858149
0.0857983
0.085775
0.0857468
0.0857198
0.0856946
0.0856669
0.0856406
0.0856278
0.0856368
0.0856678
0.0857514
0.0859303
0.0858734
0.0885174
0.58333
0.58333
0.58333
0.58333
0.58333
0.58333
0.58333
0.58333
0.58333
0.58333
0.58333
0.58333
0.58333
0.58333
0.58333
0.58333
0.58333
0.58333
0.58333
0.58333
0.58333
0.58333
0.58333
0.58333
0.58333
0.58333
0.58333
0.58333
0.58333
0.58333
0.58333
0.58333
0.58333
0.58333
0.58333
0.58333
0.58333
0.58333
0.58333
0.58333
0.58333
0.58333
0.58333
0.58333
0.58333
0.58333
0.58333
0.58333
0.58333
0.58333
0.58333
0.58333
0.58333
0.58333
0.58333
0.58333
0.58333
0.58333
0.58333
0.58333
0.58333
0.58333
0.58333
0.58333
0.58333
0.58333
0.58333
0.58333
0.58333
0.58333
0.58333
0.58333
0.58333
0.58333
0.58333
0.58333
0.58333
0.58333
0.58333
0.58333
0.58333
0.58333
0.58333
0.58333
0.58333
0.58333
0.58333
0.58333
0.58333
0.58333
0.58333
0.58333
0.58333
0.58333
0.58333
0.58333
0.58333
0.58333
0.58333
0.58333
0.58333
0.58333
0.58333
0.58333
0.58333
0.58333
0.58333
0.58333
0.58333
0.58333
0.58333
0.58333
0.58333
0.58333
0.58333
0.58333
0.58333
0.58333
0.58333
0.58333
0.58333
0.58333
0.58333
0.58333
0.58333
0.58333
0.58333
0.58333
0.58333
0.58333
0.58333
0.58333
0.58333
0.58333
0.58333
0.58333
0.58333
0.58333
0.58333
0.58333
0.58333
0.58333
0.58333
0.58333
0.58333
0.58333
0.58333
0.58333
0.58333
0.58333
0.58333
0.58333
0.58333
0.58333
0.58333
0.58333
0.58333
0.58333
0.58333
0.58333
0.58333
0.58333
0.58333
0.58333
0.58333
0.58333
0.58333
0.58333
0.58333
0.58333
0.58333
0.58333
0.58333
0.58333
0.58333
0.58333
0.58333
0.58333
0.58333
0.58333
0.58333
0.58333
0.58333
0.58333
0.58333
0.58333
0.58333
0.58333
0.58333
0.58333
0.58333
0.58333
0.58333
0.58333
0.58333
0.58333
0.58333
0.58333
0.58333
0.58333
0.58333
0.58333
0.58333
0.58333
0.58333
0.58333
0.58333
0.58333
0.58333
0.58333
0.58333
0.58333
0.58333
0.58333
0.58333
0.58333
0.58333
0.58333
0.58333
0.58333
0.58333
0.58333
0.58333
0.58333
0.58333
0.58333
0.58333
0.58333
0.58333
0.58333
0.58333
0.58333
0.58333
0.58333
0.58333
0.58333
0.58333
0.58333
0.58333
0.58333
0.58333
0.58333
0.58333
0.58333
0.58333
0.58333
0.58333
0.58333
0.58333
0.58333
0.58333
0.58333
0.58333
0.58333
0.58333
0.58333
0.58333
0.58333
0.58333
0.58333
0.58333
0.58333
0.58333
0.58333
0.58333
0.58333
0.58333
0.58333
0.58333
0.58333
0.58333
0.58333
0.58333
0.58333
0.58333
0.58333
0.58333
0.58333
0.58333
0.58333
0.58333
0.58333
0.58333
0.58333
0.58333
0.58333
0.58333
0.58333
0.58333
0.58333
0.58333
0.58333
0.58333
0.58333
0.58333
0.58333
0.58333
0.58333
0.58333
0.58333
0.58333
0.58333
0.58333
0.58333
0.58333
0.58333
0.58333
0.58333
0.58333
0.58333
0.58333
0.58333
0.58333
0.58333
0.58333
0.58333
0.58333
0.58333
0.58333
0.58333
0.58333
0.58333
0.58333
0.58333
0.58333
0.58333
0.58333
0.58333
0.58333
0.58333
0.58333
0.58333
0.58333
0.58333
0.58333
0.58333
0.58333
0.58333
0.58333
0.58333
0.58333
0.58333
0.58333
0.58333
0.58333
0.58333
0.58333
0.58333
0.58333
0.58333
0.58333
0.58333
0.58333
0.58333
0.58333
0.58333
0.58333
0.58333
0.58333
0.58333
0.58333
0.58333
0.58333
0.58333
0.58333
0.58333
0.58333
0.58333
0.58333
0.58333
0.58333
0.58333
0.58333
0.58333
0.58333
0.58333
0.58333
0.58333
0.58333
0.58333
0.58333
0.58333
0.58333
0.58333
0.58333
0.58333
0.58333
0.58333
0.58333
0.58333
0.58333
0.58333
0.58333
0.58333
0.58333
0.58333
0.58333
0.58333
0.58333
0.58333
0.58333
0.58333
0.58333
0.58333
0.58333
0.58333
0.58333
0.58333
0.58333
0.58333
0.58333
0.58333
0.58333
0.58333
0.58333
0.58333
0.58333
0.58333
0.58333
0.58333
0.58333
0.58333
0.58333
0.58333
0.58333
0.58333
0.58333
0.58333
0.58333
0.58333
0.58333
0.58333
0.58333
0.58333
0.58333
0.58333
0.58333
0.58333
0.58333
0.58333
0.58333
0.58333
0.58333
0.58333
0.58333
0.58333
0.58333
0.58333
0.58333
0.58333
0.58333
0.58333
0.58333
0.58333
0.58333
0.58333
0.58333
0.58333
0.58333
0.58333
0.58333
0.58333
0.58333
0.58333
0.58333
0.58333
0.58333
0.58333
0.58333
0.58333
0.58333
0.58333
0.58333
0.58333
0.58333
0.58333
0.58333
0.58333
0.58333
0.58333
0.58333
0.58333
0.58333
0.58333
0.58333
0.58333
0.58333
0.58333
0.58333
0.58333
0.58333
0.58333
0.58333
0.58333
0.58333
0.58333
0.58333
0.58333
0.58333
0.58333
0.58333
0.58333
0.58333
0.58333
0.58333
0.58333
0.58333
0.58333
0.58333
0.58333
0.58333
0.58333
0.58333
0.58333
0.58333
0.58333
0.58333
0.58333
0.58333
0.58333
0.58333
0.58333
0.58333
0.58333
0.58333
0.58333
0.58333
0.58333
0.58333
0.58333
0.58333
0.58333
0.58333
0.58333
0.58333
0.58333
0.58333
0.58333
0.58333
0.58333
0.58333
0.58333
0.58333
0.58333
0.58333
0.58333
0.58333
0.58333
0.58333
0.58333
0.58333
0.58333
0.58333
0.58333
0.58333
0.58333
0.58333
0.58333
0.58333
0.58333
0.58333
0.58333
0.58333
0.58333
0.58333
0.58333
0.58333
0.58333
0.58333
0.58333
0.58333
0.58333
0.58333
0.58333
0.58333
0.58333
0.58333
0.58333
0.58333
0.58333
0.58333
0.58333
0.58333
0.58333
0.58333
0.58333
0.58333
0.58333
0.58333
0.58333
0.58333
0.58333
0.58333
0.58333
0.58333
0.58333
0.58333
0.58333
0.58333
0.58333
0.58333
0.58333
0.58333
0.58333
0.58333
0.58333
0.58333
0.58333
0.58333
0.58333
0.58333
0.58333
0.58333
0.58333
0.58333
0.58333
0.58333
0.58333
0.58333
0.58333
0.58333
0.58333
0.58333
0.58333
0.58333
0.58333
0.58333
0.58333
0.58333
0.58333
0.58333
0.58333
0.58333
0.58333
0.58333
0.58333
0.58333
0.58333
0.58333
0.58333
0.58333
0.58333
0.58333
0.58333
0.58333
0.58333
0.58333
0.58333
0.58333
0.58333
0.58333
0.58333
0.58333
0.58333
0.58333
0.58333
0.58333
0.58333
0.58333
0.58333
0.58333
0.58333
0.58333
0.58333
0.58333
0.58333
0.58333
0.58333
0.58333
0.58333
0.58333
0.58333
0.58333
0.58333
0.58333
0.58333
0.58333
0.58333
0.58333
0.58333
0.58333
0.58333
0.58333
0.58333
0.58333
0.58333
0.58333
0.58333
0.58333
0.58333
0.58333
0.58333
0.58333
0.58333
0.58333
0.58333
0.58333
0.58333
0.58333
0.58333
0.58333
0.58333
0.58333
0.58333
0.58333
0.58333
0.58333
0.58333
0.58333
0.58333
0.58333
0.58333
0.58333
0.58333
0.58333
0.58333
0.58333
0.58333
0.58333
0.58333
0.58333
0.58333
0.58333
0.58333
0.58333
0.58333
0.58333
0.58333
0.58333
0.58333
0.58333
0.58333
0.58333
0.58333
0.58333
0.58333
0.58333
0.58333
0.58333
0.58333
0.58333
0.58333
0.58333
0.58333
0.58333
0.58333
0.58333
0.58333
0.58333
0.58333
0.58333
0.58333
0.58333
0.58333
0.58333
0.58333
0.58333
0.58333
0.58333
0.58333
0.58333
0.58333
0.58333
0.58333
0.58333
0.58333
0.58333
0.58333
0.58333
0.58333
0.58333
0.58333
0.58333
0.58333
0.58333
0.58333
0.58333
0.58333
0.58333
0.58333
0.58333
0.58333
0.58333
0.58333
0.58333
0.58333
0.58333
0.58333
0.58333
0.58333
0.58333
0.58333
0.58333
0.58333
0.58333
0.58333
0.58333
0.58333
0.58333
0.58333
0.58333
0.58333
0.58333
0.58333
0.58333
0.58333
0.58333
0.58333
0.58333
0.58333
0.58333
0.58333
0.58333
0.58333
0.58333
0.58333
0.58333
0.58333
0.58333
0.58333
0.58333
0.58333
0.58333
0.58333
0.58333
0.58333
0.58333
0.58333
0.58333
0.58333
0.58333
0.58333
0.58333
0.58333
0.58333
0.58333
0.58333
0.58333
0.58333
0.58333
0.58333
0.58333
0.58333
0.58333
0.58333
0.58333
0.58333
0.58333
0.58333
0.58333
0.58333
0.58333
0.58333
0.58333
0.58333
0.58333
0.58333
0.58333
0.58333
0.58333
0.58333
0.58333
0.58333
0.58333
0.58333
0.58333
0.58333
0.58333
0.58333
0.58333
0.58333
0.58333
0.58333
0.58333
0.58333
0.58333
0.58333
0.58333
0.58333
0.58333
0.58333
0.58333
0.58333
0.58333
0.58333
0.58333
0.58333
0.58333
0.58333
0.58333
0.58333
0.58333
0.58333
0.58333
0.58333
0.58333
0.58333
0.58333
0.58333
0.58333
0.58333
0.58333
0.58333
0.58333
0.58333
0.58333
0.58333
0.58333
0.58333
0.58333
0.58333
0.58333
0.58333
0.58333
0.58333
0.58333
0.58333
0.58333
0.58333
0.58333
0.58333
0.58333
0.58333
0.58333
0.58333
0.58333
0.58333
0.58333
0.58333
0.58333
0.58333
0.58333
0.58333
0.58333
0.58333
0.58333
0.58333
0.58333
0.58333
0.58333
0.58333
0.58333
0.58333
0.58333
0.58333
0.58333
0.58333
0.58333
0.58333
0.58333
0.58333
0.58333
0.58333
0.58333
0.58333
0.58333
0.58333
0.58333
0.58333
0.58333
0.58333
0.58333
0.58333
0.58333
0.58333
0.58333
0.58333
0.58333
0.58333
0.58333
0.58333
0.58333
0.58333
0.58333
0.58333
0.58333
0.58333
0.58333
0.58333
0.58333
0.58333
0.58333
0.58333
0.58333
0.58333
0.58333
0.58333
0.58333
0.58333
0.58333
0.58333
0.58333
0.58333
0.58333
0.58333
0.58333
0.58333
0.58333
0.58333
0.58333
0.58333
0.58333
0.58333
0.58333
0.58333
0.58333
0.58333
0.58333
0.58333
0.58333
0.58333
0.58333
0.58333
0.58333
0.58333
0.58333
0.58333
0.58333
0.58333
0.58333
0.58333
0.58333
0.58333
0.58333
0.58333
0.58333
0.58333
0.58333
0.58333
0.58333
0.58333
0.58333
0.58333
0.58333
0.58333
0.58333
0.58333
0.58333
0.58333
0.58333
0.58333
0.58333
0.58333
0.58333
0.58333
0.58333
0.58333
0.58333
0.58333
0.58333
0.58333
0.58333
0.58333
0.58333
0.58333
0.58333
0.58333
0.58333
0.58333
0.58333
0.58333
0.58333
0.58333
0.58333
0.58333
0.58333
0.58333
0.58333
0.58333
0.58333
0.58333
0.58333
0.58333
0.58333
0.58333
0.58333
0.58333
0.58333
0.58333
0.58333
0.58333
0.58333
0.58333
0.58333
0.58333
0.58333
0.58333
0.58333
0.58333
0.58333
0.58333
0.58333
0.58333
0.58333
0.58333
0.58333
0.58333
0.58333
0.58333
0.58333
0.58333
0.58333
0.58333
0.58333
0.58333
0.58333
0.58333
0.58333
0.58333
0.58333
0.58333
0.58333
0.58333
0.58333
0.58333
0.58333
0.58333
0.58333
0.58333
0.58333
0.58333
0.58333
0.58333
0.58333
0.58333
0.58333
0.58333
0.58333
0.58333
0.58333
0.58333
0.58333
0.58333
0.58333
0.58333
0.58333
0.58333
0.58333
0.58333
0.58333
0.58333
0.58333
0.58333
0.58333
0.58333
0.58333
0.58333
0.58333
0.58333
0.58333
0.58333
0.58333
0.58333
0.58333
0.58333
0.58333
0.58333
0.58333
0.58333
0.58333
0.58333
0.58333
0.58333
0.58333
0.58333
0.58333
0.58333
0.58333
0.58333
0.58333
0.58333
0.58333
0.58333
0.58333
0.58333
0.58333
0.58333
0.58333
0.58333
0.58333
0.58333
0.58333
0.58333
0.58333
0.58333
0.58333
0.58333
0.58333
0.58333
0.58333
0.58333
0.58333
0.58333
0.58333
0.58333
0.58333
0.58333
0.58333
0.58333
0.58333
0.58333
0.58333
0.58333
0.58333
0.58333
0.58333
0.58333
0.58333
0.58333
0.58333
0.58333
0.58333
0.58333
0.58333
0.58333
0.58333
0.58333
0.58333
0.58333
0.58333
0.58333
0.58333
0.58333
0.58333
0.58333
0.58333
0.58333
0.58333
0.58333
0.58333
0.58333
0.58333
0.58333
0.58333
0.58333
0.58333
0.58333
0.58333
0.58333
0.58333
0.58333
0.58333
0.58333
0.58333
0.58333
0.58333
0.58333
0.58333
0.58333
0.58333
0.58333
0.58333
0.58333
0.58333
0.58333
0.58333
0.58333
0.58333
0.58333
0.58333
0.58333
0.58333
0.58333
0.58333
0.58333
0.58333
0.58333
0.58333
0.58333
0.58333
0.58333
0.58333
0.58333
0.58333
0.58333
0.58333
0.58333
0.58333
0.58333
0.58333
0.58333
0.58333
0.58333
0.58333
0.58333
0.58333
0.58333
0.58333
0.58333
0.58333
0.58333
0.58333
0.58333
0.58333
0.58333
0.58333
0.58333
0.58333
0.58333
0.58333
0.58333
0.58333
0.58333
0.58333
0.58333
0.58333
0.58333
0.58333
0.58333
0.58333
0.58333
0.58333
0.58333
0.58333
0.58333
0.58333
0.58333
0.58333
0.58333
0.58333
0.58333
0.58333
0.58333
0.58333
0.58333
0.58333
0.58333
0.58333
0.58333
0.58333
0.58333
0.58333
0.58333
0.58333
0.58333
0.58333
0.58333
0.58333
0.58333
0.58333
0.58333
0.58333
0.58333
0.58333
0.58333
0.58333
0.58333
0.58333
0.58333
0.58333
0.58333
0.58333
0.58333
0.58333
0.58333
0.58333
0.58333
0.58333
0.58333
0.58333
0.58333
0.58333
0.58333
0.58333
0.58333
0.58333
0.58333
0.58333
0.58333
0.58333
0.58333
0.58333
0.58333
0.58333
0.58333
0.58333
0.58333
0.58333
0.58333
0.58333
0.58333
0.58333
0.58333
0.58333
0.58333
0.58333
0.58333
0.58333
0.58333
0.58333
0.58333
0.58333
0.58333
0.58333
0.58333
0.58333
0.58333
0.58333
0.58333
0.58333
0.58333
0.58333
0.58333
0.58333
0.58333
0.58333
0.58333
0.58333
0.58333
0.58333
0.58333
0.58333
0.58333
0.58333
0.58333
0.58333
0.58333
0.58333
0.58333
0.58333
0.58333
0.58333
0.58333
0.58333
0.58333
0.58333
0.58333
0.58333
0.58333
0.58333
0.58333
0.58333
0.58333
0.58333
0.58333
0.58333
0.58333
0.58333
0.58333
0.58333
0.58333
0.58333
0.58333
0.58333
0.58333
0.58333
0.58333
0.58333
0.58333
0.58333
0.58333
0.58333
0.58333
0.58333
0.58333
0.58333
0.58333
0.58333
0.58333
0.58333
0.58333
0.58333
0.58333
0.58333
0.58333
0.58333
0.58333
0.58333
0.58333
0.58333
0.58333
0.58333
0.58333
0.58333
0.58333
0.58333
0.58333
0.58333
0.58333
0.58333
0.58333
0.58333
0.58333
0.58333
0.58333
0.58333
0.58333
0.58333
0.58333
0.58333
0.58333
0.58333
0.58333
0.58333
0.58333
0.58333
0.58333
0.58333
0.58333
0.58333
0.58333
0.58333
0.58333
0.58333
0.58333
0.58333
0.58333
0.58333
0.58333
0.58333
0.58333
0.58333
0.58333
0.58333
0.58333
0.58333
0.58333
0.58333
0.58333
0.58333
0.58333
0.58333
0.58333
0.58333
0.58333
0.58333
0.58333
0.58333
0.58333
0.58333
0.58333
0.58333
0.58333
0.58333
0.58333
0.58333
0.58333
0.58333
0.58333
0.58333
0.58333
0.58333
0.58333
0.58333
0.58333
0.58333
0.58333
0.58333
0.58333
0.58333
0.58333
0.58333
0.58333
0.58333
0.58333
0.58333
0.58333
0.58333
0.58333
0.58333
0.58333
0.58333
0.58333
0.58333
0.58333
0.58333
0.58333
0.58333
0.58333
0.58333
0.58333
0.58333
0.58333
0.58333
0.58333
0.58333
0.58333
0.58333
0.58333
0.58333
0.58333
0.58333
0.58333
0.58333
0.58333
0.58333
0.58333
0.58333
0.58333
0.58333
0.58333
0.58333
0.58333
0.58333
0.58333
0.58333
0.58333
0.58333
0.58333
0.58333
0.58333
0.58333
0.58333
0.58333
0.58333
0.58333
0.58333
0.58333
0.58333
0.58333
0.58333
0.58333
0.58333
0.58333
0.58333
0.58333
0.58333
0.58333
0.58333
0.58333
0.58333
0.58333
0.58333
0.58333
0.58333
0.58333
0.58333
0.58333
0.58333
0.58333
0.58333
0.58333
0.58333
0.58333
0.58333
0.58333
0.58333
0.58333
0.58333
0.58333
0.58333
0.58333
0.58333
0.58333
0.58333
0.58333
0.58333
0.58333
0.58333
0.58333
0.58333
0.58333
0.58333
0.58333
0.58333
0.58333
0.58333
0.58333
0.58333
0.58333
0.58333
0.58333
0.58333
0.58333
0.58333
0.58333
0.58333
0.58333
0.58333
0.58333
0.58333
0.58333
0.58333
0.58333
0.58333
0.58333
0.58333
0.58333
0.58333
0.58333
0.58333
0.58333
0.58333
0.58333
0.58333
0.58333
0.58333
0.58333
0.58333
0.58333
0.58333
0.58333
0.58333
0.58333
0.58333
0.58333
0.58333
0.58333
0.58333
0.58333
0.58333
0.58333
0.58333
0.58333
0.58333
0.58333
0.58333
0.58333
0.58333
0.58333
0.58333
0.58333
0.58333
0.58333
0.58333
0.58333
0.58333
0.58333
0.58333
0.58333
0.58333
0.58333
0.58333
0.58333
0.58333
0.58333
0.58333
0.58333
0.58333
0.58333
0.58333
0.58333
0.58333
0.58333
0.58333
0.58333
0.58333
0.58333
0.58333
0.58333
0.58333
0.58333
0.58333
0.58333
0.58333
0.58333
0.58333
0.58333
0.58333
0.58333
0.58333
0.58333
0.58333
0.58333
0.58333
0.58333
0.58333
0.58333
0.58333
0.58333
0.58333
0.58333
0.58333
0.58333
0.58333
0.58333
0.58333
0.58333
0.58333
0.58333
0.58333
0.58333
0.58333
0.58333
0.58333
0.58333
0.58333
0.58333
0.58333
0.58333
0.58333
0.58333
0.58333
0.58333
0.58333
0.58333
0.58333
0.58333
0.58333
0.58333
0.58333
0.58333
0.58333
0.58333
0.58333
0.58333
0.58333
0.58333
0.58333
0.58333
0.58333
0.58333
0.58333
0.58333
0.58333
0.58333
0.58333
0.58333
0.58333
0.58333
0.58333
0.58333
0.58333
0.58333
0.58333
0.58333
0.58333
0.58333
0.58333
0.58333
0.58333
0.58333
0.58333
0.58333
0.58333
0.58333
0.58333
0.58333
0.58333
0.58333
0.58333
0.58333
0.58333
0.58333
0.58333
0.58333
0.58333
0.58333
0.58333
0.58333
0.58333
0.58333
0.58333
0.58333
0.58333
0.58333
0.58333
0.58333
0.58333
0.58333
0.58333
0.58333
0.58333
0.58333
0.58333
0.58333
0.58333
0.58333
0.58333
0.58333
0.58333
0.58333
0.58333
0.58333
0.58333
0.58333
0.58333
0.58333
0.58333
0.58333
0.58333
0.58333
0.58333
0.58333
0.58333
0.58333
0.58333
0.58333
0.58333
0.58333
0.58333
0.58333
0.58333
0.58333
0.58333
0.58333
0.58333
0.58333
0.58333
0.58333
0.58333
0.58333
0.58333
0.58333
0.58333
0.58333
0.58333
0.58333
0.58333
0.58333
0.58333
0.58333
0.58333
0.58333
0.58333
0.58333
0.58333
0.58333
0.58333
0.58333
0.58333
0.58333
0.58333
0.58333
0.58333
0.58333
0.58333
0.58333
0.58333
0.58333
0.58333
0.58333
0.58333
0.58333
0.58333
0.58333
0.58333
0.58333
0.58333
0.58333
0.58333
0.58333
0.58333
0.58333
0.58333
0.58333
0.58333
0.58333
0.58333
0.58333
0.58333
0.58333
0.58333
0.58333
0.58333
0.58333
0.58333
0.58333
0.58333
0.58333
0.58333
0.58333
0.58333
0.58333
0.58333
0.58333
0.58333
0.58333
0.58333
0.58333
0.58333
0.58333
0.58333
0.58333
0.58333
0.58333
0.58333
0.58333
0.58333
0.58333
0.58333
0.58333
0.58333
0.58333
0.58333
0.58333
0.58333
0.58333
0.58333
0.58333
0.58333
0.58333
0.58333
0.58333
0.58333
0.58333
0.58333
0.58333
0.58333
0.58333
0.58333
0.58333
0.58333
0.58333
0.58333
0.58333
0.58333
0.58333
0.58333
0.58333
0.58333
0.58333
0.58333
0.58333
0.58333
0.58333
0.58333
0.58333
0.58333
0.58333
0.58333
0.58333
0.58333
0.58333
0.58333
0.58333
0.58333
0.58333
0.58333
0.58333
0.58333
0.58333
0.58333
0.58333
0.58333
0.58333
0.58333
0.58333
0.58333
0.58333
0.58333
0.58333
0.58333
0.58333
0.58333
0.58333
0.58333
0.58333
0.58333
0.58333
0.58333
0.58333
0.58333
0.58333
0.58333
0.58333
0.58333
0.58333
0.58333
0.58333
0.58333
0.58333
0.58333
0.58333
0.58333
0.58333
0.58333
0.58333
0.58333
0.58333
0.58333
0.58333
0.58333
0.58333
0.58333
0.58333
0.58333
0.58333
0.58333
0.58333
0.58333
0.58333
0.58333
0.58333
0.58333
0.58333
0.58333
0.58333
0.58333
0.58333
0.58333
0.58333
0.58333
0.58333
0.58333
0.58333
0.58333
0.58333
0.58333
0.58333
0.58333
0.58333
0.58333
0.58333
0.58333
0.58333
0.58333
0.58333
0.58333
0.58333
0.58333
0.58333
0.58333
0.58333
0.58333
0.58333
0.58333
0.58333
0.58333
0.58333
0.58333
0.58333
0.58333
0.58333
0.58333
0.58333
0.58333
0.58333
0.58333
0.58333
0.58333
0.58333
0.58333
0.58333
0.58333
0.58333
0.58333
0.58333
0.58333
0.58333
0.58333
0.58333
0.58333
0.58333
0.58333
0.58333
0.58333
0.58333
0.58333
0.58333
0.58333
0.58333
0.58333
0.58333
0.58333
0.58333
0.58333
0.58333
0.58333
0.58333
0.58333
0.58333
0.58333
0.58333
0.58333
0.58333
0.58333
0.58333
0.58333
0.58333
0.58333
0.58333
0.58333
0.58333
0.58333
0.58333
0.58333
0.58333
0.58333
0.58333
0.58333
0.58333
0.58333
0.58333
0.58333
0.58333
0.58333
0.58333
0.58333
0.58333
0.58333
0.58333
0.58333
0.58333
0.58333
0.58333
0.58333
0.58333
0.58333
0.58333
0.58333
0.58333
0.58333
0.58333
0.58333
0.58333
0.58333
0.58333
0.58333
0.58333
0.58333
0.58333
0.58333
0.58333
0.58333
0.58333
0.58333
0.58333
0.58333
0.58333
0.58333
0.58333
0.58333
0.58333
0.58333
0.58333
0.58333
0.58333
0.58333
0.58333
0.58333
0.58333
0.58333
0.58333
0.58333
0.58333
0.58333
0.58333
0.58333
0.58333
0.58333
0.58333
0.58333
0.58333
0.58333
0.58333
0.58333
0.58333
0.58333
0.58333
0.58333
0.58333
0.58333
0.58333
0.58333
0.58333
0.58333
0.58333
0.58333
0.58333
0.58333
0.58333
0.58333
0.58333
0.58333
0.58333
0.58333
0.58333
0.58333
0.58333
0.58333
0.58333
0.58333
0.58333
0.58333
0.58333
0.58333
0.58333
0.58333
0.58333
0.58333
0.58333
0.58333
0.58333
0.58333
0.58333
0.58333
0.58333
0.58333
0.58333
0.58333
0.58333
0.58333
0.58333
0.58333
0.58333
0.58333
0.58333
0.58333
0.58333
0.58333
0.58333
0.58333
0.58333
0.58333
0.58333
0.58333
0.58333
0.58333
0.58333
0.58333
0.58333
0.58333
0.58333
0.58333
0.58333
0.58333
0.58333
0.58333
0.58333
0.58333
0.58333
0.58333
0.58333
0.58333
0.58333
0.58333
0.58333
0.58333
0.58333
0.58333
0.58333
0.58333
0.58333
0.58333
0.58333
0.58333
0.58333
0.58333
0.58333
0.58333
0.58333
0.58333
0.58333
0.58333
0.58333
0.58333
0.58333
0.58333
0.58333
0.58333
0.58333
0.58333
0.58333
0.58333
0.58333
0.58333
0.58333
0.58333
0.58333
0.58333
0.58333
0.58333
0.58333
0.58333
0.58333
0.58333
0.58333
0.58333
0.58333
0.58333
0.58333
0.58333
0.58333
0.58333
0.58333
0.58333
0.58333
0.58333
0.58333
0.58333
0.58333
0.58333
0.58333
0.58333
0.58333
0.58333
0.58333
0.58333
0.58333
0.58333
0.58333
0.58333
0.58333
0.58333
0.58333
0.58333
0.58333
0.58333
0.58333
0.58333
0.58333
0.58333
0.58333
0.58333
0.58333
0.58333
0.58333
0.58333
0.58333
0.58333
0.58333
0.58333
0.58333
0.58333
0.58333
0.58333
0.58333
0.58333
0.58333
0.58333
0.58333
0.58333
0.58333
0.58333
0.58333
0.58333
0.58333
0.58333
0.58333
0.58333
0.58333
0.58333
0.58333
0.58333
0.58333
0.58333
0.58333
0.58333
0.58333
0.58333
0.58333
0.58333
0.58333
0.58333
0.58333
0.58333
0.58333
0.58333
0.58333
0.58333
0.58333
0.58333
0.58333
0.58333
0.58333
0.58333
0.58333
0.58333
0.58333
0.58333
0.58333
0.58333
0.58333
0.58333
0.58333
0.58333
0.58333
0.58333
0.58333
0.58333
0.58333
0.58333
0.58333
0.58333
0.58333
0.58333
0.58333
0.58333
0.58333
0.58333
0.58333
0.58333
0.58333
0.58333
0.58333
0.58333
0.58333
0.58333
0.58333
0.58333
0.58333
0.58333
0.58333
0.58333
0.58333
0.58333
0.58333
0.58333
0.58333
0.58333
0.58333
0.58333
0.58333
0.58333
0.58333
0.58333
0.58333
0.58333
0.58333
0.58333
0.58333
0.58333
0.58333
0.58333
0.58333
0.58333
0.58333
0.58333
0.58333
0.58333
0.58333
0.58333
0.58333
0.58333
0.58333
0.58333
0.58333
0.58333
0.58333
0.58333
0.58333
0.58333
0.58333
0.58333
0.58333
0.58333
0.58333
0.58333
0.58333
0.58333
0.58333
0.58333
0.58333
0.58333
0.58333
0.58333
0.58333
0.58333
0.58333
0.58333
0.58333
0.58333
0.58333
0.58333
0.58333
0.58333
0.58333
0.58333
0.58333
0.58333
0.58333
0.58333
0.58333
0.58333
0.58333
0.58333
0.58333
0.58333
0.58333
0.58333
0.58333
0.58333
0.58333
0.58333
0.58333
0.58333
0.58333
0.58333
0.58333
0.58333
0.58333
0.58333
0.58333
0.58333
0.58333
0.58333
0.58333
0.58333
0.58333
0.58333
0.58333
0.58333
0.58333
0.58333
0.58333
0.58333
0.58333
0.58333
0.58333
0.58333
0.58333
0.58333
0.58333
0.58333
0.58333
0.58333
0.58333
0.58333
0.58333
0.58333
0.58333
0.58333
0.58333
0.58333
0.58333
0.58333
0.58333
0.58333
0.58333
0.58333
0.58333
0.58333
0.58333
0.58333
0.58333
0.58333
0.58333
0.58333
0.58333
0.58333
0.58333
0.58333
0.58333
0.58333
0.58333
0.58333
0.58333
0.58333
0.58333
0.58333
0.58333
0.58333
0.58333
0.58333
0.58333
0.58333
0.58333
0.58333
0.58333
0.58333
0.58333
0.58333
0.58333
0.58333
0.58333
0.58333
0.58333
0.58333
0.58333
0.58333
0.58333
0.58333
0.58333
0.58333
0.58333
0.58333
0.58333
0.58333
0.58333
0.58333
0.58333
0.58333
0.58333
0.58333
0.58333
0.58333
0.58333
0.58333
0.58333
0.58333
0.58333
0.58333
0.58333
0.58333
0.58333
0.58333
0.58333
0.58333
0.58333
0.58333
0.58333
0.58333
0.58333
0.58333
0.58333
0.58333
0.58333
0.58333
0.58333
0.58333
0.58333
0.58333
0.58333
0.58333
0.58333
0.58333
0.58333
0.58333
0.58333
0.58333
0.58333
0.58333
0.58333
0.58333
0.58333
0.58333
0.58333
0.58333
0.58333
0.58333
0.58333
0.58333
0.58333
0.58333
0.58333
0.58333
0.58333
0.58333
0.58333
0.58333
0.58333
0.58333
0.58333
0.58333
0.58333
0.58333
0.58333
0.58333
0.58333
0.58333
0.58333
0.58333
0.58333
0.58333
0.58333
0.58333
0.58333
0.58333
0.58333
0.58333
0.58333
0.58333
0.58333
0.58333
0.58333
0.58333
0.58333
0.58333
0.58333
0.58333
0.58333
0.58333
0.58333
0.58333
0.58333
0.58333
0.58333
0.58333
0.58333
0.58333
0.58333
0.58333
0.58333
0.58333
0.58333
0.58333
0.58333
0.58333
0.58333
0.58333
0.58333
0.58333
0.58333
0.58333
0.58333
0.58333
0.58333
0.58333
0.58333
0.58333
0.58333
0.58333
0.58333
0.58333
0.58333
0.58333
0.58333
0.58333
0.58333
0.58333
0.58333
0.58333
0.58333
0.58333
0.58333
0.58333
0.58333
0.58333
0.58333
0.58333
0.58333
0.58333
0.58333
0.58333
0.58333
0.58333
0.58333
0.58333
0.58333
0.58333
0.58333
0.58333
0.58333
0.58333
0.58333
0.58333
0.58333
0.58333
0.58333
0.58333
0.58333
0.58333
0.58333
0.58333
0.58333
0.58333
0.58333
0.58333
0.58333
0.58333
0.58333
0.58333
0.58333
0.58333
0.58333
0.58333
0.58333
0.58333
0.58333
0.58333
0.58333
0.58333
0.58333
0.58333
0.58333
0.58333
0.58333
0.58333
0.58333
0.58333
0.58333
0.58333
0.58333
0.58333
0.58333
0.58333
0.58333
0.58333
0.58333
0.58333
0.58333
0.58333
0.58333
0.58333
0.58333
0.58333
0.58333
0.58333
0.58333
0.58333
0.58333
0.58333
0.58333
0.58333
0.58333
0.58333
0.58333
0.58333
0.58333
0.58333
0.58333
0.58333
0.58333
0.58333
0.58333
0.58333
0.58333
0.58333
0.58333
0.58333
0.58333
0.58333
0.58333
0.58333
0.58333
0.58333
0.58333
0.58333
0.58333
0.58333
0.58333
0.58333
0.58333
0.58333
0.58333
0.58333
0.58333
0.58333
0.58333
0.58333
0.58333
0.58333
0.58333
0.58333
0.58333
0.58333
0.58333
0.58333
0.58333
0.58333
0.58333
0.58333
0.58333
0.58333
0.58333
0.58333
0.58333
0.58333
0.58333
0.58333
0.58333
0.58333
0.58333
0.58333
0.58333
0.58333
0.58333
0.58333
0.58333
0.58333
0.58333
0.58333
0.58333
0.58333
0.58333
0.58333
0.58333
0.58333
0.58333
0.58333
0.58333
0.58333
0.58333
0.58333
0.58333
0.58333
0.58333
0.58333
0.58333
0.58333
0.58333
0.58333
0.58333
0.58333
0.58333
0.58333
0.58333
0.58333
0.58333
0.58333
0.58333
0.58333
0.58333
0.58333
0.58333
0.58333
0.58333
0.58333
0.58333
0.58333
0.58333
0.58333
0.58333
0.58333
0.58333
0.58333
0.58333
0.58333
0.58333
0.58333
0.58333
0.58333
0.58333
0.58333
0.58333
0.58333
0.58333
0.58333
0.58333
0.58333
0.58333
0.58333
0.58333
0.58333
0.58333
0.58333
0.58333
0.58333
0.58333
0.58333
0.58333
0.58333
0.58333
0.58333
0.58333
0.58333
0.58333
0.58333
0.58333
0.58333
0.58333
0.58333
0.58333
0.58333
0.58333
0.58333
0.58333
0.58333
0.58333
0.58333
0.58333
0.58333
0.58333
0.58333
0.58333
0.58333
0.58333
0.58333
0.58333
0.58333
0.58333
0.58333
0.58333
0.58333
0.58333
0.58333
0.58333
0.58333
0.58333
0.58333
0.58333
0.58333
0.58333
0.58333
0.58333
0.58333
0.58333
0.58333
0.58333
0.58333
0.58333
0.58333
0.58333
0.58333
0.58333
0.58333
0.58333
0.58333
0.58333
0.58333
0.58333
0.58333
0.58333
0.58333
0.58333
0.58333
0.58333
0.58333
0.58333
0.58333
0.58333
0.58333
0.58333
0.58333
0.58333
0.58333
0.58333
0.58333
0.58333
0.58333
0.58333
0.58333
0.58333
0.58333
0.58333
0.58333
0.58333
0.58333
0.58333
0.58333
0.58333
0.58333
0.58333
0.58333
0.58333
0.58333
0.58333
0.58333
0.58333
0.58333
0.58333
0.58333
0.58333
0.58333
0.58333
0.58333
0.58333
0.58333
0.58333
0.58333
0.58333
0.58333
0.58333
0.58333
0.58333
0.58333
0.58333
0.58333
0.58333
0.58333
0.58333
0.58333
0.58333
0.58333
0.58333
0.58333
0.58333
0.58333
0.58333
0.58333
0.58333
0.58333
0.58333
0.58333
0.58333
0.58333
0.58333
0.58333
0.58333
0.58333
0.58333
0.58333
0.58333
0.58333
0.58333
0.58333
0.58333
0.58333
0.58333
0.58333
0.58333
0.58333
0.58333
0.58333
0.58333
0.58333
0.58333
0.58333
0.58333
0.58333
0.58333
0.58333
0.58333
0.58333
0.58333
0.58333
0.58333
0.58333
0.58333
0.58333
0.58333
0.58333
0.58333
0.58333
0.58333
0.58333
0.58333
0.58333
0.58333
0.58333
0.58333
0.58333
0.58333
0.58333
0.58333
0.58333
0.58333
0.58333
0.58333
0.58333
0.58333
0.58333
0.58333
0.58333
0.58333
0.58333
0.58333
0.58333
0.58333
0.58333
0.58333
0.58333
0.58333
0.58333
0.58333
0.58333
0.58333
0.58333
0.58333
0.58333
0.58333
0.58333
0.58333
0.58333
0.58333
0.58333
0.58333
0.58333
0.58333
0.58333
0.58333
0.58333
0.58333
0.58333
0.58333
0.58333
0.58333
0.58333
0.58333
0.58333
0.58333
0.58333
0.58333
0.58333
0.58333
0.58333
0.58333
0.58333
0.58333
0.58333
0.58333
0.58333
0.58333
0.58333
0.58333
0.58333
0.58333
0.58333
0.58333
0.58333
0.58333
0.58333
0.58333
0.58333
0.58333
0.58333
0.58333
0.58333
0.58333
0.58333
0.58333
0.58333
0.58333
0.58333
0.58333
0.58333
0.58333
0.58333
0.58333
0.58333
0.58333
0.58333
0.58333
0.58333
0.58333
0.58333
0.58333
0.58333
0.58333
0.58333
0.58333
0.58333
0.58333
0.58333
0.58333
0.58333
0.58333
0.58333
0.58333
0.58333
0.58333
0.58333
0.58333
0.58333
0.58333
0.58333
0.58333
0.58333
0.58333
0.58333
0.58333
0.58333
0.58333
0.58333
0.58333
0.58333
0.58333
0.58333
0.58333
0.58333
0.58333
0.58333
0.58333
0.58333
0.58333
0.58333
0.58333
0.58333
0.58333
0.58333
0.58333
0.58333
0.58333
0.58333
0.58333
0.58333
0.58333
0.58333
0.58333
0.58333
0.58333
0.58333
0.58333
0.58333
0.58333
0.58333
0.58333
0.58333
0.58333
0.58333
0.58333
0.58333
0.58333
0.58333
0.58333
0.58333
0.58333
0.58333
0.58333
0.58333
0.58333
0.58333
0.58333
0.58333
0.58333
0.58333
0.58333
0.58333
0.58333
0.58333
0.58333
0.58333
0.58333
0.58333
0.58333
0.58333
0.58333
0.58333
0.58333
0.58333
0.58333
0.58333
0.58333
0.58333
0.58333
0.58333
0.58333
0.58333
0.58333
0.58333
0.58333
0.58333
0.58333
0.58333
0.58333
0.58333
0.58333
0.58333
0.58333
0.58333
0.58333
0.58333
0.58333
0.58333
0.58333
0.58333
0.58333
0.58333
0.58333
0.58333
0.58333
0.58333
0.58333
0.58333
0.58333
0.58333
0.58333
0.58333
0.58333
0.58333
0.58333
0.58333
0.58333
0.58333
0.58333
0.58333
0.58333
0.58333
0.58333
0.58333
0.58333
0.58333
0.58333
0.58333
0.58333
0.58333
0.58333
0.58333
0.58333
0.58333
0.58333
0.58333
0.58333
0.58333
0.58333
0.58333
0.58333
0.58333
0.58333
0.58333
0.58333
0.58333
0.58333
0.58333
0.58333
0.58333
0.58333
0.58333
0.58333
0.58333
0.58333
0.58333
0.58333
0.58333
0.58333
0.58333
0.58333
0.58333
0.58333
0.58333
0.58333
0.58333
0.58333
0.58333
0.58333
0.58333
0.58333
0.58333
0.58333
0.58333
0.58333
0.58333
0.58333
0.58333
0.58333
0.58333
0.58333
0.58333
0.58333
0.58333
0.58333
0.58333
0.58333
0.58333
0.58333
0.58333
0.58333
0.58333
0.58333
0.58333
0.58333
0.58333
0.58333
0.58333
0.58333
0.58333
0.58333
0.58333
0.58333
0.58333
0.58333
0.58333
0.58333
0.58333
0.58333
0.58333
0.58333
0.58333
0.58333
0.58333
0.58333
0.58333
0.58333
0.58333
0.58333
0.58333
0.58333
0.58333
0.58333
0.58333
0.58333
0.58333
0.58333
0.58333
0.58333
0.58333
0.58333
0.58333
0.58333
0.58333
0.58333
0.58333
0.58333
0.58333
0.58333
0.58333
0.58333
0.58333
0.58333
0.58333
0.58333
0.58333
0.58333
0.58333
0.58333
0.58333
0.58333
0.58333
0.58333
0.58333
0.58333
0.58333
0.58333
0.58333
0.58333
0.58333
0.58333
0.58333
0.58333
0.58333
0.58333
0.58333
0.58333
0.58333
0.58333
0.58333
0.58333
0.58333
0.58333
0.58333
0.58333
0.58333
0.58333
0.58333
0.58333
0.58333
0.58333
0.58333
0.58333
0.58333
0.58333
0.58333
0.58333
0.58333
0.58333
0.58333
0.58333
0.58333
0.58333
0.58333
0.58333
0.58333
0.58333
0.58333
0.58333
0.58333
0.58333
0.58333
0.58333
0.58333
0.58333
0.58333
0.58333
0.58333
0.58333
0.58333
0.58333
0.58333
0.58333
0.58333
0.58333
0.58333
0.58333
0.58333
0.58333
0.58333
0.58333
0.58333
0.58333
0.58333
0.58333
0.58333
0.58333
0.58333
0.58333
0.58333
0.58333
0.58333
0.58333
0.58333
0.58333
0.58333
0.58333
0.58333
0.58333
0.58333
0.58333
0.58333
0.58333
0.58333
0.58333
0.58333
0.58333
0.58333
0.58333
0.58333
0.58333
0.58333
0.58333
0.58333
0.58333
0.58333
0.58333
0.58333
0.58333
0.58333
0.58333
0.58333
0.58333
0.58333
0.58333
0.58333
0.58333
0.58333
0.58333
0.58333
0.58333
0.58333
0.58333
0.58333
0.58333
0.58333
0.58333
0.58333
0.58333
0.58333
0.58333
0.58333
0.58333
0.58333
0.58333
0.58333
0.58333
0.58333
0.58333
0.58333
0.58333
0.58333
0.58333
0.58333
0.58333
0.58333
0.58333
0.58333
0.58333
0.58333
0.58333
0.58333
0.58333
0.58333
0.58333
0.58333
0.58333
0.58333
0.58333
0.58333
0.58333
0.58333
0.58333
0.58333
0.58333
0.58333
0.58333
0.58333
0.58333
0.58333
0.58333
0.58333
0.58333
0.58333
0.58333
0.58333
0.58333
0.58333
0.58333
0.58333
0.58333
0.58333
0.58333
0.58333
0.58333
0.58333
0.58333
0.58333
0.58333
0.58333
0.58333
0.58333
0.58333
0.58333
0.58333
0.58333
0.58333
0.58333
0.58333
0.58333
0.58333
0.58333
0.58333
0.58333
0.58333
0.58333
0.58333
0.58333
0.58333
0.58333
0.58333
0.58333
0.58333
0.58333
0.58333
0.58333
0.58333
0.58333
0.58333
0.58333
0.58333
0.58333
0.58333
0.58333
0.58333
0.58333
0.58333
0.58333
0.58333
0.58333
0.58333
0.58333
0.58333
0.58333
0.58333
0.58333
0.58333
0.58333
0.58333
0.58333
0.58333
0.58333
0.58333
0.58333
0.58333
0.58333
0.58333
0.58333
0.58333
0.58333
0.58333
0.58333
0.58333
0.58333
0.58333
0.58333
0.58333
0.58333
0.58333
0.58333
0.58333
0.58333
0.58333
0.58333
0.58333
0.58333
0.58333
0.58333
0.58333
0.58333
0.58333
0.58333
0.58333
0.58333
0.58333
0.58333
0.58333
0.58333
0.58333
0.58333
0.58333
0.58333
0.58333
0.58333
0.58333
0.58333
0.58333
0.58333
0.58333
0.58333
0.58333
0.58333
0.58333
0.58333
0.58333
0.58333
0.58333
0.58333
0.58333
0.58333
0.58333
0.58333
0.58333
0.58333
0.58333
0.58333
0.58333
0.58333
0.58333
0.58333
0.58333
0.58333
0.58333
0.58333
0.58333
0.58333
0.58333
0.58333
0.58333
0.58333
0.58333
0.58333
0.58333
0.58333
0.58333
0.58333
0.58333
0.58333
0.58333
0.58333
0.58333
0.58333
0.58333
0.58333
0.58333
0.58333
0.58333
0.58333
0.58333
0.58333
0.58333
0.58333
0.58333
0.58333
0.58333
0.58333
0.58333
0.58333
0.58333
0.58333
0.58333
0.58333
0.58333
0.58333
0.58333
0.58333
0.58333
0.58333
0.58333
0.58333
0.58333
0.58333
0.58333
0.58333
0.58333
0.58333
0.58333
0.58333
0.58333
0.58333
0.58333
0.58333
0.58333
0.58333
0.58333
0.58333
0.58333
0.58333
0.58333
0.58333
0.58333
0.58333
0.58333
0.58333
0.58333
0.58333
0.58333
0.58333
0.58333
0.58333
0.58333
0.58333
0.58333
0.58333
0.58333
0.58333
0.58333
0.58333
0.58333
0.58333
0.58333
0.58333
0.58333
0.58333
0.58333
0.58333
0.58333
0.58333
0.58333
0.58333
0.58333
0.58333
0.58333
0.58333
0.58333
0.58333
0.58333
0.58333
0.58333
0.58333
0.58333
0.58333
0.58333
0.58333
0.58333
0.58333
0.58333
0.58333
0.58333
0.58333
0.58333
0.58333
0.58333
0.58333
0.58333
0.58333
0.58333
0.58333
0.58333
0.58333
0.58333
0.58333
0.58333
0.58333
0.58333
0.58333
0.58333
0.58333
0.58333
0.58333
0.58333
0.58333
0.58333
0.58333
0.58333
0.58333
0.58333
0.58333
0.58333
0.58333
0.58333
0.58333
0.58333
0.58333
0.58333
0.58333
0.58333
0.58333
0.58333
0.58333
0.58333
0.58333
0.58333
0.58333
0.58333
0.58333
0.58333
0.58333
0.58333
0.58333
0.58333
0.58333
0.58333
0.58333
0.58333
0.58333
0.58333
0.58333
0.58333
0.58333
0.58333
0.58333
0.58333
0.58333
0.58333
0.58333
0.58333
0.58333
0.58333
0.58333
0.58333
0.58333
0.58333
0.58333
0.58333
0.58333
0.58333
0.58333
0.58333
0.58333
0.58333
0.58333
0.58333
0.58333
0.58333
0.58333
0.58333
0.58333
0.58333
0.58333
0.58333
0.58333
0.58333
0.58333
0.58333
0.58333
0.58333
0.58333
0.58333
0.58333
0.58333
0.58333
0.58333
0.58333
0.58333
0.58333
0.58333
0.58333
0.58333
0.58333
0.58333
0.58333
0.58333
0.58333
0.58333
0.58333
0.58333
0.58333
0.58333
0.58333
0.58333
0.58333
0.58333
0.58333
0.58333
0.58333
0.58333
0.58333
0.58333
0.58333
0.58333
0.58333
0.58333
0.58333
0.58333
0.58333
0.58333
0.58333
0.58333
0.58333
0.58333
0.58333
0.58333
0.58333
0.58333
0.58333
0.58333
0.58333
0.58333
0.58333
0.58333
0.58333
0.58333
0.58333
0.58333
0.58333
0.58333
0.58333
0.58333
0.58333
0.58333
0.58333
0.58333
0.58333
0.58333
0.58333
0.58333
0.58333
0.58333
0.58333
0.58333
0.58333
0.58333
0.58333
0.58333
0.58333
0.58333
0.58333
0.58333
0.58333
0.58333
0.58333
0.58333
0.58333
0.58333
0.58333
0.58333
0.58333
0.58333
0.58333
0.58333
0.58333
0.58333
0.58333
0.58333
0.58333
0.58333
0.58333
0.58333
0.58333
0.58333
0.58333
0.58333
0.58333
0.58333
0.58333
0.58333
0.58333
0.58333
0.58333
0.58333
0.58333
0.58333
0.58333
0.58333
0.58333
0.58333
0.58333
0.58333
0.58333
0.58333
0.58333
0.58333
0.58333
0.58333
0.58333
0.58333
0.58333
0.58333
0.58333
0.58333
0.58333
0.58333
0.58333
0.58333
0.58333
0.58333
0.58333
0.58333
0.58333
0.58333
0.58333
0.58333
0.58333
0.58333
0.58333
0.58333
0.58333
0.58333
0.58333
0.58333
0.58333
0.58333
0.58333
0.58333
0.58333
0.58333
0.58333
0.58333
0.58333
0.58333
0.58333
0.58333
0.58333
0.58333
0.58333
0.58333
0.58333
0.58333
0.58333
0.58333
0.58333
0.58333
0.58333
0.58333
0.58333
0.58333
0.58333
0.58333
0.58333
0.58333
0.58333
0.58333
0.58333
0.58333
0.58333
0.58333
0.58333
0.58333
0.58333
0.58333
0.58333
0.58333
0.58333
0.58333
0.58333
0.58333
0.58333
0.58333
0.58333
0.58333
0.58333
0.58333
0.58333
0.58333
0.58333
0.58333
0.58333
0.58333
0.58333
0.58333
0.58333
0.58333
0.58333
0.58333
0.58333
0.58333
0.58333
0.58333
0.58333
0.58333
0.58333
0.58333
0.58333
0.58333
0.58333
0.58333
0.58333
0.58333
0.58333
0.58333
0.58333
0.58333
0.58333
0.58333
0.58333
0.58333
0.58333
0.58333
0.58333
0.58333
0.58333
0.58333
0.58333
0.58333
0.58333
0.58333
0.58333
0.58333
0.58333
0.58333
0.58333
0.58333
0.58333
0.58333
0.58333
0.58333
0.58333
0.58333
0.58333
0.58333
0.58333
0.58333
0.58333
0.58333
0.58333
0.58333
0.58333
0.58333
0.58333
0.58333
0.58333
0.58333
0.58333
0.58333
0.58333
0.58333
0.58333
0.58333
0.58333
0.58333
0.58333
0.58333
0.58333
0.58333
0.58333
0.58333
0.58333
0.58333
0.58333
0.58333
0.58333
0.58333
0.58333
0.58333
0.58333
0.58333
0.58333
0.58333
0.58333
0.58333
0.58333
0.58333
0.58333
0.58333
0.58333
0.58333
0.58333
0.58333
0.58333
0.58333
0.58333
0.58333
0.58333
0.58333
0.58333
0.58333
0.58333
0.58333
0.58333
0.58333
0.58333
0.58333
0.58333
0.58333
0.58333
0.58333
0.58333
0.58333
0.58333
0.58333
0.58333
0.58333
0.58333
0.58333
0.58333
0.58333
0.58333
0.58333
0.58333
0.58333
0.58333
0.58333
0.58333
0.58333
0.58333
0.58333
0.58333
0.58333
0.58333
0.58333
0.58333
0.58333
0.58333
0.58333
0.58333
0.58333
0.58333
0.58333
0.58333
0.58333
0.58333
0.58333
0.58333
0.58333
0.58333
0.58333
0.58333
0.58333
0.58333
0.58333
0.58333
0.58333
0.58333
0.58333
0.58333
0.58333
0.58333
0.58333
0.58333
0.58333
0.58333
0.58333
0.58333
0.58333
0.58333
0.58333
0.58333
0.58333
0.58333
0.58333
0.58333
0.58333
0.58333
0.58333
0.58333
0.58333
0.58333
0.58333
0.58333
0.58333
0.58333
0.58333
0.58333
0.58333
0.58333
0.58333
0.58333
0.58333
0.58333
0.58333
0.58333
0.58333
0.58333
0.58333
0.58333
0.58333
0.58333
0.58333
0.58333
0.58333
0.58333
0.58333
0.58333
0.58333
0.58333
0.58333
0.58333
0.58333
0.58333
0.58333
0.58333
0.58333
0.58333
0.58333
0.58333
0.58333
0.58333
0.58333
0.58333
0.58333
0.58333
0.58333
0.58333
0.58333
0.58333
0.58333
0.58333
0.58333
0.58333
0.58333
0.58333
0.58333
0.58333
0.58333
0.58333
0.58333
0.58333
0.58333
0.58333
0.58333
0.58333
0.58333
0.58333
0.58333
0.58333
0.58333
0.58333
0.58333
0.58333
0.58333
0.58333
0.58333
0.58333
0.58333
0.58333
0.58333
0.58333
0.58333
0.58333
0.58333
0.58333
0.58333
0.58333
0.58333
0.58333
0.58333
0.58333
0.58333
0.58333
0.58333
0.58333
0.58333
0.58333
0.58333
0.58333
0.58333
0.58333
0.58333
0.58333
0.58333
0.58333
0.58333
0.58333
0.58333
0.58333
0.58333
0.58333
0.58333
0.58333
0.58333
0.58333
0.58333
0.58333
0.58333
0.58333
0.58333
0.58333
0.58333
0.58333
0.58333
0.58333
0.58333
0.58333
0.58333
0.58333
0.58333
0.58333
0.58333
0.58333
0.58333
0.58333
0.58333
0.58333
0.58333
0.58333
0.58333
0.58333
0.58333
0.58333
0.58333
0.58333
0.58333
0.58333
0.58333
0.58333
0.58333
0.58333
0.58333
0.58333
0.58333
0.58333
0.58333
0.58333
0.58333
0.58333
0.58333
0.58333
0.58333
0.58333
0.58333
0.58333
0.58333
0.58333
0.58333
0.58333
0.58333
0.58333
0.58333
0.58333
0.58333
0.58333
0.58333
0.58333
0.58333
0.58333
0.58333
0.58333
0.58333
0.58333
0.58333
0.58333
0.58333
0.58333
0.58333
0.58333
0.58333
0.58333
0.58333
0.58333
0.58333
0.58333
0.58333
0.58333
0.58333
0.58333
0.58333
0.58333
0.58333
0.58333
0.58333
0.58333
0.58333
0.58333
0.58333
0.58333
0.58333
0.58333
0.58333
0.58333
0.58333
0.58333
0.58333
0.58333
0.58333
0.58333
0.58333
0.58333
0.58333
0.58333
0.58333
0.58333
0.58333
0.58333
0.58333
0.58333
0.58333
0.58333
0.58333
0.58333
0.58333
0.58333
0.58333
0.58333
0.58333
0.58333
0.58333
0.58333
0.58333
0.58333
0.58333
0.58333
0.58333
0.58333
0.58333
0.58333
0.58333
0.58333
0.58333
0.58333
0.58333
0.58333
0.58333
0.58333
0.58333
0.58333
0.58333
0.58333
0.58333
0.58333
0.58333
0.58333
0.58333
0.58333
0.58333
0.58333
0.58333
0.58333
0.58333
0.58333
0.58333
0.58333
0.58333
0.58333
0.58333
0.58333
0.58333
0.58333
0.58333
0.58333
0.58333
0.58333
0.58333
0.58333
0.58333
0.58333
0.58333
0.58333
0.58333
0.58333
0.58333
0.58333
0.58333
0.58333
0.58333
0.58333
0.58333
0.58333
0.58333
0.58333
0.58333
0.58333
0.58333
0.58333
0.58333
0.58333
0.58333
0.58333
0.58333
0.58333
0.58333
0.58333
0.58333
0.58333
0.58333
0.58333
0.58333
0.58333
0.58333
0.58333
0.58333
0.58333
0.58333
0.58333
0.58333
0.58333
0.58333
0.58333
0.58333
0.58333
0.58333
0.58333
0.58333
0.58333
0.58333
0.58333
0.58333
0.58333
0.58333
0.58333
0.58333
0.58333
0.58333
0.58333
0.58333
0.58333
0.58333
0.58333
0.58333
0.58333
0.58333
0.58333
0.58333
0.58333
0.58333
0.58333
0.58333
0.58333
0.58333
0.58333
0.58333
0.58333
0.58333
0.58333
0.58333
0.58333
0.58333
0.58333
0.58333
0.58333
0.58333
0.58333
0.58333
0.58333
0.58333
0.58333
0.58333
0.58333
0.58333
0.58333
0.58333
0.58333
0.58333
0.58333
0.58333
0.58333
0.58333
0.58333
0.58333
0.58333
0.58333
0.58333
0.58333
0.58333
0.58333
0.58333
0.58333
0.58333
0.58333
0.58333
0.58333
0.58333
0.58333
0.58333
0.58333
0.58333
0.58333
0.58333
0.58333
0.58333
0.58333
0.58333
0.58333
0.58333
0.58333
0.58333
0.58333
0.58333
0.58333
0.58333
0.58333
0.58333
0.58333
0.58333
0.58333
0.58333
0.58333
0.58333
0.58333
0.58333
0.58333
0.58333
0.58333
0.58333
0.58333
0.58333
0.58333
0.58333
0.58333
0.58333
0.58333
0.58333
0.58333
0.58333
0.58333
0.58333
0.58333
0.58333
0.58333
0.58333
0.58333
0.58333
0.58333
0.58333
0.58333
0.58333
0.58333
0.58333
0.58333
0.58333
0.58333
0.58333
0.58333
0.58333
0.58333
0.58333
0.58333
0.58333
0.58333
0.58333
0.58333
0.58333
0.58333
0.58333
0.58333
0.58333
0.58333
0.58333
0.58333
0.58333
0.58333
0.58333
0.58333
0.58333
0.58333
0.58333
0.58333
0.58333
0.58333
0.58333
0.58333
0.58333
0.58333
0.58333
0.58333
0.58333
0.58333
0.58333
0.58333
0.58333
0.58333
0.58333
0.58333
0.58333
0.58333
0.58333
0.58333
0.58333
0.58333
0.58333
0.58333
0.58333
0.58333
0.58333
0.58333
0.58333
0.58333
0.58333
0.58333
0.58333
0.58333
0.58333
0.58333
0.58333
0.58333
0.58333
0.58333
0.58333
0.58333
0.58333
0.58333
0.58333
0.58333
0.58333
0.58333
0.58333
0.58333
0.58333
0.58333
0.58333
0.58333
0.58333
0.58333
0.58333
0.58333
0.58333
0.58333
0.58333
0.58333
0.58333
0.58333
0.58333
0.58333
0.58333
0.58333
0.58333
0.58333
0.58333
0.58333
0.58333
0.58333
0.58333
0.58333
0.58333
0.58333
0.58333
0.58333
0.58333
0.58333
0.58333
0.58333
0.58333
0.58333
0.58333
0.58333
0.58333
0.58333
0.58333
0.58333
0.58333
0.58333
0.58333
0.58333
0.58333
0.58333
0.58333
0.58333
0.58333
0.58333
0.58333
0.58333
0.58333
0.58333
0.58333
0.58333
0.58333
0.58333
0.58333
0.58333
0.58333
0.58333
0.58333
0.58333
0.58333
0.58333
0.58333
0.58333
0.58333
0.58333
0.58333
0.58333
0.58333
0.58333
0.58333
0.58333
0.58333
0.58333
0.58333
0.58333
0.58333
0.58333
0.58333
0.58333
0.58333
0.58333
0.58333
0.58333
0.58333
0.58333
0.58333
0.58333
0.58333
0.58333
0.58333
0.58333
0.58333
0.58333
0.58333
0.58333
0.58333
0.58333
0.58333
0.58333
0.58333
0.58333
0.58333
0.58333
0.58333
0.58333
0.58333
0.58333
0.58333
0.58333
0.58333
0.58333
0.58333
0.58333
0.58333
0.58333
0.58333
0.58333
0.58333
0.58333
0.58333
0.58333
0.58333
0.58333
0.58333
0.58333
0.58333
0.58333
0.58333
0.58333
0.58333
0.58333
0.58333
0.58333
0.58333
0.58333
0.58333
0.58333
0.58333
0.58333
0.58333
0.58333
0.58333
0.58333
0.58333
0.58333
0.58333
0.58333
0.58333
0.58333
0.58333
0.58333
0.58333
0.58333
0.58333
0.58333
0.58333
0.58333
0.58333
0.58333
0.58333
0.58333
0.58333
0.58333
0.58333
0.58333
0.58333
0.58333
0.58333
0.58333
0.58333
0.58333
0.58333
0.58333
0.58333
0.58333
0.58333
0.58333
0.58333
0.58333
0.58333
0.58333
0.58333
0.58333
0.58333
0.58333
0.58333
0.58333
0.58333
0.58333
0.58333
0.58333
0.58333
0.58333
0.58333
0.58333
0.58333
0.58333
0.58333
0.58333
0.58333
0.58333
0.58333
0.58333
0.58333
0.58333
0.58333
0.58333
0.58333
0.58333
0.58333
0.58333
0.58333
0.58333
0.58333
0.58333
0.58333
0.58333
0.58333
0.58333
0.58333
0.58333
0.58333
0.58333
0.58333
0.58333
0.58333
0.58333
0.58333
0.58333
0.58333
0.58333
0.58333
0.58333
0.58333
0.58333
0.58333
0.58333
0.58333
0.58333
0.58333
0.58333
0.58333
0.58333
0.58333
0.58333
0.58333
0.58333
0.58333
0.58333
0.58333
0.58333
0.58333
0.58333
0.58333
0.58333
0.58333
0.58333
0.58333
0.58333
0.58333
0.58333
0.58333
0.58333
0.58333
0.58333
0.58333
0.58333
0.58333
0.58333
0.58333
0.58333
0.58333
0.58333
0.58333
0.58333
0.58333
0.58333
0.58333
0.58333
0.58333
0.58333
0.58333
0.58333
0.58333
0.58333
0.58333
0.58333
0.58333
0.58333
0.58333
0.58333
0.58333
0.58333
0.58333
0.58333
0.58333
0.58333
0.58333
0.58333
0.58333
0.58333
0.58333
0.58333
0.58333
0.58333
0.58333
0.58333
0.58333
0.58333
0.58333
0.58333
0.58333
0.58333
0.58333
0.58333
0.58333
0.58333
0.58333
0.58333
0.58333
0.58333
0.58333
0.58333
0.58333
0.58333
0.58333
0.58333
0.58333
0.58333
0.58333
0.58333
0.58333
0.58333
0.58333
0.58333
0.58333
0.58333
0.58333
0.58333
0.58333
0.58333
0.58333
0.58333
0.58333
0.58333
0.58333
0.58333
0.58333
0.58333
0.58333
0.58333
0.58333
0.58333
0.58333
0.58333
0.58333
0.58333
0.58333
0.58333
0.58333
0.58333
0.58333
0.58333
0.58333
0.58333
0.58333
0.58333
0.58333
0.58333
0.58333
0.58333
0.58333
0.58333
0.58333
0.58333
0.58333
0.58333
0.58333
0.58333
0.58333
0.58333
0.58333
0.58333
0.58333
0.58333
0.58333
0.58333
0.58333
0.58333
0.58333
0.58333
0.58333
0.58333
0.58333
0.58333
0.58333
0.58333
0.58333
0.58333
0.58333
0.58333
0.58333
0.58333
0.58333
0.58333
0.58333
0.58333
0.58333
0.58333
0.58333
0.58333
0.58333
0.58333
0.58333
0.58333
0.58333
0.58333
0.58333
0.58333
0.58333
0.58333
0.58333
0.58333
0.58333
0.58333
0.58333
0.58333
0.58333
0.58333
0.58333
0.58333
0.58333
0.58333
0.58333
0.58333
0.58333
0.58333
0.58333
0.58333
0.58333
0.58333
0.58333
0.58333
0.58333
0.58333
0.58333
0.58333
0.58333
0.58333
0.58333
0.58333
0.58333
0.58333
0.58333
0.58333
0.58333
0.58333
0.58333
0.58333
0.58333
0.58333
0.58333
0.58333
0.58333
0.58333
0.58333
0.58333
0.58333
0.58333
0.58333
0.58333
0.58333
0.58333
0.58333
0.58333
0.58333
0.58333
0.58333
0.58333
0.58333
0.58333
0.58333
0.58333
0.58333
0.58333
0.58333
0.58333
0.58333
0.58333
0.58333
0.58333
0.58333
0.58333
0.58333
0.58333
0.58333
0.58333
0.58333
0.58333
0.58333
0.58333
0.58333
0.58333
0.58333
0.58333
0.58333
0.58333
0.58333
0.58333
0.58333
0.58333
0.58333
0.58333
0.58333
0.58333
0.58333
0.58333
0.58333
0.58333
0.58333
0.58333
0.58333
0.58333
0.58333
0.58333
0.58333
0.58333
0.58333
0.58333
0.58333
0.58333
0.58333
0.58333
0.58333
0.58333
0.58333
0.58333
0.58333
0.58333
0.58333
0.58333
0.58333
0.58333
0.58333
0.58333
0.58333
0.58333
0.58333
0.58333
0.58333
0.58333
0.58333
0.58333
0.58333
0.58333
0.58333
0.58333
0.58333
0.58333
0.58333
0.58333
0.58333
0.58333
0.58333
0.58333
0.58333
0.58333
0.58333
0.58333
0.58333
0.58333
0.58333
0.58333
0.58333
0.58333
0.58333
0.58333
0.58333
0.58333
0.58333
0.58333
0.58333
0.58333
0.58333
0.58333
0.58333
0.58333
0.58333
0.58333
0.58333
0.58333
0.58333
0.58333
0.58333
0.58333
0.58333
0.58333
0.58333
0.58333
0.58333
0.58333
0.58333
0.58333
0.58333
0.58333
0.58333
0.58333
0.58333
0.58333
0.58333
0.58333
0.58333
0.58333
0.58333
0.58333
0.58333
0.58333
0.58333
0.58333
0.58333
0.58333
0.58333
0.58333
0.58333
0.58333
0.58333
0.58333
0.58333
0.58333
0.58333
0.58333
0.58333
0.58333
0.58333
0.58333
0.58333
0.58333
0.58333
0.58333
0.58333
0.58333
0.58333
0.58333
0.58333
0.58333
0.58333
0.58333
0.58333
0.58333
0.58333
0.58333
0.58333
0.58333
0.58333
0.58333
0.58333
0.58333
0.58333
0.58333
0.58333
0.58333
0.58333
0.58333
0.58333
0.58333
0.58333
0.58333
0.58333
0.58333
)
;

boundaryField
{
    inlet_water
    {
        type            calculated;
        value           nonuniform List<scalar> 
50
(
0.00525417
0.0084009
0.0154471
0.0329409
0.0776563
0.183156
0.376823
0.58333
0.58333
0.58333
0.58333
0.58333
0.58333
0.58333
0.58333
0.58333
0.58333
0.58333
0.58333
0.58333
0.58333
0.58333
0.58333
0.58333
0.58333
0.58333
0.58333
0.58333
0.58333
0.58333
0.58333
0.58333
0.58333
0.58333
0.58333
0.58333
0.58333
0.58333
0.58333
0.58333
0.58333
0.58333
0.58333
0.58333
0.58333
0.58333
0.58333
0.58333
0.58333
0.58333
)
;
    }
    inlet_air
    {
        type            calculated;
        value           nonuniform List<scalar> 
60
(
0.00491284
0.00471146
0.0882364
0.58333
0.58333
0.58333
0.58333
0.58333
0.58333
0.58333
0.58333
0.58333
0.58333
0.58333
0.58333
0.58333
0.58333
0.58333
0.58333
0.58333
0.58333
0.58333
0.58333
0.58333
0.58333
0.58333
0.58333
0.58333
0.58333
0.58333
0.58333
0.58333
0.58333
0.58333
0.58333
0.58333
0.58333
0.58333
0.58333
0.58333
0.58333
0.58333
0.58333
0.58333
0.58333
0.58333
0.58333
0.58333
0.58333
0.58333
0.58333
0.58333
0.58333
0.58333
0.58333
0.58333
0.58333
0.58333
0.58333
0.58333
)
;
    }
    outlet_water
    {
        type            calculated;
        value           nonuniform List<scalar> 
50
(
0.00525444
0.0084008
0.015446
0.032937
0.0776465
0.183139
0.376805
0.58333
0.58333
0.58333
0.58333
0.58333
0.58333
0.58333
0.58333
0.58333
0.58333
0.58333
0.58333
0.58333
0.58333
0.58333
0.58333
0.58333
0.58333
0.58333
0.58333
0.58333
0.58333
0.58333
0.58333
0.58333
0.58333
0.58333
0.58333
0.58333
0.58333
0.58333
0.58333
0.58333
0.58333
0.58333
0.58333
0.58333
0.58333
0.58333
0.58333
0.58333
0.58333
0.58333
)
;
    }
    outlet_air
    {
        type            calculated;
        value           nonuniform List<scalar> 
60
(
0.00491206
0.00471158
0.0885686
0.58333
0.58333
0.58333
0.58333
0.58333
0.58333
0.58333
0.58333
0.58333
0.58333
0.58333
0.58333
0.58333
0.58333
0.58333
0.58333
0.58333
0.58333
0.58333
0.58333
0.58333
0.58333
0.58333
0.58333
0.58333
0.58333
0.58333
0.58333
0.58333
0.58333
0.58333
0.58333
0.58333
0.58333
0.58333
0.58333
0.58333
0.58333
0.58333
0.58333
0.58333
0.58333
0.58333
0.58333
0.58333
0.58333
0.58333
0.58333
0.58333
0.58333
0.58333
0.58333
0.58333
0.58333
0.58333
0.58333
0.58333
)
;
    }
    lowerWall
    {
        type            calculated;
        value           nonuniform List<scalar> 
100
(
0.00437854
0.00440063
0.00439905
0.00441368
0.00441442
0.00441821
0.00441462
0.00441009
0.00440179
0.00439234
0.00438132
0.00436991
0.00435822
0.00434677
0.00433571
0.00432523
0.00431539
0.00430625
0.0042978
0.00429004
0.00428292
0.00427642
0.00427049
0.00426509
0.00426019
0.00425573
0.00425169
0.00424803
0.00424472
0.00424173
0.00423904
0.00423662
0.00423445
0.00423251
0.00423079
0.00422925
0.00422789
0.0042267
0.00422565
0.00422474
0.00422395
0.00422327
0.0042227
0.00422222
0.00422183
0.00422151
0.00422128
0.00422111
0.00422102
0.00422098
0.00422102
0.00422112
0.00422128
0.00422151
0.00422181
0.00422219
0.00422264
0.00422318
0.00422381
0.00422453
0.00422537
0.00422632
0.0042274
0.00422862
0.00423
0.00423154
0.00423327
0.0042352
0.00423736
0.00423976
0.00424242
0.00424537
0.00424864
0.00425226
0.00425626
0.00426066
0.00426552
0.00427087
0.00427675
0.0042832
0.00429027
0.00429801
0.00430643
0.00431555
0.00432537
0.00433586
0.00434694
0.00435841
0.00437013
0.00438157
0.00439261
0.00440207
0.00441038
0.0044149
0.00441849
0.00441469
0.00441399
0.00439934
0.00440096
0.00437887
)
;
    }
    atmosphere
    {
        type            calculated;
        value           uniform 0.58333;
    }
    defaultFaces
    {
        type            empty;
    }
}


// ************************************************************************* //
