# Force coefficients
# liftDir     : (0.000000e+00 0.000000e+00 1.000000e+00)
# dragDir     : (-1.000000e+00 0.000000e+00 0.000000e+00)
# pitchAxis   : (0.000000e+00 1.000000e+00 0.000000e+00)
# magUInf     : 2.797000e-01
# lRef        : 3.350000e-01
# Aref        : 1.120000e-02
# CofR        : (3.350000e-01 0.000000e+00 0.000000e+00)
# Time        	Cm            	Cd            	Cl            	Cl(f)         	Cl(r)         
0             	-3.631450e+00	-1.074153e+02	-1.089421e+01	-9.078557e+00	-1.815657e+00
1             	-3.969671e+00	-9.781212e+01	-8.168429e+00	-8.053886e+00	-1.145432e-01
2             	-3.989703e+00	-8.946608e+01	-8.118389e+00	-8.048898e+00	-6.949168e-02
3             	-3.990190e+00	-8.218245e+01	-8.088227e+00	-8.034304e+00	-5.392373e-02
4             	-3.988639e+00	-7.582460e+01	-8.069234e+00	-8.023256e+00	-4.597792e-02
5             	-3.988802e+00	-7.026077e+01	-8.052861e+00	-8.015233e+00	-3.762793e-02
6             	-3.992220e+00	-6.537889e+01	-8.044221e+00	-8.014330e+00	-2.989106e-02
7             	-3.998654e+00	-6.108362e+01	-8.042223e+00	-8.019765e+00	-2.245800e-02
8             	-4.002111e+00	-5.729374e+01	-8.039546e+00	-8.021884e+00	-1.766158e-02
9             	-4.011586e+00	-5.394000e+01	-8.047919e+00	-8.035545e+00	-1.237392e-02
10            	-4.020864e+00	-5.096332e+01	-8.059130e+00	-8.050429e+00	-8.700792e-03
11            	-4.028239e+00	-4.831321e+01	-8.070807e+00	-8.063642e+00	-7.164501e-03
12            	-4.034725e+00	-4.594648e+01	-8.082342e+00	-8.075896e+00	-6.445538e-03
13            	-4.040181e+00	-4.382617e+01	-8.092926e+00	-8.086643e+00	-6.282203e-03
14            	-4.044532e+00	-4.192056e+01	-8.101987e+00	-8.095526e+00	-6.461502e-03
15            	-4.047771e+00	-4.020242e+01	-8.109210e+00	-8.102376e+00	-6.834027e-03
16            	-4.049799e+00	-3.864833e+01	-8.114332e+00	-8.106965e+00	-7.366980e-03
17            	-4.050589e+00	-3.723815e+01	-8.117644e+00	-8.109411e+00	-8.233137e-03
18            	-4.050701e+00	-3.595448e+01	-8.119572e+00	-8.110487e+00	-9.085224e-03
19            	-4.050420e+00	-3.478230e+01	-8.120257e+00	-8.110548e+00	-9.708634e-03
20            	-4.049963e+00	-3.370861e+01	-8.120050e+00	-8.109988e+00	-1.006215e-02
21            	-4.049469e+00	-3.272216e+01	-8.119261e+00	-8.109099e+00	-1.016149e-02
22            	-4.049029e+00	-3.181317e+01	-8.118165e+00	-8.108112e+00	-1.005300e-02
23            	-4.048698e+00	-3.097314e+01	-8.116986e+00	-8.107191e+00	-9.794890e-03
24            	-4.048501e+00	-3.019464e+01	-8.115893e+00	-8.106447e+00	-9.445547e-03
25            	-4.048222e+00	-2.947121e+01	-8.114840e+00	-8.105642e+00	-9.197841e-03
26            	-4.047982e+00	-2.879719e+01	-8.114167e+00	-8.105066e+00	-9.101313e-03
27            	-4.047888e+00	-2.816761e+01	-8.113802e+00	-8.104789e+00	-9.012471e-03
28            	-4.047964e+00	-2.757811e+01	-8.113720e+00	-8.104824e+00	-8.896406e-03
29            	-4.048192e+00	-2.702486e+01	-8.113880e+00	-8.105132e+00	-8.748672e-03
30            	-4.048533e+00	-2.650447e+01	-8.114223e+00	-8.105645e+00	-8.577803e-03
31            	-4.048944e+00	-2.601395e+01	-8.114683e+00	-8.106286e+00	-8.396981e-03
32            	-4.049382e+00	-2.555064e+01	-8.115201e+00	-8.106983e+00	-8.218460e-03
33            	-4.049810e+00	-2.511219e+01	-8.115725e+00	-8.107673e+00	-8.051938e-03
34            	-4.050207e+00	-2.469650e+01	-8.116217e+00	-8.108316e+00	-7.901583e-03
35            	-4.050464e+00	-2.430171e+01	-8.116554e+00	-8.108741e+00	-7.812963e-03
36            	-4.050539e+00	-2.392613e+01	-8.116801e+00	-8.108939e+00	-7.861833e-03
37            	-4.050585e+00	-2.356827e+01	-8.117087e+00	-8.109128e+00	-7.959133e-03
38            	-4.050619e+00	-2.322679e+01	-8.117319e+00	-8.109279e+00	-8.039969e-03
39            	-4.050680e+00	-2.290048e+01	-8.117512e+00	-8.109436e+00	-8.076512e-03
40            	-4.050774e+00	-2.258823e+01	-8.117672e+00	-8.109610e+00	-8.061629e-03
41            	-4.050902e+00	-2.228907e+01	-8.117803e+00	-8.109804e+00	-7.999046e-03
42            	-4.051058e+00	-2.200210e+01	-8.117912e+00	-8.110014e+00	-7.897729e-03
43            	-4.051235e+00	-2.172650e+01	-8.118006e+00	-8.110238e+00	-7.768724e-03
44            	-4.051423e+00	-2.146154e+01	-8.118093e+00	-8.110470e+00	-7.623274e-03
45            	-4.051617e+00	-2.120654e+01	-8.118177e+00	-8.110705e+00	-7.471621e-03
46            	-4.051808e+00	-2.096089e+01	-8.118262e+00	-8.110939e+00	-7.322536e-03
47            	-4.051987e+00	-2.072401e+01	-8.118344e+00	-8.111159e+00	-7.185156e-03
48            	-4.052021e+00	-2.049539e+01	-8.118325e+00	-8.111184e+00	-7.141685e-03
49            	-4.052040e+00	-2.027456e+01	-8.118404e+00	-8.111242e+00	-7.161986e-03
50            	-4.040415e+00	-2.006108e+01	-8.104781e+00	-8.092805e+00	-1.197573e-02
51            	-4.054658e+00	-1.985454e+01	-8.121630e+00	-8.115473e+00	-6.157671e-03
52            	-4.051620e+00	-1.965457e+01	-8.118140e+00	-8.110690e+00	-7.449843e-03
53            	-4.041475e+00	-1.946083e+01	-8.106169e+00	-8.094560e+00	-1.160956e-02
54            	-4.055095e+00	-1.927299e+01	-8.122241e+00	-8.116215e+00	-6.025515e-03
55            	-4.052201e+00	-1.909075e+01	-8.118855e+00	-8.111628e+00	-7.226458e-03
56            	-4.053146e+00	-1.891385e+01	-8.119941e+00	-8.113116e+00	-6.824397e-03
57            	-4.053171e+00	-1.874201e+01	-8.119936e+00	-8.113139e+00	-6.797054e-03
58            	-4.053231e+00	-1.857501e+01	-8.119987e+00	-8.113225e+00	-6.762280e-03
59            	-4.052821e+00	-1.841261e+01	-8.119448e+00	-8.112545e+00	-6.902792e-03
60            	-4.053597e+00	-1.825461e+01	-8.120371e+00	-8.113783e+00	-6.588219e-03
61            	-4.052168e+00	-1.810080e+01	-8.119809e+00	-8.112073e+00	-7.736195e-03
62            	-4.052040e+00	-1.795101e+01	-8.120618e+00	-8.112348e+00	-8.269221e-03
63            	-4.050978e+00	-1.780506e+01	-8.119970e+00	-8.110963e+00	-9.007082e-03
64            	-4.050990e+00	-1.766278e+01	-8.120271e+00	-8.111125e+00	-9.145405e-03
65            	-4.051143e+00	-1.752404e+01	-8.120411e+00	-8.111348e+00	-9.062651e-03
66            	-4.051476e+00	-1.738867e+01	-8.120492e+00	-8.111722e+00	-8.770345e-03
67            	-4.051934e+00	-1.725655e+01	-8.120538e+00	-8.112203e+00	-8.335186e-03
68            	-4.052450e+00	-1.712754e+01	-8.120563e+00	-8.112731e+00	-7.832065e-03
69            	-4.052963e+00	-1.700154e+01	-8.120580e+00	-8.113253e+00	-7.327030e-03
70            	-4.053430e+00	-1.687841e+01	-8.120597e+00	-8.113728e+00	-6.868573e-03
71            	-4.053825e+00	-1.675806e+01	-8.120620e+00	-8.114135e+00	-6.485345e-03
72            	-4.054138e+00	-1.664038e+01	-8.120653e+00	-8.114465e+00	-6.188375e-03
73            	-4.054373e+00	-1.652526e+01	-8.120696e+00	-8.114721e+00	-5.975498e-03
74            	-4.054538e+00	-1.641263e+01	-8.120749e+00	-8.114913e+00	-5.835991e-03
75            	-4.054650e+00	-1.630238e+01	-8.120810e+00	-8.115055e+00	-5.754834e-03
76            	-4.054723e+00	-1.619444e+01	-8.120878e+00	-8.115162e+00	-5.715916e-03
77            	-4.054771e+00	-1.608873e+01	-8.120951e+00	-8.115247e+00	-5.704266e-03
78            	-4.054765e+00	-1.598517e+01	-8.120983e+00	-8.115257e+00	-5.726407e-03
79            	-4.054696e+00	-1.588369e+01	-8.120975e+00	-8.115183e+00	-5.791437e-03
80            	-4.054651e+00	-1.578421e+01	-8.121036e+00	-8.115169e+00	-5.866736e-03
81            	-4.054615e+00	-1.568668e+01	-8.121110e+00	-8.115170e+00	-5.940388e-03
82            	-4.054606e+00	-1.559103e+01	-8.121201e+00	-8.115206e+00	-5.994482e-03
83            	-4.053637e+00	-1.549720e+01	-8.120169e+00	-8.113722e+00	-6.447008e-03
84            	-4.048900e+00	-1.540514e+01	-8.113725e+00	-8.105762e+00	-7.962818e-03
85            	-4.049085e+00	-1.531478e+01	-8.114745e+00	-8.106457e+00	-8.287984e-03
86            	-4.049012e+00	-1.522608e+01	-8.114589e+00	-8.106307e+00	-8.282026e-03
87            	-4.049256e+00	-1.513899e+01	-8.114825e+00	-8.106668e+00	-8.156435e-03
88            	-4.049519e+00	-1.505346e+01	-8.115093e+00	-8.107065e+00	-8.027178e-03
89            	-4.049791e+00	-1.496944e+01	-8.115366e+00	-8.107474e+00	-7.891800e-03
90            	-4.050057e+00	-1.488690e+01	-8.115633e+00	-8.107874e+00	-7.759611e-03
91            	-4.050300e+00	-1.480577e+01	-8.115879e+00	-8.108240e+00	-7.639354e-03
92            	-4.050514e+00	-1.472604e+01	-8.116098e+00	-8.108563e+00	-7.535080e-03
93            	-4.050695e+00	-1.464765e+01	-8.116287e+00	-8.108839e+00	-7.448377e-03
94            	-4.050844e+00	-1.457057e+01	-8.116446e+00	-8.109067e+00	-7.378733e-03
95            	-4.050965e+00	-1.449476e+01	-8.116578e+00	-8.109254e+00	-7.324092e-03
96            	-4.058345e+00	-1.442020e+01	-8.125336e+00	-8.121013e+00	-4.323331e-03
97            	-4.055617e+00	-1.434683e+01	-8.122478e+00	-8.116856e+00	-5.621919e-03
98            	-4.050723e+00	-1.427464e+01	-8.115756e+00	-8.108601e+00	-7.155529e-03
99            	-4.051209e+00	-1.420360e+01	-8.117056e+00	-8.109737e+00	-7.318562e-03
100           	-4.052971e+00	-1.413366e+01	-8.118422e+00	-8.112182e+00	-6.240088e-03
101           	-4.052769e+00	-1.406481e+01	-8.118306e+00	-8.111922e+00	-6.383696e-03
102           	-4.052835e+00	-1.399702e+01	-8.118414e+00	-8.112042e+00	-6.371940e-03
103           	-4.052975e+00	-1.393025e+01	-8.118588e+00	-8.112269e+00	-6.319217e-03
104           	-4.053107e+00	-1.386449e+01	-8.118740e+00	-8.112477e+00	-6.263631e-03
105           	-4.053233e+00	-1.379971e+01	-8.118877e+00	-8.112671e+00	-6.206127e-03
106           	-4.053350e+00	-1.373588e+01	-8.118997e+00	-8.112848e+00	-6.148820e-03
107           	-4.053460e+00	-1.367298e+01	-8.119103e+00	-8.113011e+00	-6.091879e-03
108           	-4.053563e+00	-1.361099e+01	-8.119197e+00	-8.113162e+00	-6.035765e-03
109           	-4.053660e+00	-1.354989e+01	-8.119283e+00	-8.113302e+00	-5.981252e-03
110           	-4.053751e+00	-1.348965e+01	-8.119361e+00	-8.113432e+00	-5.929206e-03
111           	-4.053837e+00	-1.343026e+01	-8.119434e+00	-8.113554e+00	-5.880341e-03
112           	-4.053916e+00	-1.337170e+01	-8.119503e+00	-8.113668e+00	-5.835096e-03
113           	-4.053991e+00	-1.331394e+01	-8.119569e+00	-8.113776e+00	-5.793532e-03
114           	-4.054062e+00	-1.325697e+01	-8.119634e+00	-8.113879e+00	-5.755564e-03
115           	-4.054129e+00	-1.320078e+01	-8.119700e+00	-8.113979e+00	-5.720868e-03
116           	-4.054194e+00	-1.314533e+01	-8.119766e+00	-8.114077e+00	-5.689007e-03
117           	-4.053681e+00	-1.309063e+01	-8.119147e+00	-8.113255e+00	-5.892085e-03
118           	-4.054301e+00	-1.303665e+01	-8.119890e+00	-8.114246e+00	-5.643732e-03
119           	-4.057503e+00	-1.298336e+01	-8.124627e+00	-8.119817e+00	-4.810411e-03
120           	-4.052366e+00	-1.293078e+01	-8.117778e+00	-8.111254e+00	-6.523248e-03
121           	-4.054046e+00	-1.287886e+01	-8.119718e+00	-8.113905e+00	-5.812921e-03
122           	-4.057365e+00	-1.282761e+01	-8.124629e+00	-8.119680e+00	-4.949576e-03
123           	-4.052268e+00	-1.277700e+01	-8.117815e+00	-8.111175e+00	-6.640069e-03
124           	-4.057581e+00	-1.272703e+01	-8.124880e+00	-8.120021e+00	-4.859457e-03
125           	-4.052471e+00	-1.267768e+01	-8.118091e+00	-8.111517e+00	-6.573992e-03
126           	-4.057580e+00	-1.262893e+01	-8.124889e+00	-8.120025e+00	-4.864223e-03
127           	-4.052548e+00	-1.258079e+01	-8.118176e+00	-8.111636e+00	-6.540257e-03
128           	-4.057608e+00	-1.253322e+01	-8.124898e+00	-8.120057e+00	-4.840569e-03
129           	-4.052644e+00	-1.248623e+01	-8.118260e+00	-8.111774e+00	-6.485646e-03
130           	-4.057669e+00	-1.243980e+01	-8.124928e+00	-8.120133e+00	-4.794968e-03
131           	-4.038570e+00	-1.239391e+01	-8.102044e+00	-8.089592e+00	-1.245182e-02
132           	-4.053481e+00	-1.234857e+01	-8.119498e+00	-8.113230e+00	-6.267499e-03
133           	-4.057840e+00	-1.230375e+01	-8.125041e+00	-8.120360e+00	-4.681045e-03
134           	-4.052572e+00	-1.225946e+01	-8.118072e+00	-8.111608e+00	-6.463636e-03
135           	-4.058257e+00	-1.221567e+01	-8.125477e+00	-8.120995e+00	-4.481743e-03
136           	-4.038952e+00	-1.217237e+01	-8.102440e+00	-8.090172e+00	-1.226755e-02
137           	-4.044202e+00	-1.212957e+01	-8.109259e+00	-8.098832e+00	-1.042702e-02
138           	-4.054612e+00	-1.208725e+01	-8.119947e+00	-8.114586e+00	-5.361307e-03
139           	-4.058383e+00	-1.204540e+01	-8.125576e+00	-8.121171e+00	-4.405612e-03
140           	-4.040127e+00	-1.200401e+01	-8.103636e+00	-8.091945e+00	-1.169054e-02
141           	-4.044957e+00	-1.196308e+01	-8.110060e+00	-8.099987e+00	-1.007284e-02
142           	-4.055045e+00	-1.192260e+01	-8.120431e+00	-8.115261e+00	-5.170314e-03
143           	-4.058626e+00	-1.188255e+01	-8.125867e+00	-8.121559e+00	-4.307656e-03
144           	-4.052060e+00	-1.184293e+01	-8.117339e+00	-8.110729e+00	-6.609421e-03
145           	-4.045872e+00	-1.180373e+01	-8.111375e+00	-8.101560e+00	-9.814838e-03
146           	-4.054591e+00	-1.176495e+01	-8.120034e+00	-8.114608e+00	-5.425314e-03
147           	-4.058402e+00	-1.172658e+01	-8.125728e+00	-8.121266e+00	-4.461618e-03
148           	-4.051931e+00	-1.168861e+01	-8.117293e+00	-8.110578e+00	-6.714882e-03
149           	-4.042598e+00	-1.165103e+01	-8.106285e+00	-8.095741e+00	-1.054431e-02
150           	-4.045157e+00	-1.161383e+01	-8.110368e+00	-8.100341e+00	-1.002736e-02
151           	-4.055011e+00	-1.157702e+01	-8.120532e+00	-8.115277e+00	-5.254554e-03
152           	-4.058627e+00	-1.154059e+01	-8.125946e+00	-8.121600e+00	-4.345259e-03
153           	-4.052409e+00	-1.150452e+01	-8.117802e+00	-8.111310e+00	-6.491745e-03
154           	-4.043354e+00	-1.146881e+01	-8.107104e+00	-8.096906e+00	-1.019769e-02
155           	-4.045814e+00	-1.143345e+01	-8.111055e+00	-8.101341e+00	-9.713908e-03
156           	-4.055425e+00	-1.139845e+01	-8.120970e+00	-8.115910e+00	-5.060229e-03
157           	-4.058920e+00	-1.136380e+01	-8.126228e+00	-8.122034e+00	-4.194032e-03
158           	-4.052810e+00	-1.132948e+01	-8.118227e+00	-8.111923e+00	-6.304122e-03
159           	-4.043912e+00	-1.129549e+01	-8.107714e+00	-8.097769e+00	-9.944805e-03
160           	-4.046270e+00	-1.126183e+01	-8.111534e+00	-8.102037e+00	-9.497321e-03
161           	-4.055661e+00	-1.122849e+01	-8.121228e+00	-8.116275e+00	-4.953129e-03
162           	-4.059054e+00	-1.119547e+01	-8.126354e+00	-8.122231e+00	-4.123204e-03
163           	-4.053057e+00	-1.116277e+01	-8.118501e+00	-8.112308e+00	-6.193265e-03
164           	-4.044325e+00	-1.113037e+01	-8.108177e+00	-8.098414e+00	-9.763472e-03
165           	-4.046609e+00	-1.109827e+01	-8.111896e+00	-8.102557e+00	-9.339315e-03
166           	-4.055776e+00	-1.106647e+01	-8.121358e+00	-8.116455e+00	-4.903115e-03
167           	-4.059080e+00	-1.103497e+01	-8.126377e+00	-8.122269e+00	-4.108359e-03
168           	-4.053187e+00	-1.100375e+01	-8.118680e+00	-8.112527e+00	-6.152615e-03
169           	-4.044602e+00	-1.097282e+01	-8.108545e+00	-8.098875e+00	-9.670388e-03
170           	-4.046820e+00	-1.094217e+01	-8.112192e+00	-8.102916e+00	-9.275924e-03
171           	-4.055865e+00	-1.091180e+01	-8.121563e+00	-8.116646e+00	-4.916810e-03
172           	-4.059124e+00	-1.088169e+01	-8.126513e+00	-8.122381e+00	-4.132227e-03
173           	-4.053384e+00	-1.085186e+01	-8.118988e+00	-8.112878e+00	-6.110250e-03
174           	-4.045014e+00	-1.082229e+01	-8.109079e+00	-8.099554e+00	-9.525187e-03
175           	-4.047194e+00	-1.079297e+01	-8.112636e+00	-8.103512e+00	-9.124072e-03
176           	-4.056105e+00	-1.076392e+01	-8.121845e+00	-8.117027e+00	-4.818137e-03
177           	-4.059312e+00	-1.073512e+01	-8.126696e+00	-8.122660e+00	-4.036391e-03
178           	-4.053689e+00	-1.070657e+01	-8.119306e+00	-8.113343e+00	-5.963766e-03
179           	-4.059688e+00	-1.067827e+01	-8.127092e+00	-8.123234e+00	-3.858261e-03
180           	-4.054063e+00	-1.065020e+01	-8.119740e+00	-8.113933e+00	-5.807009e-03
181           	-4.059552e+00	-1.062238e+01	-8.126962e+00	-8.123033e+00	-3.928906e-03
182           	-4.053899e+00	-1.059479e+01	-8.119570e+00	-8.113684e+00	-5.885635e-03
183           	-4.059367e+00	-1.056743e+01	-8.126749e+00	-8.122742e+00	-4.007297e-03
184           	-4.053799e+00	-1.054030e+01	-8.119457e+00	-8.113527e+00	-5.929614e-03
185           	-4.059276e+00	-1.051340e+01	-8.126644e+00	-8.122598e+00	-4.046028e-03
186           	-4.053780e+00	-1.048672e+01	-8.119435e+00	-8.113497e+00	-5.937778e-03
187           	-4.059262e+00	-1.046026e+01	-8.126621e+00	-8.122573e+00	-4.048571e-03
188           	-4.053837e+00	-1.043401e+01	-8.119496e+00	-8.113585e+00	-5.911394e-03
189           	-4.059309e+00	-1.040798e+01	-8.126667e+00	-8.122643e+00	-4.024130e-03
190           	-4.053938e+00	-1.038216e+01	-8.119608e+00	-8.113743e+00	-5.865573e-03
191           	-4.059387e+00	-1.035654e+01	-8.126746e+00	-8.122760e+00	-3.986307e-03
192           	-4.054058e+00	-1.033114e+01	-8.119740e+00	-8.113928e+00	-5.812230e-03
193           	-4.059448e+00	-1.030593e+01	-8.126808e+00	-8.122852e+00	-3.956186e-03
194           	-4.054112e+00	-1.028092e+01	-8.119801e+00	-8.114013e+00	-5.788152e-03
195           	-4.059462e+00	-1.025612e+01	-8.126831e+00	-8.122878e+00	-3.953097e-03
196           	-4.054180e+00	-1.023150e+01	-8.119909e+00	-8.114135e+00	-5.774568e-03
197           	-4.059479e+00	-1.020708e+01	-8.126887e+00	-8.122923e+00	-3.963863e-03
198           	-4.054242e+00	-1.018285e+01	-8.120020e+00	-8.114252e+00	-5.768150e-03
199           	-4.059514e+00	-1.015880e+01	-8.126954e+00	-8.122991e+00	-3.962391e-03
200           	-4.054323e+00	-1.013494e+01	-8.120135e+00	-8.114391e+00	-5.744268e-03
201           	-4.059567e+00	-1.011126e+01	-8.127020e+00	-8.123077e+00	-3.942796e-03
202           	-4.054418e+00	-1.008776e+01	-8.120245e+00	-8.114541e+00	-5.704099e-03
203           	-4.059630e+00	-1.006444e+01	-8.127080e+00	-8.123170e+00	-3.910469e-03
204           	-4.054519e+00	-1.004130e+01	-8.120349e+00	-8.114694e+00	-5.655100e-03
205           	-4.059695e+00	-1.001833e+01	-8.127136e+00	-8.123262e+00	-3.873239e-03
206           	-4.054619e+00	-9.995529e+00	-8.120448e+00	-8.114843e+00	-5.604483e-03
207           	-4.059279e+00	-9.972899e+00	-8.126607e+00	-8.122582e+00	-4.024376e-03
208           	-4.054879e+00	-9.950435e+00	-8.120685e+00	-8.115221e+00	-5.463888e-03
209           	-4.059330e+00	-9.928137e+00	-8.126661e+00	-8.122660e+00	-4.000911e-03
210           	-4.054959e+00	-9.906001e+00	-8.120771e+00	-8.115345e+00	-5.426176e-03
211           	-4.056839e+00	-9.884028e+00	-8.122674e+00	-8.118176e+00	-4.498369e-03
212           	-4.059049e+00	-9.862212e+00	-8.126399e+00	-8.122248e+00	-4.150361e-03
213           	-4.055028e+00	-9.840555e+00	-8.120837e+00	-8.115446e+00	-5.391170e-03
214           	-4.057002e+00	-9.819053e+00	-8.122861e+00	-8.118433e+00	-4.428826e-03
215           	-4.056180e+00	-9.797705e+00	-8.121890e+00	-8.117125e+00	-4.765138e-03
216           	-4.059869e+00	-9.776508e+00	-8.127362e+00	-8.123550e+00	-3.811902e-03
217           	-4.055076e+00	-9.755460e+00	-8.120949e+00	-8.115550e+00	-5.398468e-03
218           	-4.057212e+00	-9.734562e+00	-8.123100e+00	-8.118763e+00	-4.337617e-03
219           	-4.056365e+00	-9.713810e+00	-8.122103e+00	-8.117417e+00	-4.686458e-03
220           	-4.059459e+00	-9.693202e+00	-8.126834e+00	-8.122876e+00	-3.958483e-03
221           	-4.055429e+00	-9.672738e+00	-8.121301e+00	-8.116080e+00	-5.220972e-03
222           	-4.057323e+00	-9.652416e+00	-8.123239e+00	-8.118943e+00	-4.295977e-03
223           	-4.056484e+00	-9.632233e+00	-8.122252e+00	-8.117610e+00	-4.642176e-03
224           	-4.059486e+00	-9.612187e+00	-8.126864e+00	-8.122918e+00	-3.945761e-03
225           	-4.055487e+00	-9.592279e+00	-8.121380e+00	-8.116177e+00	-5.202946e-03
226           	-4.057329e+00	-9.572507e+00	-8.123278e+00	-8.118968e+00	-4.309794e-03
227           	-4.056510e+00	-9.552867e+00	-8.122331e+00	-8.117676e+00	-4.655726e-03
228           	-4.056771e+00	-9.533360e+00	-8.122643e+00	-8.118093e+00	-4.550341e-03
229           	-4.056667e+00	-9.513984e+00	-8.122530e+00	-8.117932e+00	-4.597448e-03
230           	-4.056762e+00	-9.494737e+00	-8.122643e+00	-8.118083e+00	-4.559434e-03
231           	-4.056792e+00	-9.475618e+00	-8.122679e+00	-8.118132e+00	-4.546980e-03
232           	-4.056856e+00	-9.456625e+00	-8.122751e+00	-8.118232e+00	-4.519406e-03
233           	-4.056905e+00	-9.437757e+00	-8.122804e+00	-8.118307e+00	-4.497446e-03
234           	-4.056954e+00	-9.419013e+00	-8.122858e+00	-8.118383e+00	-4.474479e-03
235           	-4.056997e+00	-9.400391e+00	-8.122903e+00	-8.118448e+00	-4.454419e-03
236           	-4.057035e+00	-9.381891e+00	-8.122943e+00	-8.118507e+00	-4.436096e-03
237           	-4.057069e+00	-9.363510e+00	-8.122978e+00	-8.118558e+00	-4.419982e-03
238           	-4.057100e+00	-9.345247e+00	-8.123010e+00	-8.118605e+00	-4.405530e-03
239           	-4.057127e+00	-9.327102e+00	-8.123040e+00	-8.118647e+00	-4.392495e-03
240           	-4.057153e+00	-9.309073e+00	-8.123068e+00	-8.118687e+00	-4.380465e-03
241           	-4.057179e+00	-9.291158e+00	-8.123095e+00	-8.118726e+00	-4.369117e-03
242           	-4.057203e+00	-9.273357e+00	-8.123123e+00	-8.118765e+00	-4.358162e-03
243           	-4.057228e+00	-9.255668e+00	-8.123151e+00	-8.118804e+00	-4.347388e-03
244           	-4.057253e+00	-9.238091e+00	-8.123180e+00	-8.118843e+00	-4.336657e-03
245           	-4.057278e+00	-9.220623e+00	-8.123209e+00	-8.118883e+00	-4.325898e-03
246           	-4.057304e+00	-9.203264e+00	-8.123238e+00	-8.118923e+00	-4.315088e-03
247           	-4.057330e+00	-9.186013e+00	-8.123268e+00	-8.118963e+00	-4.304244e-03
248           	-4.057355e+00	-9.168869e+00	-8.123297e+00	-8.119004e+00	-4.293406e-03
249           	-4.057381e+00	-9.151830e+00	-8.123327e+00	-8.119044e+00	-4.282632e-03
250           	-4.057406e+00	-9.134896e+00	-8.123356e+00	-8.119084e+00	-4.271975e-03
251           	-4.057431e+00	-9.118065e+00	-8.123384e+00	-8.119123e+00	-4.261451e-03
252           	-4.057455e+00	-9.101336e+00	-8.123413e+00	-8.119162e+00	-4.251092e-03
253           	-4.057479e+00	-9.084709e+00	-8.123441e+00	-8.119200e+00	-4.240900e-03
254           	-4.057503e+00	-9.068182e+00	-8.123468e+00	-8.119237e+00	-4.230898e-03
255           	-4.057518e+00	-9.051755e+00	-8.123486e+00	-8.119261e+00	-4.224791e-03
256           	-4.057515e+00	-9.035426e+00	-8.123484e+00	-8.119257e+00	-4.226663e-03
257           	-4.057525e+00	-9.019194e+00	-8.123500e+00	-8.119275e+00	-4.224834e-03
258           	-4.057529e+00	-9.003058e+00	-8.123516e+00	-8.119287e+00	-4.229040e-03
259           	-4.057538e+00	-8.987018e+00	-8.123541e+00	-8.119308e+00	-4.232538e-03
260           	-4.057552e+00	-8.971073e+00	-8.123571e+00	-8.119337e+00	-4.233692e-03
261           	-4.057571e+00	-8.955221e+00	-8.123604e+00	-8.119373e+00	-4.231441e-03
262           	-4.057594e+00	-8.939462e+00	-8.123639e+00	-8.119413e+00	-4.225666e-03
263           	-4.057620e+00	-8.923794e+00	-8.123674e+00	-8.119457e+00	-4.216664e-03
264           	-4.057649e+00	-8.908218e+00	-8.123708e+00	-8.119503e+00	-4.205158e-03
265           	-4.057678e+00	-8.892732e+00	-8.123741e+00	-8.119549e+00	-4.191944e-03
266           	-4.057708e+00	-8.877335e+00	-8.123772e+00	-8.119594e+00	-4.177793e-03
267           	-4.057738e+00	-8.862026e+00	-8.123803e+00	-8.119639e+00	-4.163344e-03
268           	-4.057767e+00	-8.846805e+00	-8.123832e+00	-8.119683e+00	-4.149095e-03
269           	-4.057795e+00	-8.831670e+00	-8.123860e+00	-8.119725e+00	-4.135352e-03
270           	-4.057821e+00	-8.816622e+00	-8.123887e+00	-8.119765e+00	-4.122290e-03
271           	-4.057847e+00	-8.801658e+00	-8.123914e+00	-8.119804e+00	-4.109984e-03
272           	-4.057872e+00	-8.786779e+00	-8.123940e+00	-8.119842e+00	-4.098426e-03
273           	-4.057895e+00	-8.771984e+00	-8.123966e+00	-8.119878e+00	-4.087542e-03
274           	-4.057919e+00	-8.757271e+00	-8.123991e+00	-8.119914e+00	-4.077229e-03
275           	-4.057941e+00	-8.742640e+00	-8.124017e+00	-8.119949e+00	-4.067369e-03
276           	-4.057963e+00	-8.728090e+00	-8.124042e+00	-8.119984e+00	-4.057852e-03
277           	-4.057985e+00	-8.713621e+00	-8.124067e+00	-8.120018e+00	-4.048583e-03
278           	-4.058006e+00	-8.699231e+00	-8.124092e+00	-8.120052e+00	-4.039469e-03
279           	-4.058028e+00	-8.684921e+00	-8.124117e+00	-8.120086e+00	-4.030444e-03
280           	-4.058049e+00	-8.670688e+00	-8.124141e+00	-8.120119e+00	-4.021490e-03
281           	-4.058070e+00	-8.656534e+00	-8.124165e+00	-8.120153e+00	-4.012594e-03
282           	-4.058091e+00	-8.642456e+00	-8.124189e+00	-8.120185e+00	-4.003757e-03
283           	-4.058111e+00	-8.628454e+00	-8.124213e+00	-8.120218e+00	-3.994986e-03
284           	-4.058132e+00	-8.614528e+00	-8.124236e+00	-8.120250e+00	-3.986268e-03
285           	-4.058152e+00	-8.600677e+00	-8.124259e+00	-8.120282e+00	-3.977655e-03
286           	-4.058172e+00	-8.586900e+00	-8.124282e+00	-8.120313e+00	-3.969151e-03
287           	-4.058192e+00	-8.573196e+00	-8.124305e+00	-8.120344e+00	-3.960768e-03
288           	-4.058211e+00	-8.559566e+00	-8.124327e+00	-8.120375e+00	-3.952511e-03
289           	-4.058230e+00	-8.546007e+00	-8.124350e+00	-8.120405e+00	-3.944376e-03
290           	-4.058239e+00	-8.532520e+00	-8.124360e+00	-8.120419e+00	-3.941077e-03
291           	-4.058236e+00	-8.519105e+00	-8.124358e+00	-8.120414e+00	-3.943220e-03
292           	-4.058243e+00	-8.505759e+00	-8.124370e+00	-8.120428e+00	-3.941807e-03
293           	-4.058246e+00	-8.492483e+00	-8.124383e+00	-8.120438e+00	-3.945180e-03
294           	-4.058255e+00	-8.479277e+00	-8.124404e+00	-8.120457e+00	-3.947507e-03
295           	-4.058267e+00	-8.466138e+00	-8.124430e+00	-8.120482e+00	-3.947973e-03
296           	-4.058284e+00	-8.453068e+00	-8.124459e+00	-8.120513e+00	-3.945562e-03
297           	-4.058304e+00	-8.440065e+00	-8.124488e+00	-8.120548e+00	-3.940341e-03
298           	-4.058326e+00	-8.427129e+00	-8.124518e+00	-8.120585e+00	-3.932540e-03
299           	-4.058350e+00	-8.414260e+00	-8.124546e+00	-8.120624e+00	-3.922767e-03
300           	-4.058375e+00	-8.401456e+00	-8.124574e+00	-8.120662e+00	-3.911711e-03
301           	-4.058400e+00	-8.388717e+00	-8.124599e+00	-8.120699e+00	-3.899997e-03
302           	-4.058424e+00	-8.376043e+00	-8.124624e+00	-8.120736e+00	-3.888171e-03
303           	-4.058447e+00	-8.363433e+00	-8.124647e+00	-8.120771e+00	-3.876581e-03
304           	-4.058469e+00	-8.350886e+00	-8.124670e+00	-8.120804e+00	-3.865482e-03
305           	-4.058491e+00	-8.338402e+00	-8.124692e+00	-8.120837e+00	-3.854992e-03
306           	-4.058511e+00	-8.325981e+00	-8.124713e+00	-8.120868e+00	-3.845145e-03
307           	-4.058531e+00	-8.313622e+00	-8.124734e+00	-8.120898e+00	-3.835902e-03
308           	-4.058550e+00	-8.301324e+00	-8.124754e+00	-8.120927e+00	-3.827186e-03
309           	-4.058569e+00	-8.289087e+00	-8.124775e+00	-8.120956e+00	-3.818898e-03
310           	-4.058587e+00	-8.276911e+00	-8.124795e+00	-8.120984e+00	-3.810933e-03
311           	-4.058605e+00	-8.264795e+00	-8.124816e+00	-8.121013e+00	-3.803200e-03
312           	-4.058622e+00	-8.252738e+00	-8.124836e+00	-8.121040e+00	-3.795621e-03
313           	-4.058640e+00	-8.240740e+00	-8.124856e+00	-8.121068e+00	-3.788135e-03
314           	-4.058658e+00	-8.228800e+00	-8.124877e+00	-8.121096e+00	-3.780699e-03
315           	-4.058675e+00	-8.216919e+00	-8.124897e+00	-8.121123e+00	-3.773298e-03
316           	-4.058692e+00	-8.205095e+00	-8.124916e+00	-8.121150e+00	-3.765926e-03
317           	-4.058709e+00	-8.193328e+00	-8.124936e+00	-8.121178e+00	-3.758585e-03
318           	-4.058727e+00	-8.181618e+00	-8.124956e+00	-8.121204e+00	-3.751285e-03
319           	-4.058743e+00	-8.169964e+00	-8.124975e+00	-8.121231e+00	-3.744036e-03
320           	-4.058760e+00	-8.158366e+00	-8.124994e+00	-8.121257e+00	-3.736846e-03
321           	-4.058777e+00	-8.146823e+00	-8.125013e+00	-8.121283e+00	-3.729717e-03
322           	-4.058793e+00	-8.135335e+00	-8.125032e+00	-8.121309e+00	-3.722687e-03
323           	-4.058810e+00	-8.123902e+00	-8.125051e+00	-8.121335e+00	-3.715742e-03
324           	-4.058826e+00	-8.112522e+00	-8.125069e+00	-8.121360e+00	-3.708897e-03
325           	-4.058842e+00	-8.101196e+00	-8.125088e+00	-8.121385e+00	-3.702141e-03
326           	-4.058857e+00	-8.089923e+00	-8.125106e+00	-8.121410e+00	-3.695462e-03
327           	-4.058873e+00	-8.078703e+00	-8.125124e+00	-8.121435e+00	-3.688967e-03
328           	-4.058872e+00	-8.067536e+00	-8.125124e+00	-8.121435e+00	-3.689545e-03
329           	-4.058875e+00	-8.056420e+00	-8.125128e+00	-8.121439e+00	-3.689310e-03
330           	-4.058878e+00	-8.045356e+00	-8.125137e+00	-8.121447e+00	-3.689960e-03
331           	-4.058882e+00	-8.034343e+00	-8.125149e+00	-8.121456e+00	-3.692948e-03
332           	-4.058890e+00	-8.023381e+00	-8.125168e+00	-8.121474e+00	-3.694471e-03
333           	-4.058901e+00	-8.012469e+00	-8.125190e+00	-8.121496e+00	-3.694262e-03
334           	-4.058915e+00	-8.001607e+00	-8.125214e+00	-8.121522e+00	-3.691563e-03
335           	-4.058932e+00	-7.990795e+00	-8.125238e+00	-8.121551e+00	-3.686527e-03
336           	-4.058951e+00	-7.980032e+00	-8.125261e+00	-8.121582e+00	-3.679463e-03
337           	-4.058971e+00	-7.969318e+00	-8.125284e+00	-8.121613e+00	-3.670932e-03
338           	-4.058992e+00	-7.958653e+00	-8.125306e+00	-8.121645e+00	-3.661500e-03
339           	-4.059012e+00	-7.948036e+00	-8.125327e+00	-8.121675e+00	-3.651687e-03
340           	-4.059031e+00	-7.937466e+00	-8.125346e+00	-8.121704e+00	-3.641896e-03
341           	-4.059050e+00	-7.926944e+00	-8.125365e+00	-8.121733e+00	-3.632413e-03
342           	-4.059068e+00	-7.916469e+00	-8.125383e+00	-8.121759e+00	-3.623407e-03
343           	-4.059085e+00	-7.906041e+00	-8.125401e+00	-8.121786e+00	-3.614913e-03
344           	-4.059102e+00	-7.895659e+00	-8.125418e+00	-8.121811e+00	-3.607010e-03
345           	-4.059118e+00	-7.885324e+00	-8.125435e+00	-8.121835e+00	-3.599592e-03
346           	-4.059133e+00	-7.875034e+00	-8.125451e+00	-8.121859e+00	-3.592595e-03
347           	-4.059148e+00	-7.864789e+00	-8.125468e+00	-8.121882e+00	-3.585917e-03
348           	-4.059163e+00	-7.854590e+00	-8.125485e+00	-8.121905e+00	-3.579469e-03
349           	-4.059178e+00	-7.844435e+00	-8.125502e+00	-8.121928e+00	-3.573169e-03
350           	-4.059192e+00	-7.834325e+00	-8.125518e+00	-8.121951e+00	-3.566955e-03
351           	-4.059207e+00	-7.824259e+00	-8.125535e+00	-8.121974e+00	-3.560781e-03
352           	-4.059221e+00	-7.814236e+00	-8.125552e+00	-8.121997e+00	-3.554622e-03
353           	-4.059236e+00	-7.804257e+00	-8.125568e+00	-8.122020e+00	-3.548464e-03
354           	-4.059250e+00	-7.794321e+00	-8.125585e+00	-8.122043e+00	-3.542309e-03
355           	-4.059264e+00	-7.784428e+00	-8.125601e+00	-8.122065e+00	-3.536164e-03
356           	-4.059279e+00	-7.774578e+00	-8.125618e+00	-8.122087e+00	-3.530041e-03
357           	-4.059293e+00	-7.764770e+00	-8.125634e+00	-8.122110e+00	-3.523955e-03
358           	-4.059307e+00	-7.755003e+00	-8.125650e+00	-8.122132e+00	-3.517917e-03
359           	-4.059321e+00	-7.745279e+00	-8.125665e+00	-8.122154e+00	-3.511939e-03
360           	-4.059335e+00	-7.735596e+00	-8.125681e+00	-8.122175e+00	-3.506029e-03
361           	-4.059348e+00	-7.725953e+00	-8.125697e+00	-8.122197e+00	-3.500188e-03
362           	-4.059362e+00	-7.716352e+00	-8.125712e+00	-8.122218e+00	-3.494418e-03
363           	-4.059375e+00	-7.706791e+00	-8.125728e+00	-8.122239e+00	-3.488720e-03
364           	-4.059388e+00	-7.697270e+00	-8.125743e+00	-8.122260e+00	-3.483090e-03
365           	-4.059401e+00	-7.687789e+00	-8.125758e+00	-8.122280e+00	-3.477526e-03
366           	-4.059414e+00	-7.678348e+00	-8.125773e+00	-8.122301e+00	-3.472026e-03
367           	-4.059427e+00	-7.668946e+00	-8.125788e+00	-8.122321e+00	-3.466612e-03
368           	-4.059427e+00	-7.659584e+00	-8.125788e+00	-8.122321e+00	-3.467167e-03
369           	-4.059428e+00	-7.650260e+00	-8.125790e+00	-8.122323e+00	-3.467476e-03
370           	-4.059430e+00	-7.640974e+00	-8.125796e+00	-8.122328e+00	-3.467706e-03
371           	-4.059433e+00	-7.631727e+00	-8.125805e+00	-8.122335e+00	-3.470156e-03
372           	-4.059439e+00	-7.622518e+00	-8.125821e+00	-8.122350e+00	-3.471332e-03
373           	-4.059449e+00	-7.613347e+00	-8.125839e+00	-8.122368e+00	-3.471079e-03
374           	-4.059461e+00	-7.604213e+00	-8.125859e+00	-8.122391e+00	-3.468777e-03
375           	-4.059475e+00	-7.595117e+00	-8.125880e+00	-8.122415e+00	-3.464537e-03
376           	-4.059491e+00	-7.586058e+00	-8.125900e+00	-8.122441e+00	-3.458592e-03
377           	-4.059508e+00	-7.577035e+00	-8.125919e+00	-8.122468e+00	-3.451407e-03
378           	-4.059525e+00	-7.568049e+00	-8.125938e+00	-8.122494e+00	-3.443456e-03
379           	-4.059542e+00	-7.559099e+00	-8.125955e+00	-8.122520e+00	-3.435180e-03
380           	-4.059559e+00	-7.550186e+00	-8.125972e+00	-8.122545e+00	-3.426926e-03
381           	-4.059575e+00	-7.541308e+00	-8.125987e+00	-8.122568e+00	-3.418936e-03
382           	-4.059590e+00	-7.532466e+00	-8.126002e+00	-8.122591e+00	-3.411353e-03
383           	-4.059604e+00	-7.523659e+00	-8.126017e+00	-8.122613e+00	-3.404235e-03
384           	-4.059618e+00	-7.514887e+00	-8.126031e+00	-8.122634e+00	-3.397577e-03
385           	-4.059632e+00	-7.506150e+00	-8.126046e+00	-8.122654e+00	-3.391329e-03
386           	-4.059645e+00	-7.497448e+00	-8.126060e+00	-8.122674e+00	-3.385418e-03
387           	-4.059657e+00	-7.488780e+00	-8.126074e+00	-8.122694e+00	-3.379765e-03
388           	-4.059670e+00	-7.480147e+00	-8.126088e+00	-8.122714e+00	-3.374291e-03
389           	-4.059682e+00	-7.471547e+00	-8.126103e+00	-8.122734e+00	-3.368930e-03
390           	-4.059695e+00	-7.462981e+00	-8.126117e+00	-8.122754e+00	-3.363629e-03
391           	-4.059707e+00	-7.454449e+00	-8.126132e+00	-8.122773e+00	-3.358351e-03
392           	-4.059720e+00	-7.445950e+00	-8.126146e+00	-8.122793e+00	-3.353076e-03
393           	-4.059732e+00	-7.437484e+00	-8.126160e+00	-8.122812e+00	-3.347796e-03
394           	-4.059745e+00	-7.429051e+00	-8.126174e+00	-8.122832e+00	-3.342513e-03
395           	-4.059757e+00	-7.420651e+00	-8.126188e+00	-8.122851e+00	-3.337235e-03
396           	-4.059769e+00	-7.412283e+00	-8.126202e+00	-8.122870e+00	-3.331974e-03
397           	-4.059781e+00	-7.403947e+00	-8.126216e+00	-8.122889e+00	-3.326744e-03
398           	-4.059793e+00	-7.395644e+00	-8.126230e+00	-8.122908e+00	-3.321555e-03
399           	-4.059805e+00	-7.387372e+00	-8.126243e+00	-8.122927e+00	-3.316416e-03
400           	-4.059817e+00	-7.379132e+00	-8.126257e+00	-8.122945e+00	-3.311335e-03
401           	-4.059829e+00	-7.370923e+00	-8.126270e+00	-8.122964e+00	-3.306314e-03
402           	-4.059840e+00	-7.362746e+00	-8.126283e+00	-8.122982e+00	-3.301356e-03
403           	-4.059852e+00	-7.354600e+00	-8.126296e+00	-8.123000e+00	-3.296459e-03
404           	-4.059863e+00	-7.346484e+00	-8.126310e+00	-8.123018e+00	-3.291620e-03
405           	-4.059874e+00	-7.338400e+00	-8.126323e+00	-8.123036e+00	-3.286835e-03
406           	-4.059886e+00	-7.330346e+00	-8.126335e+00	-8.123053e+00	-3.282102e-03
407           	-4.059897e+00	-7.322322e+00	-8.126348e+00	-8.123071e+00	-3.277416e-03
408           	-4.059908e+00	-7.314328e+00	-8.126361e+00	-8.123088e+00	-3.272773e-03
409           	-4.059919e+00	-7.306364e+00	-8.126374e+00	-8.123106e+00	-3.268170e-03
410           	-4.059925e+00	-7.298430e+00	-8.126382e+00	-8.123116e+00	-3.265523e-03
411           	-4.059922e+00	-7.290525e+00	-8.126379e+00	-8.123112e+00	-3.267114e-03
412           	-4.059925e+00	-7.282650e+00	-8.126383e+00	-8.123117e+00	-3.266346e-03
413           	-4.053154e+00	-7.274803e+00	-8.117550e+00	-8.111929e+00	-5.620966e-03
414           	-4.055246e+00	-7.266984e+00	-8.121250e+00	-8.115871e+00	-5.379686e-03
415           	-4.060127e+00	-7.259197e+00	-8.126326e+00	-8.123290e+00	-3.035783e-03
416           	-4.060181e+00	-7.251438e+00	-8.126594e+00	-8.123478e+00	-3.115427e-03
417           	-4.060492e+00	-7.243708e+00	-8.127062e+00	-8.124023e+00	-3.039370e-03
418           	-4.060342e+00	-7.236005e+00	-8.126901e+00	-8.123793e+00	-3.107935e-03
419           	-4.053803e+00	-7.228330e+00	-8.118359e+00	-8.112982e+00	-5.376814e-03
420           	-4.053761e+00	-7.220682e+00	-8.118727e+00	-8.113124e+00	-5.602670e-03
421           	-4.053951e+00	-7.213062e+00	-8.118858e+00	-8.113380e+00	-5.478386e-03
422           	-4.054133e+00	-7.205469e+00	-8.119158e+00	-8.113712e+00	-5.445480e-03
423           	-4.053716e+00	-7.197905e+00	-8.118554e+00	-8.112993e+00	-5.561442e-03
424           	-4.054071e+00	-7.190368e+00	-8.119024e+00	-8.113583e+00	-5.440997e-03
425           	-4.054004e+00	-7.182858e+00	-8.118907e+00	-8.113457e+00	-5.449596e-03
426           	-4.054058e+00	-7.175376e+00	-8.118958e+00	-8.113537e+00	-5.421276e-03
427           	-4.054074e+00	-7.167920e+00	-8.118963e+00	-8.113555e+00	-5.407893e-03
428           	-4.054093e+00	-7.160491e+00	-8.118978e+00	-8.113581e+00	-5.396233e-03
429           	-4.054104e+00	-7.153089e+00	-8.118986e+00	-8.113597e+00	-5.388784e-03
430           	-4.054113e+00	-7.145712e+00	-8.118993e+00	-8.113609e+00	-5.383872e-03
431           	-4.054118e+00	-7.138363e+00	-8.118998e+00	-8.113617e+00	-5.380937e-03
432           	-4.054122e+00	-7.131039e+00	-8.119002e+00	-8.113623e+00	-5.379230e-03
433           	-4.054125e+00	-7.123741e+00	-8.119007e+00	-8.113628e+00	-5.378115e-03
434           	-4.054129e+00	-7.116469e+00	-8.119012e+00	-8.113635e+00	-5.377001e-03
435           	-4.054134e+00	-7.109222e+00	-8.119019e+00	-8.113643e+00	-5.375402e-03
436           	-4.054141e+00	-7.102001e+00	-8.119028e+00	-8.113655e+00	-5.372972e-03
437           	-4.054151e+00	-7.094805e+00	-8.119040e+00	-8.113671e+00	-5.369521e-03
438           	-4.054163e+00	-7.087634e+00	-8.119055e+00	-8.113690e+00	-5.365016e-03
439           	-4.054177e+00	-7.080489e+00	-8.119072e+00	-8.113713e+00	-5.359547e-03
440           	-4.054193e+00	-7.073368e+00	-8.119092e+00	-8.113738e+00	-5.353291e-03
441           	-4.054210e+00	-7.066272e+00	-8.119112e+00	-8.113766e+00	-5.346461e-03
442           	-4.054228e+00	-7.059200e+00	-8.119134e+00	-8.113794e+00	-5.339273e-03
443           	-4.054246e+00	-7.052153e+00	-8.119156e+00	-8.113824e+00	-5.331919e-03
444           	-4.054264e+00	-7.045131e+00	-8.119177e+00	-8.113853e+00	-5.324547e-03
445           	-4.054282e+00	-7.038132e+00	-8.119199e+00	-8.113882e+00	-5.317257e-03
446           	-4.054300e+00	-7.031158e+00	-8.119221e+00	-8.113911e+00	-5.310113e-03
447           	-4.054318e+00	-7.024207e+00	-8.119242e+00	-8.113939e+00	-5.303131e-03
448           	-4.054335e+00	-7.017280e+00	-8.119263e+00	-8.113967e+00	-5.296307e-03
449           	-4.054352e+00	-7.010377e+00	-8.119283e+00	-8.113994e+00	-5.289617e-03
450           	-4.054369e+00	-7.003498e+00	-8.119304e+00	-8.114021e+00	-5.283027e-03
451           	-4.054385e+00	-6.996641e+00	-8.119324e+00	-8.114047e+00	-5.276502e-03
452           	-4.054402e+00	-6.989808e+00	-8.119344e+00	-8.114074e+00	-5.270007e-03
453           	-4.054419e+00	-6.982998e+00	-8.119364e+00	-8.114101e+00	-5.263516e-03
454           	-4.054435e+00	-6.976211e+00	-8.119384e+00	-8.114127e+00	-5.257010e-03
455           	-4.054452e+00	-6.969447e+00	-8.119405e+00	-8.114154e+00	-5.250476e-03
456           	-4.054447e+00	-6.962706e+00	-8.119401e+00	-8.114148e+00	-5.253265e-03
457           	-4.054454e+00	-6.955987e+00	-8.119410e+00	-8.114159e+00	-5.250521e-03
458           	-4.054466e+00	-6.949290e+00	-8.119424e+00	-8.114178e+00	-5.245809e-03
459           	-4.054481e+00	-6.942616e+00	-8.119446e+00	-8.114204e+00	-5.242106e-03
460           	-4.054496e+00	-6.935964e+00	-8.119470e+00	-8.114231e+00	-5.238750e-03
461           	-4.054513e+00	-6.929335e+00	-8.119495e+00	-8.114260e+00	-5.234734e-03
462           	-4.054530e+00	-6.922727e+00	-8.119520e+00	-8.114291e+00	-5.229824e-03
463           	-4.054549e+00	-6.916141e+00	-8.119547e+00	-8.114323e+00	-5.223781e-03
464           	-4.054570e+00	-6.909577e+00	-8.119572e+00	-8.114356e+00	-5.216669e-03
465           	-4.054590e+00	-6.903034e+00	-8.119597e+00	-8.114389e+00	-5.208686e-03
466           	-4.054611e+00	-6.896513e+00	-8.119622e+00	-8.114421e+00	-5.200113e-03
467           	-4.054631e+00	-6.890014e+00	-8.119645e+00	-8.114453e+00	-5.191240e-03
468           	-4.054651e+00	-6.883535e+00	-8.119667e+00	-8.114484e+00	-5.182318e-03
469           	-4.054671e+00	-6.877078e+00	-8.119688e+00	-8.114515e+00	-5.173534e-03
470           	-4.054689e+00	-6.870642e+00	-8.119709e+00	-8.114544e+00	-5.165008e-03
471           	-4.054708e+00	-6.864227e+00	-8.119729e+00	-8.114573e+00	-5.156795e-03
472           	-4.054726e+00	-6.857833e+00	-8.119750e+00	-8.114601e+00	-5.148903e-03
473           	-4.054744e+00	-6.851459e+00	-8.119770e+00	-8.114629e+00	-5.141305e-03
474           	-4.054761e+00	-6.845106e+00	-8.119790e+00	-8.114656e+00	-5.133955e-03
475           	-4.054550e+00	-6.838774e+00	-8.119466e+00	-8.114283e+00	-5.183608e-03
476           	-4.054814e+00	-6.832461e+00	-8.119854e+00	-8.114742e+00	-5.112617e-03
477           	-4.054786e+00	-6.826170e+00	-8.119811e+00	-8.114692e+00	-5.119233e-03
478           	-4.054607e+00	-6.819898e+00	-8.119533e+00	-8.114373e+00	-5.159330e-03
479           	-4.054868e+00	-6.813646e+00	-8.119916e+00	-8.114826e+00	-5.089691e-03
480           	-4.054844e+00	-6.807415e+00	-8.119879e+00	-8.114783e+00	-5.095200e-03
481           	-4.054665e+00	-6.801203e+00	-8.119601e+00	-8.114466e+00	-5.135455e-03
482           	-4.054923e+00	-6.795011e+00	-8.119981e+00	-8.114914e+00	-5.066995e-03
483           	-4.054672e+00	-6.788838e+00	-8.119601e+00	-8.114472e+00	-5.128967e-03
484           	-4.054739e+00	-6.782685e+00	-8.119689e+00	-8.114583e+00	-5.105472e-03
485           	-4.054939e+00	-6.776552e+00	-8.119990e+00	-8.114934e+00	-5.055707e-03
486           	-4.054724e+00	-6.770438e+00	-8.119661e+00	-8.114555e+00	-5.106076e-03
487           	-4.054789e+00	-6.764343e+00	-8.119745e+00	-8.114661e+00	-5.083628e-03
488           	-4.054992e+00	-6.758267e+00	-8.120050e+00	-8.115017e+00	-5.033395e-03
489           	-4.054778e+00	-6.752210e+00	-8.119723e+00	-8.114640e+00	-5.083585e-03
490           	-4.054841e+00	-6.746173e+00	-8.119806e+00	-8.114744e+00	-5.062059e-03
491           	-4.055042e+00	-6.740154e+00	-8.120109e+00	-8.115096e+00	-5.012894e-03
492           	-4.054828e+00	-6.734154e+00	-8.119783e+00	-8.114720e+00	-5.063202e-03
493           	-4.054890e+00	-6.728172e+00	-8.119864e+00	-8.114822e+00	-5.042325e-03
494           	-4.054868e+00	-6.722209e+00	-8.119829e+00	-8.114782e+00	-5.046773e-03
495           	-4.054884e+00	-6.716265e+00	-8.119847e+00	-8.114808e+00	-5.039615e-03
496           	-4.055115e+00	-6.710338e+00	-8.120194e+00	-8.115212e+00	-4.981597e-03
497           	-4.054906e+00	-6.704431e+00	-8.119874e+00	-8.114843e+00	-5.030426e-03
498           	-4.054970e+00	-6.698541e+00	-8.119959e+00	-8.114950e+00	-5.009127e-03
499           	-4.054949e+00	-6.692669e+00	-8.119925e+00	-8.114911e+00	-5.013738e-03
500           	-4.054965e+00	-6.686816e+00	-8.119943e+00	-8.114936e+00	-5.006979e-03
501           	-4.054976e+00	-6.680980e+00	-8.119954e+00	-8.114953e+00	-5.001667e-03
502           	-4.054991e+00	-6.675162e+00	-8.119972e+00	-8.114977e+00	-4.994999e-03
503           	-4.055007e+00	-6.669362e+00	-8.119990e+00	-8.115002e+00	-4.988361e-03
504           	-4.055005e+00	-6.663579e+00	-8.119988e+00	-8.114999e+00	-4.989511e-03
505           	-4.055011e+00	-6.657814e+00	-8.119995e+00	-8.115008e+00	-4.987081e-03
506           	-4.055022e+00	-6.652067e+00	-8.120008e+00	-8.115026e+00	-4.981905e-03
507           	-4.055034e+00	-6.646337e+00	-8.120025e+00	-8.115047e+00	-4.978218e-03
508           	-4.055049e+00	-6.640624e+00	-8.120047e+00	-8.115072e+00	-4.974669e-03
509           	-4.055063e+00	-6.634928e+00	-8.120068e+00	-8.115097e+00	-4.970974e-03
510           	-4.055079e+00	-6.629250e+00	-8.120091e+00	-8.115124e+00	-4.966682e-03
511           	-4.055095e+00	-6.623588e+00	-8.120114e+00	-8.115152e+00	-4.961554e-03
512           	-4.055113e+00	-6.617943e+00	-8.120136e+00	-8.115181e+00	-4.955565e-03
513           	-4.062783e+00	-6.612318e+00	-8.129900e+00	-8.127733e+00	-2.167277e-03
514           	-4.054553e+00	-6.606707e+00	-8.119526e+00	-8.114315e+00	-5.210153e-03
515           	-4.056348e+00	-6.601113e+00	-8.121843e+00	-8.117269e+00	-4.573471e-03
516           	-4.061800e+00	-6.595538e+00	-8.128314e+00	-8.125957e+00	-2.356380e-03
517           	-4.054505e+00	-6.589976e+00	-8.119067e+00	-8.114038e+00	-5.028596e-03
518           	-4.057151e+00	-6.584431e+00	-8.123387e+00	-8.118845e+00	-4.542215e-03
519           	-4.061041e+00	-6.578904e+00	-8.127430e+00	-8.124756e+00	-2.673943e-03
520           	-4.060876e+00	-6.573394e+00	-8.127395e+00	-8.124574e+00	-2.821840e-03
521           	-4.061149e+00	-6.567899e+00	-8.127803e+00	-8.125051e+00	-2.752657e-03
522           	-4.055380e+00	-6.562419e+00	-8.120247e+00	-8.115504e+00	-4.743060e-03
523           	-4.055151e+00	-6.556954e+00	-8.120320e+00	-8.115311e+00	-5.008694e-03
524           	-4.055233e+00	-6.551506e+00	-8.120321e+00	-8.115393e+00	-4.927415e-03
525           	-4.055320e+00	-6.546074e+00	-8.120487e+00	-8.115564e+00	-4.922985e-03
526           	-4.055316e+00	-6.540657e+00	-8.120465e+00	-8.115549e+00	-4.916288e-03
527           	-4.055387e+00	-6.535257e+00	-8.120544e+00	-8.115659e+00	-4.885056e-03
528           	-4.055252e+00	-6.529872e+00	-8.120307e+00	-8.115406e+00	-4.901466e-03
529           	-4.055328e+00	-6.524503e+00	-8.120393e+00	-8.115524e+00	-4.868879e-03
530           	-4.055349e+00	-6.519150e+00	-8.120405e+00	-8.115551e+00	-4.854180e-03
531           	-4.055394e+00	-6.513812e+00	-8.120456e+00	-8.115622e+00	-4.833882e-03
532           	-4.055430e+00	-6.508490e+00	-8.120496e+00	-8.115678e+00	-4.817828e-03
533           	-4.062911e+00	-6.503185e+00	-8.130026e+00	-8.127924e+00	-2.102503e-03
534           	-4.054934e+00	-6.497893e+00	-8.119955e+00	-8.114911e+00	-5.043976e-03
535           	-4.056652e+00	-6.492617e+00	-8.122180e+00	-8.117742e+00	-4.437748e-03
536           	-4.061853e+00	-6.487357e+00	-8.128346e+00	-8.126026e+00	-2.319950e-03
537           	-4.054705e+00	-6.482110e+00	-8.119266e+00	-8.114337e+00	-4.928324e-03
538           	-4.057353e+00	-6.476878e+00	-8.123555e+00	-8.119131e+00	-4.424644e-03
539           	-4.061075e+00	-6.471663e+00	-8.127441e+00	-8.124796e+00	-2.645413e-03
540           	-4.060910e+00	-6.466462e+00	-8.127401e+00	-8.124610e+00	-2.790977e-03
541           	-4.061215e+00	-6.461276e+00	-8.127852e+00	-8.125141e+00	-2.711386e-03
542           	-4.061139e+00	-6.456104e+00	-8.127792e+00	-8.125036e+00	-2.756608e-03
543           	-4.055684e+00	-6.450946e+00	-8.120616e+00	-8.115992e+00	-4.624061e-03
544           	-4.055310e+00	-6.445801e+00	-8.120483e+00	-8.115552e+00	-4.931292e-03
545           	-4.055607e+00	-6.440671e+00	-8.120770e+00	-8.115992e+00	-4.777897e-03
546           	-4.055730e+00	-6.435556e+00	-8.120992e+00	-8.116226e+00	-4.766270e-03
547           	-4.055513e+00	-6.430455e+00	-8.120655e+00	-8.115840e+00	-4.814745e-03
548           	-4.062799e+00	-6.425372e+00	-8.129905e+00	-8.127751e+00	-2.153409e-03
549           	-4.055038e+00	-6.420299e+00	-8.120099e+00	-8.115087e+00	-5.011480e-03
550           	-4.056732e+00	-6.415242e+00	-8.122289e+00	-8.117877e+00	-4.411862e-03
551           	-4.061716e+00	-6.410200e+00	-8.128163e+00	-8.125797e+00	-2.365394e-03
552           	-4.060977e+00	-6.405172e+00	-8.127512e+00	-8.124733e+00	-2.779432e-03
553           	-4.055582e+00	-6.400156e+00	-8.120402e+00	-8.115783e+00	-4.619436e-03
554           	-4.057312e+00	-6.395154e+00	-8.123471e+00	-8.119047e+00	-4.423368e-03
555           	-4.060889e+00	-6.390167e+00	-8.127183e+00	-8.124480e+00	-2.702733e-03
556           	-4.060803e+00	-6.385194e+00	-8.127232e+00	-8.124419e+00	-2.812300e-03
557           	-4.061131e+00	-6.380235e+00	-8.127718e+00	-8.124990e+00	-2.728590e-03
558           	-4.061128e+00	-6.375289e+00	-8.127754e+00	-8.125005e+00	-2.749579e-03
559           	-4.055691e+00	-6.370355e+00	-8.120605e+00	-8.115993e+00	-4.611817e-03
560           	-4.057374e+00	-6.365434e+00	-8.123616e+00	-8.119182e+00	-4.433557e-03
561           	-4.061141e+00	-6.360529e+00	-8.127551e+00	-8.124916e+00	-2.634464e-03
562           	-4.061042e+00	-6.355637e+00	-8.127609e+00	-8.124846e+00	-2.762292e-03
563           	-4.055774e+00	-6.350757e+00	-8.120684e+00	-8.116115e+00	-4.568301e-03
564           	-4.057394e+00	-6.345890e+00	-8.123608e+00	-8.119198e+00	-4.409996e-03
565           	-4.061118e+00	-6.341038e+00	-8.127515e+00	-8.124876e+00	-2.639034e-03
566           	-4.060914e+00	-6.336199e+00	-8.127421e+00	-8.124624e+00	-2.796798e-03
567           	-4.061223e+00	-6.331373e+00	-8.127862e+00	-8.125154e+00	-2.708222e-03
568           	-4.061228e+00	-6.326560e+00	-8.127895e+00	-8.125175e+00	-2.719641e-03
569           	-4.055896e+00	-6.321759e+00	-8.120872e+00	-8.116332e+00	-4.539720e-03
570           	-4.057537e+00	-6.316970e+00	-8.123806e+00	-8.119441e+00	-4.365748e-03
571           	-4.061244e+00	-6.312196e+00	-8.127667e+00	-8.125077e+00	-2.589742e-03
572           	-4.061200e+00	-6.307435e+00	-8.127787e+00	-8.125094e+00	-2.693765e-03
573           	-4.056089e+00	-6.302685e+00	-8.121057e+00	-8.116617e+00	-4.439891e-03
574           	-4.057609e+00	-6.297948e+00	-8.123865e+00	-8.119541e+00	-4.323681e-03
575           	-4.061325e+00	-6.293225e+00	-8.127764e+00	-8.125207e+00	-2.557694e-03
576           	-4.061081e+00	-6.288514e+00	-8.127628e+00	-8.124895e+00	-2.732813e-03
577           	-4.061343e+00	-6.283816e+00	-8.128006e+00	-8.125345e+00	-2.660174e-03
578           	-4.061319e+00	-6.279130e+00	-8.128000e+00	-8.125319e+00	-2.681074e-03
579           	-4.056076e+00	-6.274456e+00	-8.121092e+00	-8.116622e+00	-4.469705e-03
580           	-4.055473e+00	-6.269793e+00	-8.120612e+00	-8.115779e+00	-4.833074e-03
581           	-4.055982e+00	-6.265143e+00	-8.121170e+00	-8.116567e+00	-4.603191e-03
582           	-4.056147e+00	-6.260505e+00	-8.121454e+00	-8.116874e+00	-4.579600e-03
583           	-4.056199e+00	-6.255880e+00	-8.121518e+00	-8.116957e+00	-4.560262e-03
584           	-4.062929e+00	-6.251269e+00	-8.130044e+00	-8.127951e+00	-2.092314e-03
585           	-4.055664e+00	-6.246668e+00	-8.120831e+00	-8.116080e+00	-4.751557e-03
586           	-4.056965e+00	-6.242079e+00	-8.122508e+00	-8.118219e+00	-4.289158e-03
587           	-4.056588e+00	-6.237502e+00	-8.121986e+00	-8.117581e+00	-4.405405e-03
588           	-4.061749e+00	-6.232940e+00	-8.128166e+00	-8.125831e+00	-2.334212e-03
589           	-4.061159e+00	-6.228388e+00	-8.127667e+00	-8.124992e+00	-2.674716e-03
590           	-4.055841e+00	-6.223847e+00	-8.120661e+00	-8.116171e+00	-4.489686e-03
591           	-4.057779e+00	-6.219317e+00	-8.123969e+00	-8.119763e+00	-4.205375e-03
592           	-4.061044e+00	-6.214801e+00	-8.127355e+00	-8.124722e+00	-2.633741e-03
593           	-4.060918e+00	-6.210296e+00	-8.127341e+00	-8.124589e+00	-2.752341e-03
594           	-4.061254e+00	-6.205803e+00	-8.127834e+00	-8.125171e+00	-2.663576e-03
595           	-4.061298e+00	-6.201321e+00	-8.127931e+00	-8.125263e+00	-2.667768e-03
596           	-4.056015e+00	-6.196850e+00	-8.120974e+00	-8.116502e+00	-4.471856e-03
597           	-4.057747e+00	-6.192389e+00	-8.123987e+00	-8.119740e+00	-4.247044e-03
598           	-4.061232e+00	-6.187942e+00	-8.127623e+00	-8.125044e+00	-2.579375e-03
599           	-4.061162e+00	-6.183506e+00	-8.127701e+00	-8.125013e+00	-2.688714e-03
600           	-4.055989e+00	-6.179081e+00	-8.120890e+00	-8.116434e+00	-4.455402e-03
601           	-4.057780e+00	-6.174666e+00	-8.124000e+00	-8.119780e+00	-4.220003e-03
602           	-4.061178e+00	-6.170264e+00	-8.127553e+00	-8.124955e+00	-2.598330e-03
603           	-4.061009e+00	-6.165873e+00	-8.127489e+00	-8.124754e+00	-2.735540e-03
604           	-4.061343e+00	-6.161494e+00	-8.127964e+00	-8.125325e+00	-2.638988e-03
605           	-4.061391e+00	-6.157125e+00	-8.128055e+00	-8.125419e+00	-2.636670e-03
606           	-4.056217e+00	-6.152767e+00	-8.121235e+00	-8.116835e+00	-4.400048e-03
607           	-4.057887e+00	-6.148419e+00	-8.124153e+00	-8.119964e+00	-4.189615e-03
608           	-4.061336e+00	-6.144084e+00	-8.127748e+00	-8.125210e+00	-2.537678e-03
609           	-4.061288e+00	-6.139759e+00	-8.127853e+00	-8.125214e+00	-2.638679e-03
610           	-4.056246e+00	-6.135445e+00	-8.121207e+00	-8.116849e+00	-4.357359e-03
611           	-4.057916e+00	-6.131140e+00	-8.124167e+00	-8.119999e+00	-4.167778e-03
612           	-4.061317e+00	-6.126849e+00	-8.127731e+00	-8.125182e+00	-2.548337e-03
613           	-4.061110e+00	-6.122567e+00	-8.127628e+00	-8.124924e+00	-2.703786e-03
614           	-4.061410e+00	-6.118297e+00	-8.128059e+00	-8.125439e+00	-2.619769e-03
615           	-4.056028e+00	-6.114036e+00	-8.120988e+00	-8.116522e+00	-4.465713e-03
616           	-4.057972e+00	-6.109785e+00	-8.124223e+00	-8.120084e+00	-4.139492e-03
617           	-4.061266e+00	-6.105547e+00	-8.127655e+00	-8.125094e+00	-2.561165e-03
618           	-4.061185e+00	-6.101319e+00	-8.127706e+00	-8.125038e+00	-2.668110e-03
619           	-4.061459e+00	-6.097101e+00	-8.128118e+00	-8.125518e+00	-2.600525e-03
620           	-4.056136e+00	-6.092893e+00	-8.121108e+00	-8.116690e+00	-4.418541e-03
621           	-4.057946e+00	-6.088694e+00	-8.124196e+00	-8.120044e+00	-4.151968e-03
622           	-4.061208e+00	-6.084508e+00	-8.127589e+00	-8.125002e+00	-2.586105e-03
623           	-4.061118e+00	-6.080332e+00	-8.127621e+00	-8.124929e+00	-2.692297e-03
624           	-4.061426e+00	-6.076166e+00	-8.128069e+00	-8.125461e+00	-2.608556e-03
625           	-4.056078e+00	-6.072009e+00	-8.121037e+00	-8.116596e+00	-4.440335e-03
626           	-4.058077e+00	-6.067863e+00	-8.124332e+00	-8.120243e+00	-4.088586e-03
627           	-4.061300e+00	-6.063728e+00	-8.127687e+00	-8.125144e+00	-2.543754e-03
628           	-4.061185e+00	-6.059603e+00	-8.127691e+00	-8.125031e+00	-2.660507e-03
629           	-4.061461e+00	-6.055487e+00	-8.128102e+00	-8.125512e+00	-2.590370e-03
630           	-4.056141e+00	-6.051381e+00	-8.121092e+00	-8.116687e+00	-4.405576e-03
631           	-4.058030e+00	-6.047285e+00	-8.124273e+00	-8.120166e+00	-4.106864e-03
632           	-4.061175e+00	-6.043200e+00	-8.127533e+00	-8.124941e+00	-2.591732e-03
633           	-4.061117e+00	-6.039125e+00	-8.127599e+00	-8.124916e+00	-2.682613e-03
634           	-4.061442e+00	-6.035059e+00	-8.128072e+00	-8.125478e+00	-2.593994e-03
635           	-4.061504e+00	-6.031004e+00	-8.128184e+00	-8.125596e+00	-2.587605e-03
636           	-4.056482e+00	-6.026957e+00	-8.121556e+00	-8.117260e+00	-4.296364e-03
637           	-4.055370e+00	-6.022919e+00	-8.120359e+00	-8.115549e+00	-4.809677e-03
638           	-4.056032e+00	-6.018891e+00	-8.121099e+00	-8.116582e+00	-4.517246e-03
639           	-4.056219e+00	-6.014874e+00	-8.121402e+00	-8.116920e+00	-4.482209e-03
640           	-4.056417e+00	-6.010866e+00	-8.121666e+00	-8.117250e+00	-4.416449e-03
641           	-4.056582e+00	-6.006867e+00	-8.121888e+00	-8.117527e+00	-4.361666e-03
642           	-4.063118e+00	-6.002881e+00	-8.130235e+00	-8.128236e+00	-1.999560e-03
643           	-4.056379e+00	-5.998902e+00	-8.121656e+00	-8.117207e+00	-4.449267e-03
644           	-4.056812e+00	-5.994933e+00	-8.122016e+00	-8.117820e+00	-4.195601e-03
645           	-4.056978e+00	-5.990973e+00	-8.122386e+00	-8.118171e+00	-4.215074e-03
646           	-4.057077e+00	-5.987022e+00	-8.122533e+00	-8.118344e+00	-4.189079e-03
647           	-4.056982e+00	-5.983081e+00	-8.122386e+00	-8.118175e+00	-4.210465e-03
648           	-4.061023e+00	-5.979151e+00	-8.127138e+00	-8.124592e+00	-2.546564e-03
649           	-4.060961e+00	-5.975229e+00	-8.127234e+00	-8.124578e+00	-2.655731e-03
650           	-4.061343e+00	-5.971317e+00	-8.127823e+00	-8.125255e+00	-2.568006e-03
651           	-4.061425e+00	-5.967414e+00	-8.127990e+00	-8.125420e+00	-2.569597e-03
652           	-4.056068e+00	-5.963519e+00	-8.120928e+00	-8.116532e+00	-4.395925e-03
653           	-4.058167e+00	-5.959632e+00	-8.124384e+00	-8.120359e+00	-4.025393e-03
654           	-4.060970e+00	-5.955757e+00	-8.127247e+00	-8.124593e+00	-2.653802e-03
655           	-4.061008e+00	-5.951890e+00	-8.127418e+00	-8.124718e+00	-2.700853e-03
656           	-4.061371e+00	-5.948032e+00	-8.127955e+00	-8.125349e+00	-2.606053e-03
657           	-4.061487e+00	-5.944184e+00	-8.128145e+00	-8.125560e+00	-2.585187e-03
658           	-4.056521e+00	-5.940343e+00	-8.121588e+00	-8.117315e+00	-4.272742e-03
659           	-4.058289e+00	-5.936511e+00	-8.124582e+00	-8.120580e+00	-4.002547e-03
660           	-4.061413e+00	-5.932689e+00	-8.127834e+00	-8.125330e+00	-2.503924e-03
661           	-4.061354e+00	-5.928876e+00	-8.127904e+00	-8.125306e+00	-2.598626e-03
662           	-4.056345e+00	-5.925071e+00	-8.121289e+00	-8.116989e+00	-4.299862e-03
663           	-4.058368e+00	-5.921275e+00	-8.124654e+00	-8.120695e+00	-3.958657e-03
664           	-4.061265e+00	-5.917489e+00	-8.127638e+00	-8.125084e+00	-2.554336e-03
665           	-4.061185e+00	-5.913711e+00	-8.127659e+00	-8.125014e+00	-2.644668e-03
666           	-4.061527e+00	-5.909942e+00	-8.128147e+00	-8.125600e+00	-2.547103e-03
667           	-4.061615e+00	-5.906182e+00	-8.128295e+00	-8.125763e+00	-2.532254e-03
668           	-4.056703e+00	-5.902429e+00	-8.121805e+00	-8.117605e+00	-4.199301e-03
669           	-4.058390e+00	-5.898685e+00	-8.124687e+00	-8.120733e+00	-3.953962e-03
670           	-4.061452e+00	-5.894951e+00	-8.127871e+00	-8.125387e+00	-2.483416e-03
671           	-4.061422e+00	-5.891225e+00	-8.127982e+00	-8.125413e+00	-2.568615e-03
672           	-4.056508e+00	-5.887507e+00	-8.121491e+00	-8.117253e+00	-4.237765e-03
673           	-4.058462e+00	-5.883797e+00	-8.124773e+00	-8.120849e+00	-3.924302e-03
674           	-4.061361e+00	-5.880097e+00	-8.127773e+00	-8.125247e+00	-2.525367e-03
675           	-4.061252e+00	-5.876405e+00	-8.127763e+00	-8.125134e+00	-2.629215e-03
676           	-4.061584e+00	-5.872721e+00	-8.128235e+00	-8.125702e+00	-2.533172e-03
677           	-4.056439e+00	-5.869045e+00	-8.121453e+00	-8.117165e+00	-4.287106e-03
678           	-4.058507e+00	-5.865377e+00	-8.124800e+00	-8.120907e+00	-3.893099e-03
679           	-4.061353e+00	-5.861719e+00	-8.127732e+00	-8.125219e+00	-2.512890e-03
680           	-4.061328e+00	-5.858068e+00	-8.127826e+00	-8.125241e+00	-2.585466e-03
681           	-4.061633e+00	-5.854426e+00	-8.128281e+00	-8.125773e+00	-2.507373e-03
682           	-4.056547e+00	-5.850791e+00	-8.121562e+00	-8.117328e+00	-4.234294e-03
683           	-4.058502e+00	-5.847164e+00	-8.124802e+00	-8.120903e+00	-3.899556e-03
684           	-4.061332e+00	-5.843547e+00	-8.127717e+00	-8.125190e+00	-2.526992e-03
685           	-4.061293e+00	-5.839938e+00	-8.127794e+00	-8.125190e+00	-2.603803e-03
686           	-4.061613e+00	-5.836337e+00	-8.128259e+00	-8.125742e+00	-2.516737e-03
687           	-4.056512e+00	-5.832742e+00	-8.121534e+00	-8.117279e+00	-4.255303e-03
688           	-4.058595e+00	-5.829156e+00	-8.124896e+00	-8.121043e+00	-3.852851e-03
689           	-4.061395e+00	-5.825579e+00	-8.127782e+00	-8.125285e+00	-2.496361e-03
690           	-4.061348e+00	-5.822010e+00	-8.127848e+00	-8.125272e+00	-2.576091e-03
691           	-4.061652e+00	-5.818449e+00	-8.128298e+00	-8.125801e+00	-2.497104e-03
692           	-4.056598e+00	-5.814894e+00	-8.121619e+00	-8.117408e+00	-4.211354e-03
693           	-4.058586e+00	-5.811347e+00	-8.124895e+00	-8.121033e+00	-3.861387e-03
694           	-4.061340e+00	-5.807810e+00	-8.127722e+00	-8.125201e+00	-2.521133e-03
695           	-4.061324e+00	-5.804280e+00	-8.127821e+00	-8.125234e+00	-2.587106e-03
696           	-4.061649e+00	-5.800758e+00	-8.128294e+00	-8.125796e+00	-2.498647e-03
697           	-4.056584e+00	-5.797243e+00	-8.121614e+00	-8.117391e+00	-4.223287e-03
698           	-4.058688e+00	-5.793735e+00	-8.124998e+00	-8.121187e+00	-3.811473e-03
699           	-4.061423e+00	-5.790237e+00	-8.127813e+00	-8.125329e+00	-2.483452e-03
700           	-4.061379e+00	-5.786746e+00	-8.127880e+00	-8.125319e+00	-2.560538e-03
701           	-4.061682e+00	-5.783263e+00	-8.128329e+00	-8.125847e+00	-2.481802e-03
702           	-4.056664e+00	-5.779786e+00	-8.121694e+00	-8.117511e+00	-4.182707e-03
703           	-4.058670e+00	-5.776316e+00	-8.124988e+00	-8.121164e+00	-3.823670e-03
704           	-4.061361e+00	-5.772856e+00	-8.127744e+00	-8.125233e+00	-2.511337e-03
705           	-4.061355e+00	-5.769403e+00	-8.127854e+00	-8.125282e+00	-2.571881e-03
706           	-4.061682e+00	-5.765958e+00	-8.128329e+00	-8.125846e+00	-2.483137e-03
707           	-4.056659e+00	-5.762518e+00	-8.121702e+00	-8.117510e+00	-4.192092e-03
708           	-4.058771e+00	-5.759087e+00	-8.125093e+00	-8.121317e+00	-3.775109e-03
709           	-4.061451e+00	-5.755664e+00	-8.127845e+00	-8.125373e+00	-2.471851e-03
710           	-4.061414e+00	-5.752248e+00	-8.127918e+00	-8.125373e+00	-2.545018e-03
711           	-4.061717e+00	-5.748840e+00	-8.128367e+00	-8.125901e+00	-2.466159e-03
712           	-4.056741e+00	-5.745438e+00	-8.121785e+00	-8.117634e+00	-4.151551e-03
713           	-4.058755e+00	-5.742043e+00	-8.125084e+00	-8.121297e+00	-3.787003e-03
714           	-4.061391e+00	-5.738657e+00	-8.127780e+00	-8.125281e+00	-2.498611e-03
715           	-4.061392e+00	-5.735278e+00	-8.127895e+00	-8.125340e+00	-2.555361e-03
716           	-4.061718e+00	-5.731907e+00	-8.128370e+00	-8.125904e+00	-2.466772e-03
717           	-4.056740e+00	-5.728541e+00	-8.121799e+00	-8.117640e+00	-4.159154e-03
718           	-4.058852e+00	-5.725183e+00	-8.125184e+00	-8.121444e+00	-3.740045e-03
719           	-4.061482e+00	-5.721833e+00	-8.127882e+00	-8.125423e+00	-2.459082e-03
720           	-4.061451e+00	-5.718490e+00	-8.127960e+00	-8.125431e+00	-2.528862e-03
721           	-4.061754e+00	-5.715154e+00	-8.128408e+00	-8.125958e+00	-2.450206e-03
722           	-4.056821e+00	-5.711824e+00	-8.121881e+00	-8.117762e+00	-4.119547e-03
723           	-4.058836e+00	-5.708502e+00	-8.125175e+00	-8.121424e+00	-3.751872e-03
724           	-4.061424e+00	-5.705187e+00	-8.127818e+00	-8.125333e+00	-2.485198e-03
725           	-4.061425e+00	-5.701880e+00	-8.127932e+00	-8.125391e+00	-2.541005e-03
726           	-4.061744e+00	-5.698579e+00	-8.128399e+00	-8.125944e+00	-2.455575e-03
727           	-4.056804e+00	-5.695285e+00	-8.121876e+00	-8.117742e+00	-4.133979e-03
728           	-4.058907e+00	-5.691997e+00	-8.125245e+00	-8.121530e+00	-3.715042e-03
729           	-4.061489e+00	-5.688718e+00	-8.127891e+00	-8.125434e+00	-2.456723e-03
730           	-4.061463e+00	-5.685445e+00	-8.127976e+00	-8.125451e+00	-2.524655e-03
731           	-4.061766e+00	-5.682179e+00	-8.128426e+00	-8.125979e+00	-2.447024e-03
732           	-4.056877e+00	-5.678919e+00	-8.121956e+00	-8.117855e+00	-4.101102e-03
733           	-4.058897e+00	-5.675666e+00	-8.125252e+00	-8.121523e+00	-3.728884e-03
734           	-4.061438e+00	-5.672421e+00	-8.127844e+00	-8.125359e+00	-2.484265e-03
735           	-4.061451e+00	-5.669183e+00	-8.127970e+00	-8.125436e+00	-2.534131e-03
736           	-4.061777e+00	-5.665951e+00	-8.128444e+00	-8.125999e+00	-2.445345e-03
737           	-4.056894e+00	-5.662725e+00	-8.121991e+00	-8.117890e+00	-4.101683e-03
738           	-4.058997e+00	-5.659506e+00	-8.125356e+00	-8.121675e+00	-3.680604e-03
739           	-4.061535e+00	-5.656294e+00	-8.127952e+00	-8.125511e+00	-2.440710e-03
740           	-4.061516e+00	-5.653090e+00	-8.128040e+00	-8.125536e+00	-2.503568e-03
741           	-4.061817e+00	-5.649891e+00	-8.128485e+00	-8.126060e+00	-2.425021e-03
742           	-4.056979e+00	-5.646699e+00	-8.122078e+00	-8.118018e+00	-4.059315e-03
743           	-4.058989e+00	-5.643513e+00	-8.125353e+00	-8.121666e+00	-3.687220e-03
744           	-4.061486e+00	-5.640335e+00	-8.127896e+00	-8.125434e+00	-2.461951e-03
745           	-4.061501e+00	-5.637163e+00	-8.128023e+00	-8.125513e+00	-2.510502e-03
746           	-4.061823e+00	-5.633998e+00	-8.128493e+00	-8.126069e+00	-2.423435e-03
747           	-4.056992e+00	-5.630838e+00	-8.122106e+00	-8.118044e+00	-4.061181e-03
748           	-4.059079e+00	-5.627685e+00	-8.125446e+00	-8.121802e+00	-3.643837e-03
749           	-4.061577e+00	-5.624540e+00	-8.127999e+00	-8.125576e+00	-2.423156e-03
750           	-4.061561e+00	-5.621400e+00	-8.128091e+00	-8.125606e+00	-2.484661e-03
751           	-4.061859e+00	-5.618268e+00	-8.128533e+00	-8.126125e+00	-2.407222e-03
752           	-4.057072e+00	-5.615140e+00	-8.122190e+00	-8.118167e+00	-4.023459e-03
753           	-4.059071e+00	-5.612019e+00	-8.125446e+00	-8.121794e+00	-3.652074e-03
754           	-4.061528e+00	-5.608906e+00	-8.127946e+00	-8.125500e+00	-2.445314e-03
755           	-4.061545e+00	-5.605798e+00	-8.128075e+00	-8.125583e+00	-2.492162e-03
756           	-4.061864e+00	-5.602697e+00	-8.128541e+00	-8.126135e+00	-2.405901e-03
757           	-4.057084e+00	-5.599602e+00	-8.122219e+00	-8.118194e+00	-4.024885e-03
758           	-4.059158e+00	-5.596512e+00	-8.125536e+00	-8.121925e+00	-3.610276e-03
759           	-4.061616e+00	-5.593431e+00	-8.128047e+00	-8.125639e+00	-2.407383e-03
760           	-4.061603e+00	-5.590355e+00	-8.128141e+00	-8.125674e+00	-2.467054e-03
761           	-4.061899e+00	-5.587285e+00	-8.128579e+00	-8.126189e+00	-2.390323e-03
762           	-4.057161e+00	-5.584221e+00	-8.122300e+00	-8.118311e+00	-3.988978e-03
763           	-4.059149e+00	-5.581163e+00	-8.125536e+00	-8.121917e+00	-3.618398e-03
764           	-4.061567e+00	-5.578112e+00	-8.127993e+00	-8.125564e+00	-2.429576e-03
765           	-4.061587e+00	-5.575067e+00	-8.128124e+00	-8.125649e+00	-2.474915e-03
766           	-4.061904e+00	-5.572028e+00	-8.128586e+00	-8.126197e+00	-2.389563e-03
767           	-4.057172e+00	-5.568994e+00	-8.122326e+00	-8.118335e+00	-3.990809e-03
768           	-4.059232e+00	-5.565967e+00	-8.125622e+00	-8.122043e+00	-3.578521e-03
769           	-4.061653e+00	-5.562947e+00	-8.128092e+00	-8.125700e+00	-2.392977e-03
770           	-4.061644e+00	-5.559932e+00	-8.128189e+00	-8.125738e+00	-2.450834e-03
771           	-4.056836e+00	-5.556923e+00	-8.121816e+00	-8.117744e+00	-4.072118e-03
772           	-4.059301e+00	-5.553919e+00	-8.125707e+00	-8.122155e+00	-3.552364e-03
773           	-4.061436e+00	-5.550923e+00	-8.127824e+00	-8.125348e+00	-2.475730e-03
774           	-4.061488e+00	-5.547932e+00	-8.127973e+00	-8.125475e+00	-2.498071e-03
775           	-4.061835e+00	-5.544948e+00	-8.128472e+00	-8.126072e+00	-2.400726e-03
776           	-4.056988e+00	-5.541968e+00	-8.122056e+00	-8.118016e+00	-4.040354e-03
777           	-4.059301e+00	-5.538995e+00	-8.125687e+00	-8.122145e+00	-3.542231e-03
778           	-4.061527e+00	-5.536028e+00	-8.127922e+00	-8.125488e+00	-2.433370e-03
779           	-4.061580e+00	-5.533067e+00	-8.128083e+00	-8.125621e+00	-2.461262e-03
780           	-4.061897e+00	-5.530112e+00	-8.128553e+00	-8.126173e+00	-2.379902e-03
781           	-4.057157e+00	-5.527162e+00	-8.122269e+00	-8.118291e+00	-3.977212e-03
782           	-4.059292e+00	-5.524217e+00	-8.125695e+00	-8.122139e+00	-3.555424e-03
783           	-4.061554e+00	-5.521280e+00	-8.127972e+00	-8.125540e+00	-2.432407e-03
784           	-4.061595e+00	-5.518348e+00	-8.128121e+00	-8.125655e+00	-2.465475e-03
785           	-4.061916e+00	-5.515422e+00	-8.128590e+00	-8.126211e+00	-2.378480e-03
786           	-4.057207e+00	-5.512500e+00	-8.122355e+00	-8.118384e+00	-3.970134e-03
787           	-4.059357e+00	-5.509584e+00	-8.125761e+00	-8.122238e+00	-3.523254e-03
788           	-4.061641e+00	-5.506676e+00	-8.128073e+00	-8.125677e+00	-2.395572e-03
789           	-4.061658e+00	-5.503772e+00	-8.128195e+00	-8.125756e+00	-2.439590e-03
790           	-4.061960e+00	-5.500875e+00	-8.128643e+00	-8.126281e+00	-2.361453e-03
791           	-4.057311e+00	-5.497982e+00	-8.122475e+00	-8.118549e+00	-3.926126e-03
792           	-4.059347e+00	-5.495094e+00	-8.125762e+00	-8.122228e+00	-3.533541e-03
793           	-4.061620e+00	-5.492214e+00	-8.128059e+00	-8.125649e+00	-2.409856e-03
794           	-4.061654e+00	-5.489339e+00	-8.128202e+00	-8.125755e+00	-2.447370e-03
795           	-4.061967e+00	-5.486469e+00	-8.128662e+00	-8.126298e+00	-2.363710e-03
796           	-4.057337e+00	-5.483604e+00	-8.122529e+00	-8.118602e+00	-3.927503e-03
797           	-4.059416e+00	-5.480744e+00	-8.125837e+00	-8.122334e+00	-3.502725e-03
798           	-4.061702e+00	-5.477892e+00	-8.128157e+00	-8.125780e+00	-2.376929e-03
799           	-4.061716e+00	-5.475044e+00	-8.128277e+00	-8.125855e+00	-2.422107e-03
800           	-4.057004e+00	-5.472201e+00	-8.122023e+00	-8.118015e+00	-4.007897e-03
801           	-4.059505e+00	-5.469364e+00	-8.125947e+00	-8.122478e+00	-3.468632e-03
802           	-4.061515e+00	-5.466533e+00	-8.127924e+00	-8.125477e+00	-2.447395e-03
803           	-4.061581e+00	-5.463707e+00	-8.128085e+00	-8.125624e+00	-2.461475e-03
804           	-4.061923e+00	-5.460887e+00	-8.128576e+00	-8.126211e+00	-2.365623e-03
805           	-4.057197e+00	-5.458071e+00	-8.122313e+00	-8.118354e+00	-3.959502e-03
806           	-4.059491e+00	-5.455261e+00	-8.125908e+00	-8.122445e+00	-3.462481e-03
807           	-4.061606e+00	-5.452457e+00	-8.128020e+00	-8.125617e+00	-2.403869e-03
808           	-4.061674e+00	-5.449659e+00	-8.128196e+00	-8.125772e+00	-2.423766e-03
809           	-4.061990e+00	-5.446865e+00	-8.128664e+00	-8.126322e+00	-2.342543e-03
810           	-4.057383e+00	-5.444076e+00	-8.122549e+00	-8.118658e+00	-3.891609e-03
811           	-4.059495e+00	-5.441293e+00	-8.125931e+00	-8.122460e+00	-3.470731e-03
812           	-4.061657e+00	-5.438515e+00	-8.128102e+00	-8.125708e+00	-2.393788e-03
813           	-4.061703e+00	-5.435743e+00	-8.128254e+00	-8.125830e+00	-2.423442e-03
814           	-4.062016e+00	-5.432976e+00	-8.128711e+00	-8.126372e+00	-2.339134e-03
815           	-4.057444e+00	-5.430213e+00	-8.122649e+00	-8.118769e+00	-3.880370e-03
816           	-4.059547e+00	-5.427456e+00	-8.125981e+00	-8.122538e+00	-3.443748e-03
817           	-4.061739e+00	-5.424705e+00	-8.128195e+00	-8.125836e+00	-2.358859e-03
818           	-4.061773e+00	-5.421959e+00	-8.128335e+00	-8.125940e+00	-2.394362e-03
819           	-4.057119e+00	-5.419217e+00	-8.122154e+00	-8.118196e+00	-3.958684e-03
820           	-4.059648e+00	-5.416480e+00	-8.126109e+00	-8.122703e+00	-3.406215e-03
821           	-4.061579e+00	-5.413750e+00	-8.127999e+00	-8.125578e+00	-2.421025e-03
822           	-4.061652e+00	-5.411024e+00	-8.128167e+00	-8.125735e+00	-2.431393e-03
823           	-4.061988e+00	-5.408304e+00	-8.128652e+00	-8.126314e+00	-2.337411e-03
824           	-4.057343e+00	-5.405588e+00	-8.122490e+00	-8.118587e+00	-3.902235e-03
825           	-4.059618e+00	-5.402877e+00	-8.126052e+00	-8.122644e+00	-3.408452e-03
826           	-4.061665e+00	-5.400172e+00	-8.128092e+00	-8.125711e+00	-2.380479e-03
827           	-4.061743e+00	-5.397472e+00	-8.128277e+00	-8.125881e+00	-2.395491e-03
828           	-4.062058e+00	-5.394777e+00	-8.128745e+00	-8.126431e+00	-2.314284e-03
829           	-4.057540e+00	-5.392086e+00	-8.122743e+00	-8.118912e+00	-3.831714e-03
830           	-4.059629e+00	-5.389400e+00	-8.126087e+00	-8.122673e+00	-3.414224e-03
831           	-4.061735e+00	-5.386720e+00	-8.128198e+00	-8.125835e+00	-2.363730e-03
832           	-4.061781e+00	-5.384045e+00	-8.128348e+00	-8.125956e+00	-2.392814e-03
833           	-4.057108e+00	-5.381374e+00	-8.122151e+00	-8.118184e+00	-3.967801e-03
834           	-4.059750e+00	-5.378708e+00	-8.126211e+00	-8.122855e+00	-3.355553e-03
835           	-4.061625e+00	-5.376048e+00	-8.128045e+00	-8.125647e+00	-2.397913e-03
836           	-4.061706e+00	-5.373392e+00	-8.128221e+00	-8.125817e+00	-2.404036e-03
837           	-4.062044e+00	-5.370742e+00	-8.128712e+00	-8.126400e+00	-2.312283e-03
838           	-4.057484e+00	-5.368095e+00	-8.122651e+00	-8.118809e+00	-3.841489e-03
839           	-4.059695e+00	-5.365454e+00	-8.126157e+00	-8.122774e+00	-3.382799e-03
840           	-4.061686e+00	-5.362818e+00	-8.128127e+00	-8.125749e+00	-2.377549e-03
841           	-4.061771e+00	-5.360187e+00	-8.128317e+00	-8.125929e+00	-2.388195e-03
842           	-4.062085e+00	-5.357561e+00	-8.128780e+00	-8.126475e+00	-2.304980e-03
843           	-4.057586e+00	-5.354938e+00	-8.122810e+00	-8.118991e+00	-3.819082e-03
844           	-4.059734e+00	-5.352321e+00	-8.126196e+00	-8.122832e+00	-3.363635e-03
845           	-4.061801e+00	-5.349709e+00	-8.128270e+00	-8.125936e+00	-2.334266e-03
846           	-4.061845e+00	-5.347102e+00	-8.128417e+00	-8.126053e+00	-2.363690e-03
847           	-4.057274e+00	-5.344499e+00	-8.122343e+00	-8.118446e+00	-3.897144e-03
848           	-4.059822e+00	-5.341900e+00	-8.126310e+00	-8.122977e+00	-3.332714e-03
849           	-4.061645e+00	-5.339308e+00	-8.128080e+00	-8.125685e+00	-2.395138e-03
850           	-4.061737e+00	-5.336720e+00	-8.128266e+00	-8.125870e+00	-2.396047e-03
851           	-4.062073e+00	-5.334136e+00	-8.128750e+00	-8.126448e+00	-2.302504e-03
852           	-4.057535e+00	-5.331556e+00	-8.122725e+00	-8.118897e+00	-3.827715e-03
853           	-4.059798e+00	-5.328982e+00	-8.126264e+00	-8.122930e+00	-3.333428e-03
854           	-4.061754e+00	-5.326412e+00	-8.128203e+00	-8.125856e+00	-2.347327e-03
855           	-4.061832e+00	-5.323847e+00	-8.128385e+00	-8.126024e+00	-2.360977e-03
856           	-4.062139e+00	-5.321287e+00	-8.128843e+00	-8.126561e+00	-2.282450e-03
857           	-4.057728e+00	-5.318731e+00	-8.122979e+00	-8.119218e+00	-3.760988e-03
858           	-4.059787e+00	-5.316179e+00	-8.126269e+00	-8.122922e+00	-3.347090e-03
859           	-4.061808e+00	-5.313633e+00	-8.128290e+00	-8.125953e+00	-2.337139e-03
860           	-4.061862e+00	-5.311091e+00	-8.128448e+00	-8.126086e+00	-2.362435e-03
861           	-4.057303e+00	-5.308553e+00	-8.122398e+00	-8.118502e+00	-3.895920e-03
862           	-4.059908e+00	-5.306019e+00	-8.126401e+00	-8.123109e+00	-3.292136e-03
863           	-4.061711e+00	-5.303491e+00	-8.128160e+00	-8.125790e+00	-2.369176e-03
864           	-4.061798e+00	-5.300967e+00	-8.128341e+00	-8.125969e+00	-2.372158e-03
865           	-4.062131e+00	-5.298448e+00	-8.128824e+00	-8.126543e+00	-2.281544e-03
866           	-4.057697e+00	-5.295933e+00	-8.122924e+00	-8.119159e+00	-3.765111e-03
867           	-4.059858e+00	-5.293422e+00	-8.126350e+00	-8.123033e+00	-3.316689e-03
868           	-4.061780e+00	-5.290916e+00	-8.128247e+00	-8.125903e+00	-2.344062e-03
869           	-4.061868e+00	-5.288415e+00	-8.128441e+00	-8.126089e+00	-2.351891e-03
870           	-4.057276e+00	-5.285917e+00	-8.122343e+00	-8.118448e+00	-3.895331e-03
871           	-4.059988e+00	-5.283424e+00	-8.126489e+00	-8.123233e+00	-3.255959e-03
872           	-4.061720e+00	-5.280936e+00	-8.128165e+00	-8.125802e+00	-2.362639e-03
873           	-4.061812e+00	-5.278452e+00	-8.128349e+00	-8.125986e+00	-2.362686e-03
874           	-4.062142e+00	-5.275973e+00	-8.128831e+00	-8.126558e+00	-2.272934e-03
875           	-4.057727e+00	-5.273498e+00	-8.122953e+00	-8.119203e+00	-3.749842e-03
876           	-4.059904e+00	-5.271026e+00	-8.126398e+00	-8.123103e+00	-3.295153e-03
877           	-4.061783e+00	-5.268560e+00	-8.128248e+00	-8.125907e+00	-2.341083e-03
878           	-4.061886e+00	-5.266099e+00	-8.128457e+00	-8.126114e+00	-2.342932e-03
879           	-4.057317e+00	-5.263640e+00	-8.122389e+00	-8.118511e+00	-3.877752e-03
880           	-4.060050e+00	-5.261186e+00	-8.126562e+00	-8.123331e+00	-3.230399e-03
881           	-4.061751e+00	-5.258738e+00	-8.128205e+00	-8.125853e+00	-2.351144e-03
882           	-4.061844e+00	-5.256293e+00	-8.128389e+00	-8.126038e+00	-2.350452e-03
883           	-4.057240e+00	-5.253852e+00	-8.122257e+00	-8.118368e+00	-3.888239e-03
884           	-4.060043e+00	-5.251415e+00	-8.126557e+00	-8.123322e+00	-3.235197e-03
885           	-4.061615e+00	-5.248984e+00	-8.128031e+00	-8.125631e+00	-2.400315e-03
886           	-4.061778e+00	-5.246556e+00	-8.128291e+00	-8.125924e+00	-2.367512e-03
887           	-4.062124e+00	-5.244133e+00	-8.128794e+00	-8.126521e+00	-2.272885e-03
888           	-4.057654e+00	-5.241713e+00	-8.122850e+00	-8.119079e+00	-3.771358e-03
889           	-4.060028e+00	-5.239297e+00	-8.126531e+00	-8.123294e+00	-3.237253e-03
890           	-4.061828e+00	-5.236887e+00	-8.128295e+00	-8.125975e+00	-2.319801e-03
891           	-4.061922e+00	-5.234480e+00	-8.128491e+00	-8.126167e+00	-2.323763e-03
892           	-4.057421e+00	-5.232077e+00	-8.122501e+00	-8.118671e+00	-3.829257e-03
893           	-4.060086e+00	-5.229678e+00	-8.126612e+00	-8.123392e+00	-3.219744e-03
894           	-4.061713e+00	-5.227284e+00	-8.128163e+00	-8.125795e+00	-2.368017e-03
895           	-4.061842e+00	-5.224894e+00	-8.128386e+00	-8.126036e+00	-2.350830e-03
896           	-4.062183e+00	-5.222509e+00	-8.128878e+00	-8.126621e+00	-2.256365e-03
897           	-4.057808e+00	-5.220126e+00	-8.123059e+00	-8.119337e+00	-3.721315e-03
898           	-4.060064e+00	-5.217748e+00	-8.126575e+00	-8.123351e+00	-3.223749e-03
899           	-4.061888e+00	-5.215375e+00	-8.128372e+00	-8.126074e+00	-2.297985e-03
900           	-4.061984e+00	-5.213005e+00	-8.128572e+00	-8.126270e+00	-2.302115e-03
901           	-4.057566e+00	-5.210639e+00	-8.122690e+00	-8.118911e+00	-3.779224e-03
902           	-4.060148e+00	-5.208277e+00	-8.126686e+00	-8.123491e+00	-3.195430e-03
903           	-4.061792e+00	-5.205920e+00	-8.128262e+00	-8.125923e+00	-2.339332e-03
904           	-4.061903e+00	-5.203567e+00	-8.128466e+00	-8.126136e+00	-2.330296e-03
905           	-4.062233e+00	-5.201218e+00	-8.128943e+00	-8.126705e+00	-2.238765e-03
906           	-4.057917e+00	-5.198872e+00	-8.123200e+00	-8.119517e+00	-3.683316e-03
907           	-4.060106e+00	-5.196530e+00	-8.126623e+00	-8.123417e+00	-3.206154e-03
908           	-4.061930e+00	-5.194193e+00	-8.128424e+00	-8.126142e+00	-2.282370e-03
909           	-4.062026e+00	-5.191859e+00	-8.128626e+00	-8.126339e+00	-2.286862e-03
910           	-4.057666e+00	-5.189529e+00	-8.122820e+00	-8.119077e+00	-3.743690e-03
911           	-4.060201e+00	-5.187203e+00	-8.126750e+00	-8.123576e+00	-3.174040e-03
912           	-4.061846e+00	-5.184882e+00	-8.128331e+00	-8.126012e+00	-2.319721e-03
913           	-4.061948e+00	-5.182565e+00	-8.128525e+00	-8.126210e+00	-2.314884e-03
914           	-4.057441e+00	-5.180250e+00	-8.122526e+00	-8.118704e+00	-3.822563e-03
915           	-4.060237e+00	-5.177940e+00	-8.126772e+00	-8.123623e+00	-3.149111e-03
916           	-4.061775e+00	-5.175635e+00	-8.128223e+00	-8.125887e+00	-2.336341e-03
917           	-4.061928e+00	-5.173333e+00	-8.128474e+00	-8.126165e+00	-2.308464e-03
918           	-4.062263e+00	-5.171035e+00	-8.128965e+00	-8.126746e+00	-2.219379e-03
919           	-4.057987e+00	-5.168740e+00	-8.123266e+00	-8.119620e+00	-3.645729e-03
920           	-4.060176e+00	-5.166449e+00	-8.126716e+00	-8.123535e+00	-3.181921e-03
921           	-4.061925e+00	-5.164163e+00	-8.128426e+00	-8.126139e+00	-2.287733e-03
922           	-4.062023e+00	-5.161880e+00	-8.128625e+00	-8.126335e+00	-2.289627e-03
923           	-4.057618e+00	-5.159601e+00	-8.122766e+00	-8.119001e+00	-3.765112e-03
924           	-4.060268e+00	-5.157325e+00	-8.126815e+00	-8.123676e+00	-3.139169e-03
925           	-4.061865e+00	-5.155054e+00	-8.128346e+00	-8.126038e+00	-2.308305e-03
926           	-4.061977e+00	-5.152787e+00	-8.128552e+00	-8.126253e+00	-2.298953e-03
927           	-4.057550e+00	-5.150522e+00	-8.122646e+00	-8.118873e+00	-3.773506e-03
928           	-4.060285e+00	-5.148262e+00	-8.126842e+00	-8.123706e+00	-3.136415e-03
929           	-4.061772e+00	-5.146006e+00	-8.128232e+00	-8.125888e+00	-2.344002e-03
930           	-4.061929e+00	-5.143754e+00	-8.128485e+00	-8.126171e+00	-2.313798e-03
931           	-4.062260e+00	-5.141506e+00	-8.128968e+00	-8.126745e+00	-2.223764e-03
932           	-4.057978e+00	-5.139260e+00	-8.123266e+00	-8.119611e+00	-3.655366e-03
933           	-4.060246e+00	-5.137018e+00	-8.126790e+00	-8.123640e+00	-3.149263e-03
934           	-4.061961e+00	-5.134781e+00	-8.128467e+00	-8.126194e+00	-2.273057e-03
935           	-4.062066e+00	-5.132547e+00	-8.128676e+00	-8.126404e+00	-2.271458e-03
936           	-4.057765e+00	-5.130316e+00	-8.122942e+00	-8.119236e+00	-3.706035e-03
937           	-4.060326e+00	-5.128090e+00	-8.126899e+00	-8.123775e+00	-3.123217e-03
938           	-4.061884e+00	-5.125867e+00	-8.128382e+00	-8.126075e+00	-2.306914e-03
939           	-4.062004e+00	-5.123648e+00	-8.128594e+00	-8.126301e+00	-2.292864e-03
940           	-4.057573e+00	-5.121432e+00	-8.122690e+00	-8.118918e+00	-3.772377e-03
941           	-4.060371e+00	-5.119220e+00	-8.126931e+00	-8.123837e+00	-3.094630e-03
942           	-4.061842e+00	-5.117012e+00	-8.128310e+00	-8.125997e+00	-2.312757e-03
943           	-4.062001e+00	-5.114808e+00	-8.128564e+00	-8.126283e+00	-2.281703e-03
944           	-4.062332e+00	-5.112607e+00	-8.129051e+00	-8.126857e+00	-2.193487e-03
945           	-4.058154e+00	-5.110409e+00	-8.123477e+00	-8.119892e+00	-3.584658e-03
946           	-4.060307e+00	-5.108215e+00	-8.126870e+00	-8.123742e+00	-3.127936e-03
947           	-4.061998e+00	-5.106025e+00	-8.128519e+00	-8.126257e+00	-2.261412e-03
948           	-4.062101e+00	-5.103839e+00	-8.128723e+00	-8.126462e+00	-2.260630e-03
949           	-4.057800e+00	-5.101655e+00	-8.122998e+00	-8.119300e+00	-3.698671e-03
950           	-4.060406e+00	-5.099475e+00	-8.126978e+00	-8.123896e+00	-3.082710e-03
951           	-4.061954e+00	-5.097300e+00	-8.128460e+00	-8.126184e+00	-2.275843e-03
952           	-4.062070e+00	-5.095127e+00	-8.128668e+00	-8.126404e+00	-2.264537e-03
953           	-4.057759e+00	-5.092958e+00	-8.122914e+00	-8.119215e+00	-3.698234e-03
954           	-4.060427e+00	-5.090792e+00	-8.127011e+00	-8.123933e+00	-3.078085e-03
955           	-4.061874e+00	-5.088631e+00	-8.128359e+00	-8.126053e+00	-2.305930e-03
956           	-4.062030e+00	-5.086472e+00	-8.128610e+00	-8.126334e+00	-2.275168e-03
957           	-4.057579e+00	-5.084317e+00	-8.122680e+00	-8.118919e+00	-3.760605e-03
958           	-4.060486e+00	-5.082165e+00	-8.127064e+00	-8.124018e+00	-3.045827e-03
959           	-4.061873e+00	-5.080018e+00	-8.128347e+00	-8.126047e+00	-2.300500e-03
960           	-4.062034e+00	-5.077873e+00	-8.128602e+00	-8.126335e+00	-2.267116e-03
961           	-4.057630e+00	-5.075732e+00	-8.122722e+00	-8.118991e+00	-3.731222e-03
962           	-4.060482e+00	-5.073594e+00	-8.127070e+00	-8.124017e+00	-3.052729e-03
963           	-4.061831e+00	-5.071460e+00	-8.128302e+00	-8.125982e+00	-2.320326e-03
964           	-4.062007e+00	-5.069329e+00	-8.128573e+00	-8.126294e+00	-2.279455e-03
965           	-4.062339e+00	-5.067203e+00	-8.129057e+00	-8.126867e+00	-2.189165e-03
966           	-4.058157e+00	-5.065078e+00	-8.123482e+00	-8.119898e+00	-3.584084e-03
967           	-4.060424e+00	-5.062957e+00	-8.126996e+00	-8.123922e+00	-3.073420e-03
968           	-4.062045e+00	-5.060841e+00	-8.128570e+00	-8.126330e+00	-2.239747e-03
969           	-4.062162e+00	-5.058727e+00	-8.128789e+00	-8.126556e+00	-2.232546e-03
970           	-4.057973e+00	-5.056616e+00	-8.123201e+00	-8.119573e+00	-3.627052e-03
971           	-4.060502e+00	-5.054509e+00	-8.127102e+00	-8.124053e+00	-3.049377e-03
972           	-4.061984e+00	-5.052406e+00	-8.128506e+00	-8.126237e+00	-2.269106e-03
973           	-4.062111e+00	-5.050305e+00	-8.128725e+00	-8.126473e+00	-2.251799e-03
974           	-4.057807e+00	-5.048208e+00	-8.122987e+00	-8.119301e+00	-3.686165e-03
975           	-4.060546e+00	-5.046114e+00	-8.127138e+00	-8.124115e+00	-3.022938e-03
976           	-4.061953e+00	-5.044024e+00	-8.128450e+00	-8.126178e+00	-2.271830e-03
977           	-4.062112e+00	-5.041937e+00	-8.128704e+00	-8.126464e+00	-2.240065e-03
978           	-4.057804e+00	-5.039853e+00	-8.122950e+00	-8.119279e+00	-3.671574e-03
979           	-4.060576e+00	-5.037772e+00	-8.127183e+00	-8.124168e+00	-3.015371e-03
980           	-4.061920e+00	-5.035696e+00	-8.128417e+00	-8.126129e+00	-2.287904e-03
981           	-4.062082e+00	-5.033622e+00	-8.128671e+00	-8.126418e+00	-2.253274e-03
982           	-4.057696e+00	-5.031551e+00	-8.122823e+00	-8.119108e+00	-3.715087e-03
983           	-4.060596e+00	-5.029483e+00	-8.127192e+00	-8.124192e+00	-3.000013e-03
984           	-4.061917e+00	-5.027420e+00	-8.128402e+00	-8.126118e+00	-2.283914e-03
985           	-4.062093e+00	-5.025359e+00	-8.128674e+00	-8.126430e+00	-2.243649e-03
