# Force coefficients
# liftDir     : (0.000000e+00 0.000000e+00 1.000000e+00)
# dragDir     : (-1.000000e+00 0.000000e+00 0.000000e+00)
# pitchAxis   : (0.000000e+00 1.000000e+00 0.000000e+00)
# magUInf     : 2.797000e-01
# lRef        : 3.350000e-01
# Aref        : 1.120000e-02
# CofR        : (3.350000e-01 0.000000e+00 0.000000e+00)
# Time        	Cm            	Cd            	Cl            	Cl(f)         	Cl(r)         
0             	-3.632131e+00	-2.505531e+00	-1.089421e+01	-9.079237e+00	-1.814976e+00
1             	-4.077946e+00	-2.495008e+00	-8.133301e+00	-8.144597e+00	1.129557e-02
2             	-4.060966e+00	-2.489816e+00	-8.133186e+00	-8.127559e+00	-5.627440e-03
3             	-4.054363e+00	-2.484691e+00	-8.132551e+00	-8.120639e+00	-1.191260e-02
4             	-4.038975e+00	-2.480733e+00	-8.132646e+00	-8.105298e+00	-2.734804e-02
5             	-4.025339e+00	-2.476857e+00	-8.132712e+00	-8.091695e+00	-4.101713e-02
6             	-4.014750e+00	-2.473034e+00	-8.132763e+00	-8.081131e+00	-5.163203e-02
7             	-4.007050e+00	-2.469270e+00	-8.132816e+00	-8.073458e+00	-5.935770e-02
8             	-4.001695e+00	-2.465577e+00	-8.132873e+00	-8.068132e+00	-6.474123e-02
9             	-3.998077e+00	-2.461962e+00	-8.132930e+00	-8.064542e+00	-6.838788e-02
10            	-3.995692e+00	-2.458433e+00	-8.133015e+00	-8.062199e+00	-7.081589e-02
11            	-3.995509e+00	-2.454920e+00	-8.133004e+00	-8.062011e+00	-7.099271e-02
12            	-3.996424e+00	-2.451476e+00	-8.133009e+00	-8.062929e+00	-7.008048e-02
13            	-3.997998e+00	-2.448103e+00	-8.133063e+00	-8.064530e+00	-6.853316e-02
14            	-3.999147e+00	-2.444778e+00	-8.133126e+00	-8.065710e+00	-6.741626e-02
15            	-3.998669e+00	-2.441496e+00	-8.133182e+00	-8.065260e+00	-6.792249e-02
16            	-3.997472e+00	-2.438258e+00	-8.133217e+00	-8.064080e+00	-6.913700e-02
17            	-3.995683e+00	-2.435060e+00	-8.134271e+00	-8.062819e+00	-7.145232e-02
18            	-3.994028e+00	-2.431908e+00	-8.134308e+00	-8.061182e+00	-7.312582e-02
19            	-3.999166e+00	-2.428803e+00	-8.133282e+00	-8.065808e+00	-6.747483e-02
20            	-3.996771e+00	-2.425740e+00	-8.133392e+00	-8.063467e+00	-6.992463e-02
21            	-3.995569e+00	-2.422721e+00	-8.133402e+00	-8.062270e+00	-7.113188e-02
22            	-3.994541e+00	-2.419747e+00	-8.133414e+00	-8.061248e+00	-7.216581e-02
23            	-3.993679e+00	-2.416818e+00	-8.133425e+00	-8.060392e+00	-7.303321e-02
24            	-3.992978e+00	-2.413935e+00	-8.133436e+00	-8.059696e+00	-7.373996e-02
25            	-3.992429e+00	-2.411097e+00	-8.133446e+00	-8.059152e+00	-7.429428e-02
26            	-3.992019e+00	-2.408304e+00	-8.133455e+00	-8.058746e+00	-7.470895e-02
27            	-3.991735e+00	-2.405556e+00	-8.133463e+00	-8.058466e+00	-7.499707e-02
28            	-3.991559e+00	-2.402853e+00	-8.133470e+00	-8.058294e+00	-7.517642e-02
29            	-3.991482e+00	-2.400194e+00	-8.133477e+00	-8.058220e+00	-7.525689e-02
30            	-3.991498e+00	-2.397579e+00	-8.133483e+00	-8.058240e+00	-7.524317e-02
31            	-3.991598e+00	-2.395007e+00	-8.133488e+00	-8.058342e+00	-7.514612e-02
32            	-3.991772e+00	-2.392479e+00	-8.133493e+00	-8.058519e+00	-7.497476e-02
33            	-3.992013e+00	-2.389994e+00	-8.133497e+00	-8.058762e+00	-7.473562e-02
34            	-3.992315e+00	-2.387551e+00	-8.133501e+00	-8.059066e+00	-7.443531e-02
35            	-3.992672e+00	-2.385149e+00	-8.133504e+00	-8.059424e+00	-7.408015e-02
36            	-3.993077e+00	-2.382789e+00	-8.133507e+00	-8.059831e+00	-7.367616e-02
37            	-3.993528e+00	-2.380469e+00	-8.133509e+00	-8.060282e+00	-7.322662e-02
38            	-3.994018e+00	-2.378189e+00	-8.133511e+00	-8.060773e+00	-7.273795e-02
39            	-3.994542e+00	-2.375949e+00	-8.133513e+00	-8.061299e+00	-7.221394e-02
40            	-3.995099e+00	-2.373747e+00	-8.133514e+00	-8.061856e+00	-7.165743e-02
41            	-3.995684e+00	-2.371584e+00	-8.133515e+00	-8.062441e+00	-7.107335e-02
42            	-3.996334e+00	-2.369459e+00	-8.133515e+00	-8.063091e+00	-7.042335e-02
43            	-3.997181e+00	-2.367371e+00	-8.133510e+00	-8.063936e+00	-6.957391e-02
44            	-3.998208e+00	-2.365319e+00	-8.133504e+00	-8.064960e+00	-6.854415e-02
45            	-3.999231e+00	-2.363303e+00	-8.133501e+00	-8.065982e+00	-6.751919e-02
46            	-4.000411e+00	-2.361321e+00	-8.133498e+00	-8.067160e+00	-6.633865e-02
47            	-4.001588e+00	-2.359372e+00	-8.133496e+00	-8.068336e+00	-6.515986e-02
48            	-4.002537e+00	-2.357454e+00	-8.133494e+00	-8.069284e+00	-6.421002e-02
49            	-4.003264e+00	-2.355566e+00	-8.133492e+00	-8.070010e+00	-6.348194e-02
50            	-4.003849e+00	-2.353706e+00	-8.133490e+00	-8.070594e+00	-6.289584e-02
51            	-4.004365e+00	-2.351874e+00	-8.133488e+00	-8.071109e+00	-6.237851e-02
52            	-4.004848e+00	-2.350070e+00	-8.133486e+00	-8.071591e+00	-6.189563e-02
53            	-4.005311e+00	-2.348291e+00	-8.133485e+00	-8.072054e+00	-6.143145e-02
54            	-4.005766e+00	-2.346537e+00	-8.133484e+00	-8.072508e+00	-6.097584e-02
55            	-4.006218e+00	-2.344808e+00	-8.133483e+00	-8.072959e+00	-6.052364e-02
56            	-4.006669e+00	-2.343103e+00	-8.133482e+00	-8.073410e+00	-6.007166e-02
57            	-4.007123e+00	-2.341421e+00	-8.133481e+00	-8.073863e+00	-5.961789e-02
58            	-4.007579e+00	-2.339762e+00	-8.133480e+00	-8.074319e+00	-5.916104e-02
59            	-4.008039e+00	-2.338126e+00	-8.133480e+00	-8.074779e+00	-5.870029e-02
60            	-4.008504e+00	-2.336511e+00	-8.133479e+00	-8.075244e+00	-5.823512e-02
61            	-4.008974e+00	-2.334918e+00	-8.133478e+00	-8.075713e+00	-5.776523e-02
62            	-4.009448e+00	-2.333346e+00	-8.133478e+00	-8.076187e+00	-5.729057e-02
63            	-4.009927e+00	-2.331795e+00	-8.133477e+00	-8.076666e+00	-5.681110e-02
64            	-4.010412e+00	-2.330264e+00	-8.133477e+00	-8.077150e+00	-5.632616e-02
65            	-4.010900e+00	-2.328754e+00	-8.133476e+00	-8.077638e+00	-5.583763e-02
66            	-4.011393e+00	-2.327263e+00	-8.133475e+00	-8.078131e+00	-5.534460e-02
67            	-4.011890e+00	-2.325791e+00	-8.133475e+00	-8.078627e+00	-5.484756e-02
68            	-4.012390e+00	-2.324339e+00	-8.133474e+00	-8.079127e+00	-5.434679e-02
69            	-4.012894e+00	-2.322906e+00	-8.133474e+00	-8.079631e+00	-5.384257e-02
70            	-4.013401e+00	-2.321491e+00	-8.133473e+00	-8.080138e+00	-5.333533e-02
71            	-4.013911e+00	-2.320094e+00	-8.133473e+00	-8.080647e+00	-5.282542e-02
72            	-4.014423e+00	-2.318716e+00	-8.133472e+00	-8.081159e+00	-5.231319e-02
73            	-4.014937e+00	-2.317355e+00	-8.133471e+00	-8.081672e+00	-5.179900e-02
74            	-4.015452e+00	-2.316012e+00	-8.133471e+00	-8.082188e+00	-5.128322e-02
75            	-4.015969e+00	-2.314687e+00	-8.133470e+00	-8.082704e+00	-5.076618e-02
76            	-4.016486e+00	-2.313378e+00	-8.133469e+00	-8.083221e+00	-5.024823e-02
77            	-4.013636e+00	-2.312081e+00	-8.134639e+00	-8.080956e+00	-5.368328e-02
78            	-4.018550e+00	-2.310812e+00	-8.133416e+00	-8.085258e+00	-4.815846e-02
79            	-4.015074e+00	-2.309548e+00	-8.134606e+00	-8.082377e+00	-5.222901e-02
80            	-4.016491e+00	-2.308307e+00	-8.134569e+00	-8.083775e+00	-5.079367e-02
81            	-4.017290e+00	-2.307081e+00	-8.134548e+00	-8.084564e+00	-4.998401e-02
82            	-4.017939e+00	-2.305871e+00	-8.134533e+00	-8.085206e+00	-4.932728e-02
83            	-4.018530e+00	-2.304677e+00	-8.134519e+00	-8.085789e+00	-4.873002e-02
84            	-4.019093e+00	-2.303498e+00	-8.134507e+00	-8.086347e+00	-4.815986e-02
85            	-4.019643e+00	-2.302334e+00	-8.134494e+00	-8.086890e+00	-4.760395e-02
86            	-4.020184e+00	-2.301185e+00	-8.134482e+00	-8.087425e+00	-4.705678e-02
87            	-4.020719e+00	-2.300050e+00	-8.134470e+00	-8.087954e+00	-4.651581e-02
88            	-4.021249e+00	-2.298931e+00	-8.134458e+00	-8.088478e+00	-4.597980e-02
89            	-4.021775e+00	-2.297825e+00	-8.134446e+00	-8.088998e+00	-4.544813e-02
90            	-4.022297e+00	-2.296734e+00	-8.134434e+00	-8.089514e+00	-4.492051e-02
91            	-4.022815e+00	-2.295657e+00	-8.134423e+00	-8.090026e+00	-4.439680e-02
92            	-4.023329e+00	-2.294593e+00	-8.134411e+00	-8.090535e+00	-4.387688e-02
93            	-4.023839e+00	-2.293544e+00	-8.134400e+00	-8.091039e+00	-4.336089e-02
94            	-4.024346e+00	-2.292507e+00	-8.134389e+00	-8.091540e+00	-4.284882e-02
95            	-4.024848e+00	-2.291484e+00	-8.134378e+00	-8.092037e+00	-4.234071e-02
96            	-4.025347e+00	-2.290474e+00	-8.134367e+00	-8.092530e+00	-4.183669e-02
97            	-4.025841e+00	-2.289477e+00	-8.134356e+00	-8.093019e+00	-4.133667e-02
98            	-4.026332e+00	-2.288493e+00	-8.134345e+00	-8.093504e+00	-4.084038e-02
99            	-4.026819e+00	-2.287521e+00	-8.134334e+00	-8.093986e+00	-4.034832e-02
100           	-4.026975e+00	-2.286529e+00	-8.133740e+00	-8.093845e+00	-3.989452e-02
101           	-4.026811e+00	-2.285581e+00	-8.133838e+00	-8.093730e+00	-4.010774e-02
102           	-4.027051e+00	-2.284646e+00	-8.133831e+00	-8.093967e+00	-3.986440e-02
103           	-4.027418e+00	-2.283722e+00	-8.133829e+00	-8.094332e+00	-3.949669e-02
104           	-4.027835e+00	-2.282811e+00	-8.133825e+00	-8.094747e+00	-3.907785e-02
105           	-4.028273e+00	-2.281911e+00	-8.133821e+00	-8.095183e+00	-3.863763e-02
106           	-4.028719e+00	-2.281022e+00	-8.133816e+00	-8.095628e+00	-3.818881e-02
107           	-4.029169e+00	-2.280145e+00	-8.133812e+00	-8.096074e+00	-3.773735e-02
108           	-4.029617e+00	-2.279279e+00	-8.133807e+00	-8.096521e+00	-3.728626e-02
109           	-4.030064e+00	-2.278424e+00	-8.133803e+00	-8.096965e+00	-3.683710e-02
110           	-4.030508e+00	-2.277580e+00	-8.133798e+00	-8.097407e+00	-3.639076e-02
111           	-4.030949e+00	-2.276747e+00	-8.133793e+00	-8.097845e+00	-3.594776e-02
112           	-4.031386e+00	-2.275925e+00	-8.133788e+00	-8.098280e+00	-3.550845e-02
113           	-4.031819e+00	-2.275112e+00	-8.133784e+00	-8.098711e+00	-3.507302e-02
114           	-4.032252e+00	-2.274310e+00	-8.133779e+00	-8.099141e+00	-3.463797e-02
115           	-4.032679e+00	-2.273519e+00	-8.133774e+00	-8.099566e+00	-3.420862e-02
116           	-4.033094e+00	-2.272737e+00	-8.133769e+00	-8.099979e+00	-3.379050e-02
117           	-4.033501e+00	-2.271965e+00	-8.133764e+00	-8.100383e+00	-3.338060e-02
118           	-4.033942e+00	-2.271204e+00	-8.133757e+00	-8.100821e+00	-3.293650e-02
119           	-4.034451e+00	-2.270452e+00	-8.133752e+00	-8.101327e+00	-3.242514e-02
120           	-4.040828e+00	-2.269752e+00	-8.131738e+00	-8.106696e+00	-2.504120e-02
121           	-4.034927e+00	-2.268993e+00	-8.134075e+00	-8.101965e+00	-3.211014e-02
122           	-4.041771e+00	-2.268300e+00	-8.131685e+00	-8.107614e+00	-2.407138e-02
123           	-4.040208e+00	-2.267599e+00	-8.132506e+00	-8.106461e+00	-2.604499e-02
124           	-4.040690e+00	-2.266896e+00	-8.132328e+00	-8.106855e+00	-2.547380e-02
125           	-4.040950e+00	-2.266204e+00	-8.132365e+00	-8.107133e+00	-2.523272e-02
126           	-4.041197e+00	-2.265521e+00	-8.132369e+00	-8.107381e+00	-2.498770e-02
127           	-4.041446e+00	-2.264846e+00	-8.132376e+00	-8.107635e+00	-2.474168e-02
128           	-4.041695e+00	-2.264180e+00	-8.132384e+00	-8.107887e+00	-2.449647e-02
129           	-4.041943e+00	-2.263521e+00	-8.132391e+00	-8.108138e+00	-2.425278e-02
130           	-4.042188e+00	-2.262870e+00	-8.132399e+00	-8.108387e+00	-2.401123e-02
131           	-4.042431e+00	-2.262227e+00	-8.132406e+00	-8.108634e+00	-2.377215e-02
132           	-4.042671e+00	-2.261592e+00	-8.132414e+00	-8.108878e+00	-2.353574e-02
133           	-4.042909e+00	-2.260964e+00	-8.132421e+00	-8.109119e+00	-2.330207e-02
134           	-4.043143e+00	-2.260343e+00	-8.132429e+00	-8.109357e+00	-2.307117e-02
135           	-4.043375e+00	-2.259729e+00	-8.132436e+00	-8.109593e+00	-2.284303e-02
136           	-4.043604e+00	-2.259122e+00	-8.132443e+00	-8.109826e+00	-2.261764e-02
137           	-4.043830e+00	-2.258521e+00	-8.132450e+00	-8.110056e+00	-2.239494e-02
138           	-4.044054e+00	-2.257928e+00	-8.132458e+00	-8.110283e+00	-2.217490e-02
139           	-4.028500e+00	-2.257283e+00	-8.132985e+00	-8.094992e+00	-3.799259e-02
140           	-4.028447e+00	-2.256684e+00	-8.131991e+00	-8.094443e+00	-3.754847e-02
141           	-4.028405e+00	-2.256103e+00	-8.132102e+00	-8.094456e+00	-3.764613e-02
142           	-4.028487e+00	-2.255525e+00	-8.132097e+00	-8.094536e+00	-3.756115e-02
143           	-4.028736e+00	-2.254955e+00	-8.132101e+00	-8.094786e+00	-3.731480e-02
144           	-4.029044e+00	-2.254390e+00	-8.132110e+00	-8.095100e+00	-3.701061e-02
145           	-4.029379e+00	-2.253831e+00	-8.132120e+00	-8.095439e+00	-3.668138e-02
146           	-4.029724e+00	-2.253279e+00	-8.132131e+00	-8.095789e+00	-3.634205e-02
147           	-4.030072e+00	-2.252732e+00	-8.132142e+00	-8.096143e+00	-3.599953e-02
148           	-4.030419e+00	-2.252191e+00	-8.132153e+00	-8.096496e+00	-3.565717e-02
149           	-4.030765e+00	-2.251655e+00	-8.132164e+00	-8.096847e+00	-3.531661e-02
150           	-4.031109e+00	-2.251125e+00	-8.132175e+00	-8.097196e+00	-3.497872e-02
151           	-4.031449e+00	-2.250601e+00	-8.132185e+00	-8.097541e+00	-3.464394e-02
152           	-4.031785e+00	-2.250082e+00	-8.132196e+00	-8.097883e+00	-3.431247e-02
153           	-4.032119e+00	-2.249568e+00	-8.132206e+00	-8.098222e+00	-3.398441e-02
154           	-4.032449e+00	-2.249059e+00	-8.132217e+00	-8.098557e+00	-3.365979e-02
155           	-4.032775e+00	-2.248556e+00	-8.132227e+00	-8.098888e+00	-3.333861e-02
156           	-4.033098e+00	-2.248058e+00	-8.132237e+00	-8.099216e+00	-3.302087e-02
157           	-4.033417e+00	-2.247565e+00	-8.132247e+00	-8.099541e+00	-3.270651e-02
158           	-4.033733e+00	-2.247077e+00	-8.132257e+00	-8.099861e+00	-3.239536e-02
159           	-4.034046e+00	-2.246593e+00	-8.132266e+00	-8.100179e+00	-3.208714e-02
160           	-4.034356e+00	-2.246115e+00	-8.132276e+00	-8.100494e+00	-3.178231e-02
161           	-4.034662e+00	-2.245641e+00	-8.132286e+00	-8.100805e+00	-3.148079e-02
162           	-4.034965e+00	-2.245172e+00	-8.132296e+00	-8.101113e+00	-3.118240e-02
163           	-4.035266e+00	-2.244708e+00	-8.132305e+00	-8.101418e+00	-3.088708e-02
164           	-4.035562e+00	-2.244248e+00	-8.132315e+00	-8.101720e+00	-3.059481e-02
165           	-4.035856e+00	-2.243793e+00	-8.132324e+00	-8.102018e+00	-3.030554e-02
166           	-4.036147e+00	-2.243343e+00	-8.132333e+00	-8.102314e+00	-3.001922e-02
167           	-4.036435e+00	-2.242897e+00	-8.132342e+00	-8.102606e+00	-2.973584e-02
168           	-4.036720e+00	-2.242455e+00	-8.132351e+00	-8.102896e+00	-2.945536e-02
169           	-4.037002e+00	-2.242017e+00	-8.132360e+00	-8.103183e+00	-2.917774e-02
170           	-4.037282e+00	-2.241584e+00	-8.132369e+00	-8.103466e+00	-2.890293e-02
171           	-4.037558e+00	-2.241156e+00	-8.132378e+00	-8.103747e+00	-2.863092e-02
172           	-4.037832e+00	-2.240731e+00	-8.132387e+00	-8.104025e+00	-2.836167e-02
173           	-4.038103e+00	-2.240310e+00	-8.132396e+00	-8.104300e+00	-2.809515e-02
174           	-4.038371e+00	-2.239894e+00	-8.132404e+00	-8.104573e+00	-2.783133e-02
175           	-4.038636e+00	-2.239482e+00	-8.132413e+00	-8.104843e+00	-2.757017e-02
176           	-4.038899e+00	-2.239073e+00	-8.132421e+00	-8.105109e+00	-2.731165e-02
177           	-4.039159e+00	-2.238669e+00	-8.132429e+00	-8.105374e+00	-2.705575e-02
178           	-4.039416e+00	-2.238269e+00	-8.132438e+00	-8.105635e+00	-2.680245e-02
179           	-4.039671e+00	-2.237872e+00	-8.132446e+00	-8.105894e+00	-2.655171e-02
180           	-4.039924e+00	-2.237479e+00	-8.132454e+00	-8.106151e+00	-2.630350e-02
181           	-4.040173e+00	-2.237090e+00	-8.132462e+00	-8.106404e+00	-2.605779e-02
182           	-4.040421e+00	-2.236705e+00	-8.132470e+00	-8.106656e+00	-2.581456e-02
183           	-4.040665e+00	-2.236324e+00	-8.132478e+00	-8.106904e+00	-2.557378e-02
184           	-4.040908e+00	-2.235946e+00	-8.132486e+00	-8.107151e+00	-2.533543e-02
185           	-4.041147e+00	-2.235572e+00	-8.132494e+00	-8.107394e+00	-2.509947e-02
186           	-4.041385e+00	-2.235201e+00	-8.132502e+00	-8.107636e+00	-2.486588e-02
187           	-4.041620e+00	-2.234834e+00	-8.132509e+00	-8.107875e+00	-2.463465e-02
188           	-4.069196e+00	-2.234582e+00	-8.132862e+00	-8.135627e+00	2.764764e-03
189           	-4.047730e+00	-2.234105e+00	-8.132714e+00	-8.114087e+00	-1.862691e-02
190           	-4.068242e+00	-2.233878e+00	-8.133162e+00	-8.134823e+00	1.661365e-03
191           	-4.048500e+00	-2.233412e+00	-8.132589e+00	-8.114795e+00	-1.779386e-02
192           	-4.068021e+00	-2.233188e+00	-8.133269e+00	-8.134655e+00	1.386080e-03
193           	-4.048825e+00	-2.232730e+00	-8.132543e+00	-8.115097e+00	-1.744653e-02
194           	-4.067941e+00	-2.232511e+00	-8.133307e+00	-8.134595e+00	1.287898e-03
195           	-4.049109e+00	-2.232061e+00	-8.132538e+00	-8.115378e+00	-1.716004e-02
196           	-4.067895e+00	-2.231846e+00	-8.133318e+00	-8.134554e+00	1.236435e-03
197           	-4.051029e+00	-2.231487e+00	-8.133530e+00	-8.117794e+00	-1.573616e-02
