# Wall shear stress
# Time        	patch         	min           	max           
0.000000e+00	lowerWall	(-2.466298e-01 0.000000e+00 0.000000e+00)	(-2.466298e-01 0.000000e+00 0.000000e+00)
1.000000e+01	lowerWall	(-1.640847e-01 0.000000e+00 -2.084953e-03)	(-1.280073e-01 0.000000e+00 2.084992e-03)
2.000000e+01	lowerWall	(-1.371747e-01 0.000000e+00 -1.201548e-03)	(-1.111046e-01 0.000000e+00 1.201643e-03)
3.000000e+01	lowerWall	(-1.230724e-01 0.000000e+00 -7.710887e-04)	(-1.046142e-01 0.000000e+00 7.711422e-04)
4.000000e+01	lowerWall	(-1.147288e-01 0.000000e+00 -5.745778e-04)	(-1.010269e-01 0.000000e+00 5.738095e-04)
5.000000e+01	lowerWall	(-1.092096e-01 0.000000e+00 -4.551563e-04)	(-9.863047e-02 0.000000e+00 4.548048e-04)
6.000000e+01	lowerWall	(-1.052068e-01 0.000000e+00 -3.708772e-04)	(-9.692991e-02 0.000000e+00 3.706286e-04)
7.000000e+01	lowerWall	(-1.022013e-01 0.000000e+00 -3.069755e-04)	(-9.563622e-02 0.000000e+00 3.062537e-04)
8.000000e+01	lowerWall	(-9.973983e-02 0.000000e+00 -2.546665e-04)	(-9.454919e-02 0.000000e+00 2.545605e-04)
9.000000e+01	lowerWall	(-9.784898e-02 0.000000e+00 -2.143088e-04)	(-9.369794e-02 0.000000e+00 2.136570e-04)
9.600000e+01	lowerWall	(-9.687843e-02 0.000000e+00 -1.964978e-04)	(-9.329959e-02 0.000000e+00 1.964823e-04)
