# Wall shear stress
# Time        	patch         	min           	max           
0.000000e+00	lowerWall	(-1.615899e-01 0.000000e+00 0.000000e+00)	(-1.615899e-01 0.000000e+00 0.000000e+00)
1.000000e+01	lowerWall	(-1.225020e-01 0.000000e+00 -1.400263e-03)	(-1.180245e-01 0.000000e+00 1.400241e-03)
2.000000e+01	lowerWall	(-1.078703e-01 0.000000e+00 -8.748232e-04)	(-1.049763e-01 0.000000e+00 8.750110e-04)
3.000000e+01	lowerWall	(-1.010311e-01 0.000000e+00 -5.914179e-04)	(-9.926872e-02 0.000000e+00 5.915945e-04)
4.000000e+01	lowerWall	(-9.709557e-02 0.000000e+00 -4.133614e-04)	(-9.600966e-02 0.000000e+00 4.137589e-04)
5.000000e+01	lowerWall	(-9.449739e-02 0.000000e+00 -2.939673e-04)	(-9.382184e-02 0.000000e+00 2.940774e-04)
6.000000e+01	lowerWall	(-9.269074e-02 0.000000e+00 -1.907792e-04)	(-9.228029e-02 0.000000e+00 1.908599e-04)
7.000000e+01	lowerWall	(-9.137724e-02 0.000000e+00 -1.419828e-04)	(-9.108393e-02 0.000000e+00 1.423709e-04)
8.000000e+01	lowerWall	(-9.044510e-02 0.000000e+00 -1.072575e-04)	(-9.014750e-02 0.000000e+00 1.076427e-04)
9.000000e+01	lowerWall	(-8.973377e-02 0.000000e+00 -1.170824e-04)	(-8.939312e-02 0.000000e+00 1.168039e-04)
1.000000e+02	lowerWall	(-8.915620e-02 0.000000e+00 -1.475873e-04)	(-8.876528e-02 0.000000e+00 1.473148e-04)
1.100000e+02	lowerWall	(-8.866641e-02 0.000000e+00 -1.632545e-04)	(-8.824445e-02 0.000000e+00 1.629943e-04)
1.200000e+02	lowerWall	(-8.824115e-02 0.000000e+00 -1.711135e-04)	(-8.778763e-02 0.000000e+00 1.708650e-04)
1.300000e+02	lowerWall	(-8.786796e-02 0.000000e+00 -1.753730e-04)	(-8.739607e-02 0.000000e+00 1.751369e-04)
1.400000e+02	lowerWall	(-8.753844e-02 0.000000e+00 -1.778302e-04)	(-8.705743e-02 0.000000e+00 1.776054e-04)
1.500000e+02	lowerWall	(-8.724607e-02 0.000000e+00 -1.792445e-04)	(-8.676280e-02 0.000000e+00 1.790298e-04)
1.600000e+02	lowerWall	(-8.698550e-02 0.000000e+00 -1.804638e-04)	(-8.650568e-02 0.000000e+00 1.802577e-04)
1.700000e+02	lowerWall	(-8.675220e-02 0.000000e+00 -1.829989e-04)	(-8.628143e-02 0.000000e+00 1.828046e-04)
1.800000e+02	lowerWall	(-8.654234e-02 0.000000e+00 -1.842704e-04)	(-8.608520e-02 0.000000e+00 1.840939e-04)
1.900000e+02	lowerWall	(-8.635384e-02 0.000000e+00 -1.834101e-04)	(-8.591024e-02 0.000000e+00 1.832492e-04)
2.000000e+02	lowerWall	(-8.618313e-02 0.000000e+00 -1.811011e-04)	(-8.575155e-02 0.000000e+00 1.809526e-04)
2.060000e+02	lowerWall	(-8.608463e-02 0.000000e+00 -1.805901e-04)	(-8.567373e-02 0.000000e+00 1.804462e-04)
